9520
228
2128
2048
8148
2404
4551
5936
4114
9396
2249
1415
1183
3158
9906
4436
7039
9481
886
5196
1175
1090
1929
782
103
2562
8100
6560
8552
4243
6184
6000
1298
4667
1462
498
4825
3602
9513
7249
2036
7203
8239
5646
8869
2494
2499
4651
4102
9607
8270
1533
810
5983
674
8429
8299
1346
1944
5585
4304
7990
7384
9870
3212
6248
116
6516
1696
9407
9611
3436
9967
3637
3160
3971
2851
6282
1912
7609
62
3448
2458
8944
5973
4650
5190
5315
3992
3032
2198
3478
1658
3927
2945
4045
9819
8368
2434
2620
2377
5983
2955
4694
9996
4833
1565
7173
2823
6702
5578
2017
9433
4335
5522
855
5532
8439
3897
8561
1058
4801
2523
8663
7208
6132
1778
6040
691
9114
4152
4482
3848
9292
5231
4079
492
7763
8948
1139
3084
8017
2492
7289
7454
181
4044
7323
8404
2089
8513
1380
4471
3873
1562
7576
3459
4292
7486
3864
3055
5525
6481
3708
2550
1095
8168
141
9103
1443
362
7769
9491
2757
5476
3040
2308
5233
1208
7026
2087
4455
7635
8601
601
2772
11
9975
7729
7654
619
6200
276
5084
8084
7559
1535
8783
4739
6358
2012
3903
8219
6961
1726
743
1889
1713
8396
8522
5267
8225
3083
459
1777
8600
7890
7879
3107
9778
1084
8193
2412
1448
824
4162
7492
4407
4673
7917
1504
3524
494
4849
5013
8184
6235
674
6874
9857
883
8297
1578
9207
2387
2393
3116
9817
3307
9483
9669
3656
5676
4960
5274
3819
1490
6770
6137
7564
3251
7481
7039
479
7017
1742
7731
8233
5445
3592
2364
7215
1005
3250
8894
2786
6614
3205
9061
8430
1045
7675
1100
5190
8247
7848
7848
5533
9575
1194
6693
9465
4537
9310
6605
3401
1258
1099
2189
644
4662
4883
4371
9714
7119
2453
2651
2426
6065
2487
7204
8285
7708
7706
6518
5576
6381
1849
2231
9168
3894
2197
8658
4250
6899
2899
2678
1694
6644
5493
1528
5515
1015
8417
3768
6162
3303
1385
8071
5794
5197
5422
9467
7087
3990
8408
1756
6830
2792
1029
7019
9409
8867
3020
6750
2464
6225
121
2815
4219
9775
956
5781
572
959
1688
7269
9291
3937
355
2272
4996
3778
6437
3971
8471
2729
1570
260
8490
1143
5847
8902
5614
8474
2118
6648
7994
1667
1304
9937
3182
8570
3851
6018
4241
9641
8895
6127
2301
1138
2465
2893
2436
8756
2023
5631
2429
9049
8278
9734
4654
9860
4324
3076
3927
2053
166
2098
8841
5040
9274
7623
2633
417
9090
6425
9926
418
9730
8830
3834
5442
7959
7351
8677
2954
6465
6857
6450
6487
4219
8945
3388
1569
5283
3321
4246
775
2091
2187
9474
6797
7286
7261
1864
4841
260
2018
9665
5598
5704
2010
9319
9448
5900
9211
1901
6972
4398
973
5587
3308
5647
2353
820
329
4234
1063
5134
5769
2178
9151
8327
7543
9356
7036
8156
697
5487
3836
2694
4447
7192
852
782
2208
9626
3940
5668
6071
1419
7273
6376
1117
6599
6165
1150
4932
6440
1534
607
9196
6884
3896
3419
6553
3682
1775
91
8863
1055
1204
1485
562
8279
1140
6116
4794
1571
8612
703
293
5394
9063
4349
4905
2774
7209
943
3190
5886
3223
4256
3953
3229
3498
7562
3295
7433
4229
8525
7850
3848
6805
5016
215
5788
5814
2838
5458
48
6355
3361
7828
831
313
3801
7821
9546
8513
3778
6473
832
6900
2976
7831
6947
7531
7332
4781
3578
2820
7360
7341
86
2852
6444
8589
4046
4133
9116
6960
4371
5485
3142
9530
9862
6428
3121
2916
9696
9741
3748
8919
451
2052
7018
6947
3828
7184
3268
8256
8481
8057
1880
7227
8995
6019
7742
7978
3868
5211
3774
5413
9397
6817
2102
5346
3758
3445
7968
519
4410
4416
5084
3836
9072
8440
6890
8033
5834
9496
4760
6862
864
859
8479
6314
3605
5914
535
3843
8685
5142
9047
4485
5967
8335
9522
3633
9950
1671
3189
383
9216
2749
3846
4064
2972
8044
8155
554
9128
9708
2144
4371
451
6912
4548
8537
8338
5787
1741
7843
2910
4124
1833
9267
5368
599
7868
736
8917
3257
8083
4162
6307
4377
7645
8115
7013
4414
3341
5560
7759
9980
4715
8977
2997
4676
4034
9055
3787
985
5294
4162
9930
5345
7473
5091
916
4578
8695
2373
175
7419
1637
5870
1625
7982
8063
6073
9266
6432
1523
3924
2446
6180
84
2929
9409
2856
6270
692
6564
8813
6948
7932
7962
3920
4232
961
6904
2554
7198
2435
5718
967
5385
340
8343
8844
7351
5015
6612
7960
9788
7354
9462
1370
1715
3749
5261
4543
5682
8060
8307
8003
5808
1362
470
3704
7907
7704
3750
7102
9169
6712
9234
9087
8205
1479
794
9743
4585
564
5504
1254
4079
8604
9024
9594
8470
6592
2204
482
5699
2360
6871
9138
4127
7714
5158
4023
9869
4638
936
9646
1265
9510
8790
3076
8120
374
3164
236
2954
5517
9957
5117
2555
7053
3923
7204
2337
875
5234
1315
5500
3267
1402
6809
9840
95
4960
490
6320
6771
9873
9946
9627
5858
9989
4569
9813
5948
1473
8095
3427
1967
7527
181
2402
1754
6582
7074
3791
7953
1685
8994
9404
9621
4146
7997
8107
1981
3235
8024
5414
2673
3916
6183
5643
10
5489
6697
7063
9353
7390
6389
9402
7139
7887
3532
5740
1220
4406
8086
3512
7885
6699
8366
5086
879
542
6
1711
1992
6462
7832
2712
3448
2681
753
8051
1344
4538
2391
6264
9885
10
4437
563
5296
9591
2265
1733
613
2256
6886
7574
5149
4512
7528
5974
5549
1097
4763
9468
5483
4985
5071
2891
9558
3677
5953
4457
7133
5481
4396
6682
2014
1821
3627
7874
2262
7803
9789
1287
8277
8272
1098
9735
9576
257
7563
8936
5152
4779
2501
246
9774
2923
780
4899
4939
1546
1004
1619
3638
7807
4599
5132
7860
203
5559
3327
884
9653
3711
7746
1307
3475
1190
7211
3887
5336
3315
9300
6113
7016
9305
2353
2979
4149
6908
9091
1040
8728
2935
715
6798
8170
7649
470
3672
5965
1875
9372
4697
4235
8051
5498
1068
4755
8939
6298
1733
3569
1011
9603
8230
1703
5505
6622
8502
2245
2153
3710
3295
6468
2287
2156
6718
2995
947
3136
5826
719
3538
7921
3460
3942
4603
1878
8964
3806
1285
8223
5210
610
7357
7471
7716
3332
2485
5094
2665
1026
1968
1426
3812
8164
6077
8229
1948
5895
8780
8072
3807
5803
471
1013
31
3090
6142
4288
7100
3626
7658
4695
960
3929
8500
2685
9110
4815
4440
3385
510
5852
470
4800
8751
2111
4109
5296
7865
6373
9930
3068
5025
3213
4416
9406
138
6343
7440
4626
7190
8196
7993
9039
3368
7272
466
9882
9664
3392
9118
7132
1455
5394
7561
7954
5332
5671
2262
7919
8980
846
6422
727
3695
4589
9669
7746
9513
9093
2546
2766
7375
9814
6195
2313
7859
1430
1431
1478
1644
4227
5631
4473
7255
2798
1613
9631
5651
6461
4074
4467
4080
9520
5645
6343
1774
7266
5343
8779
7603
2720
369
571
845
6351
9756
1640
9198
5247
95
3901
4239
784
6274
4753
5214
1948
3471
897
2975
38
2094
3052
5019
8079
8686
7855
4168
9851
539
592
6086
2652
3875
8924
3857
5060
3627
903
3041
9973
432
404
6365
172
227
3296
3245
892
1129
9826
3794
4446
5804
7564
625
7317
5552
2766
7665
1901
7472
9347
4708
9503
7814
1587
6909
7350
895
154
8320
2568
7856
3002
9606
1690
6686
4846
7851
5389
4609
3275
8722
712
6797
1640
6847
6310
8299
6540
9508
861
3238
1139
2500
1085
5695
6862
2357
8639
6386
5895
9997
974
1505
1226
6590
2802
7958
8934
630
705
4915
2275
7292
4196
624
3995
2705
6174
4740
599
9051
4354
646
7459
9329
6716
501
8520
5995
9823
2489
9211
9003
8713
3278
7748
9207
5570
5050
4045
8351
9364
5909
8802
5946
962
3847
8303
461
1699
4156
6182
3899
5787
6844
5642
328
4046
1897
9873
2301
9437
2938
807
8215
5703
3272
8578
918
2875
4788
7135
1123
695
2247
9686
8445
1843
1513
8366
2869
2197
8059
4296
5667
6306
5311
3216
1869
7636
7419
5160
3673
5177
1744
8914
6425
5102
586
242
7690
5268
7385
7585
6910
7021
5059
3204
3539
7157
7197
8484
2533
3530
7003
103
1377
8642
5139
1909
391
55
6708
3281
5455
9627
3461
5946
8950
3332
3260
3342
1256
1270
675
7601
4811
474
7385
8646
1247
2107
9676
4711
439
8935
2627
142
8173
1640
7536
7782
9962
8677
9851
7634
8559
4104
2129
7282
3559
9112
4253
206
3896
3854
7228
1263
2854
9402
5291
903
1257
6493
661
8284
379
1996
2842
6520
7000
3318
7773
7310
5795
5477
3379
2579
1419
3041
9041
707
8345
102
5086
2135
7853
9469
815
6584
1707
1364
7288
8770
6348
6633
6525
3469
8016
1566
7255
6562
1262
5608
282
240
1338
6943
4410
8419
474
4649
9843
9813
361
4584
2557
1154
1406
8526
431
909
1181
6257
4813
5636
6030
9003
961
9162
8952
9910
4562
9852
5785
2479
9445
2736
9820
4846
796
909
5058
2396
6110
7058
1520
7475
8409
1764
4076
5371
2062
9489
1135
6346
5380
5005
795
4645
4210
2335
5982
5248
9466
564
86
9991
4027
7882
5139
9821
1333
6560
7730
9521
5850
8785
147
7755
4116
8555
594
9196
5085
3581
7847
5073
8716
9439
7098
4440
1941
5175
635
8460
4927
9810
2929
5545
6972
1528
3447
527
6625
4255
4037
5501
1759
1614
495
6594
4857
3039
528
5655
1741
6785
162
5885
2717
5012
1274
4588
783
699
7879
6158
5925
9269
4593
6040
5856
4602
783
2587
5108
67
2571
830
9544
2345
3314
7102
8943
503
9582
8901
4646
4980
6719
8142
9647
7043
2827
1959
254
8858
9743
5926
6375
7878
9576
2489
7020
4455
738
255
2256
7941
547
1674
4213
9331
6341
371
1697
4172
5644
280
1116
8977
1512
944
2550
6451
6392
8812
1774
8823
2333
6249
323
6645
4455
1665
2769
825
81
4488
9765
9326
6645
6704
4433
5044
3928
315
702
2455
261
6082
3213
9462
4809
7398
6366
8631
9938
569
8062
1925
8481
3432
5608
4297
1350
7568
4876
4675
7602
872
4090
1156
515
1790
2332
4807
6511
7506
2522
6077
8110
9318
8561
6250
3035
860
1835
7057
5299
4137
886
9511
6426
7839
844
3212
1096
135
3693
6359
5438
6026
4853
9389
1991
2056
8947
3019
5065
1558
2120
2432
8046
1984
3814
9163
4871
9357
1261
489
5733
7819
9376
3465
9985
4578
4730
2675
945
9119
3710
6375
3812
6163
638
2084
4465
9172
4259
978
1913
8816
1991
3740
2016
8454
1465
4441
4025
1681
8341
1739
8874
3203
626
7619
6649
1387
9403
7412
7326
6272
2073
5946
7848
5745
8619
1883
1346
1729
4698
5699
5097
282
8576
6916
5827
5636
1449
1530
3113
289
8650
9263
778
1971
7501
608
5537
3018
5435
3077
9768
6846
3652
5640
6742
6045
5892
6270
9834
9581
3095
2295
6983
2642
6641
8591
4627
3709
1791
1013
9938
7873
4299
7037
7621
2809
5167
5877
8244
8011
6346
8327
6294
1620
5930
8251
6630
2935
173
9782
9744
5178
1696
3531
7194
6355
2280
8136
5329
8909
5981
1827
1227
4421
3139
1895
2547
6615
8019
3933
877
14
8026
1823
3235
4767
6000
5363
6711
8390
1961
1691
3535
2009
1269
4759
6177
767
9843
1266
529
7031
547
9334
2030
4518
7100
1872
8481
4035
5703
14
4916
6240
8904
9729
7152
9872
295
2426
354
6917
1424
6938
6948
4289
8291
9218
3152
8380
5718
1780
6772
6752
3403
3846
9467
8691
9792
8717
7667
4127
6882
2676
2686
1946
6775
7295
3104
1539
7606
6304
471
7416
911
3612
5606
3609
2386
7740
6226
7881
8720
101
8317
3923
3242
8163
2836
5058
262
8461
80
1578
4758
6227
35
8748
4251
5002
7514
996
6113
1612
773
9414
1308
9355
5841
9791
8239
5858
6304
2051
2490
9785
5407
6781
4358
8763
8703
8611
4458
8045
1277
9144
6224
8892
2657
4684
3577
6857
9357
7384
226
5230
1767
7107
9327
8903
2614
3887
2322
3044
6818
4404
2157
8028
9088
4972
820
3254
4389
5488
6298
8903
6537
8068
335
1628
3189
2416
6697
1156
6214
1381
6500
8920
1825
7260
8017
8299
7453
5455
6149
4816
6288
1414
1226
6873
6987
8196
9804
7684
3864
323
2468
3868
1085
1323
8692
3699
6771
7698
5713
198
7189
1165
6830
5436
7903
3236
6202
1827
6955
2520
5800
8933
9339
1482
2614
5123
6842
3462
4640
4993
2612
9012
7292
5891
8913
2632
7834
502
8567
4318
1527
9754
9742
5951
7626
5123
4583
5789
8969
3750
1993
7976
729
1344
4522
3534
4529
9603
8709
3568
6857
3309
3057
719
7585
8176
3872
938
6523
5271
5402
5700
3260
2636
992
6045
9191
3388
3855
7490
539
1052
4492
889
3000
4635
8282
5948
1368
5379
8102
8230
1793
4999
7461
8218
6696
9023
8365
9450
1250
3645
9266
3698
8348
6292
4716
8093
351
8477
4342
1141
5748
1218
3028
5804
8817
2168
7719
2950
9893
7924
9569
1143
7168
7172
3907
8260
5175
2774
9348
168
5022
4405
6239
6894
1786
793
2541
6707
9919
189
5596
2891
1036
6961
2481
574
1970
1656
9400
4528
1304
5414
9556
3326
4075
8123
6530
1175
2385
6455
2917
7577
9128
4174
6118
1343
4978
6134
4018
8024
9626
1011
3030
9704
2327
6677
106
207
4690
3332
6290
3518
3373
4819
8863
9607
4849
2913
2818
3663
4263
1365
4322
3463
7271
8019
3763
6861
842
1138
5595
5835
7638
1376
4902
292
2383
9851
999
7397
8016
6322
6484
9052
164
9398
4203
4308
5310
6510
6494
2065
3316
355
3761
8260
6689
9567
2432
4307
2914
3244
9365
3552
7737
454
5880
1997
9917
8571
7224
4997
1913
5420
5646
7940
4880
5269
3299
7872
3815
9454
1550
4331
4643
3530
2519
7283
7615
6641
3603
2816
7419
6691
4483
4772
6957
2932
1315
9709
3518
2206
4391
6739
9286
1496
151
7895
4708
5820
3379
1419
6267
4559
492
3459
1693
5033
8908
4206
7935
8597
4382
3275
4967
4407
7578
5221
937
874
983
1948
3954
3589
4354
1609
5063
4811
5044
3147
3378
4624
2574
1794
3261
2184
6549
2859
6199
1023
3078
1923
4023
7108
1774
4921
7823
1115
1772
4879
3918
4930
6958
3834
4837
1430
7464
2678
205
8883
8396
6882
9989
5761
827
3311
6022
2587
14
2782
7858
4719
9021
9913
7795
9059
7925
6845
1814
9432
3785
3948
3038
164
9228
8448
7665
8740
6956
1831
4720
3870
2653
7316
2627
6196
1934
8261
6280
8463
8898
5235
1100
8989
7021
9199
5908
7045
6038
5778
3505
618
863
772
5097
4447
3843
9824
6532
2379
5645
7281
5630
8183
8062
3987
2065
1705
7286
1599
7125
9663
565
3351
534
8549
2847
4049
3143
29
2540
620
2702
1178
8325
4102
3007
1881
2218
8179
2352
2110
1729
3901
2817
1617
9604
2917
927
3034
7133
4202
9758
4438
8653
3842
53
7511
238
6548
1599
9794
6680
6503
9839
5025
4579
4452
9857
3960
980
183
9486
9106
9247
5014
7934
6663
534
8916
8944
9929
3121
109
2895
8337
861
8264
2525
4483
4048
5495
1643
5670
6579
2557
5429
5225
4061
7791
7037
5152
3060
6967
2054
6950
4716
652
5190
3638
5907
3389
6976
1321
7603
1670
6673
6571
3607
1501
4163
6315
1926
5374
9911
5484
8540
3816
2526
6689
9585
2708
2601
2743
1878
3791
6869
6154
8055
5945
3621
209
3073
8887
8575
659
8518
321
8066
4909
5884
8857
1618
2560
3627
722
3226
7686
7055
6569
8409
899
8125
8501
4052
3199
787
4233
9442
3812
4800
519
8516
7662
7880
3954
3241
3038
6798
9251
6965
8219
5749
7617
804
728
1090
41
9115
1156
565
9183
9098
1485
7535
2721
2083
4571
4835
5376
9872
4285
878
4254
108
5365
340
3955
4679
9672
7480
188
887
7804
9604
190
5149
508
7696
3324
2108
745
5118
8286
3246
5617
1420
7031
126
5158
1871
8670
8203
1421
9379
2680
7340
1495
7508
5439
387
7134
5362
9442
3675
377
8295
1294
1881
7345
7571
1574
6875
1510
3268
9126
9167
2592
1007
4491
3944
3309
3829
9520
7801
8810
1984
9466
8424
6923
2850
3654
3000
2257
2937
4973
5382
5675
4610
2869
7322
126
5149
2780
7587
296
1794
6692
8153
252
3512
4747
487
3017
1494
7078
3304
5841
1641
4864
8392
8829
2869
4957
4495
3916
8574
4618
8573
8294
3743
3491
7981
8137
7168
3817
8159
1048
1933
7504
7016
5291
1312
8171
3411
8102
3167
9982
762
5858
1668
9541
4034
9746
4477
8492
7257
192
8285
3670
1721
7176
8119
9859
6509
21
6766
2349
5848
7676
8918
2256
3908
4136
7848
3101
7516
4698
1546
6392
749
8592
3855
2714
6625
4202
9457
8235
3660
8676
6560
7967
2763
8263
5782
9839
7172
1453
1662
3389
1336
817
4133
3085
6940
9412
5632
9897
1897
1376
975
2558
8645
1892
2920
3129
3320
5404
3233
2306
563
8530
8688
7172
1115
951
9493
5645
8354
8008
5929
6063
3035
8156
5056
9932
4458
770
5774
7212
8570
9560
6338
2284
7700
4001
9321
870
5342
2652
6519
1767
8219
9356
2825
2805
2128
6961
1969
5988
9919
9987
1542
3888
5447
4912
9522
489
6836
2987
8671
2550
9630
6021
3735
1003
2192
6404
9471
7114
1630
8622
302
5701
1489
4161
7843
3679
5330
2250
7803
7496
8800
9785
7293
8583
8017
2449
6837
2788
4478
8831
4034
2354
3981
3969
2136
2198
5620
1822
613
5724
7489
4855
4358
1296
9684
5841
2399
1285
7068
5843
5158
4585
5183
1174
3749
9845
8728
5152
2986
9742
9566
6683
2635
2798
4588
7947
1720
7519
2025
5645
8059
3508
1637
2079
6
3944
5426
5996
8898
2175
50
5552
5719
8635
3673
9448
7170
2806
220
2291
3470
467
8835
870
6157
806
2220
1560
6708
1736
4121
4880
9259
1423
7783
1649
2947
3104
1167
9805
4418
2731
6254
810
9692
4013
964
3999
9124
5140
777
8913
7299
9733
2174
7592
4673
767
5922
9200
1724
3866
9288
7162
8054
5170
6292
4296
852
2024
6501
4066
1638
415
7872
738
4213
8025
1178
2143
9841
8220
2435
1568
959
5207
7580
9525
9248
191
6976
2179
7182
1966
8080
551
3443
9091
2755
4521
7721
6668
3147
7100
8638
6710
7274
6884
1861
1436
3379
6648
9589
3778
9359
3504
1430
7719
6203
2846
7589
6766
5047
661
5048
4321
6884
9671
2334
7321
7294
5121
5269
6656
4422
3173
5072
5335
2929
4248
7933
696
7664
7812
6812
327
2590
3403
2607
4576
9121
5723
2888
9908
6932
954
1620
2486
2051
4317
9826
7602
4549
4540
4141
8257
1378
2933
9356
6185
8431
6095
4790
1954
4913
6893
9102
7234
3849
4720
1731
3480
7064
7758
8199
1570
2233
5360
9724
3468
1552
2586
3283
8612
4422
330
6146
3124
3671
8554
8949
9657
4047
6422
6144
3026
933
934
4995
39
1852
4385
8637
7331
2585
6345
538
6791
6340
2570
6024
6018
3208
5888
4633
5845
2811
6178
7531
4582
746
5977
3563
5294
5771
2074
9433
642
1613
5173
637
1299
364
9685
1615
7166
3949
5951
6026
8077
9792
9355
6784
1100
2530
2930
6448
8159
1788
299
214
4754
3402
413
9292
5875
822
3342
1560
511
6911
9896
5178
1166
1932
4725
5653
3523
4272
7466
1895
6859
152
9454
4789
1390
9192
2462
2764
2840
5626
1273
8853
1313
4959
5882
7896
9951
392
5740
6344
606
4391
5514
1165
9896
4177
5617
9167
7805
7276
2924
3887
4322
8403
3354
4602
3947
5623
7902
6682
8359
578
8719
4885
5637
1042
3864
6207
6049
6828
5702
3131
8531
1122
1289
2468
4637
8288
4893
7213
3574
3294
4958
5564
2701
7386
4531
2909
1604
1280
3949
4328
2490
9057
7985
27
5671
628
5527
8853
312
9410
3118
976
1573
9793
5355
3199
7114
886
9964
5658
730
688
3107
5064
5619
3155
2183
8251
6511
954
4603
4769
2878
1374
640
9473
3137
1261
6796
4009
2761
6039
6900
4164
176
3981
3990
2908
2031
1331
5795
717
1316
8290
3598
1801
5950
2920
4407
2515
8444
7276
2342
9358
4806
8348
8097
199
9152
5881
62
5852
4089
5955
2897
4690
3787
8943
4887
1637
9165
9275
6219
5179
5159
3886
3453
4588
7776
8838
3523
216
6854
4280
5564
5484
3697
7542
9357
1828
5884
3790
3755
6149
1269
9942
6627
5360
5393
8907
8013
7006
8033
2769
3350
9169
1056
7162
4198
920
4895
3509
2423
313
2357
9845
8998
9808
391
7413
992
6245
9586
3059
5753
5374
5520
69
3910
5216
7258
8092
9194
8868
825
6517
2183
4084
929
6395
4427
6535
3343
8436
6932
2374
1367
3441
3792
1423
944
6819
4969
7980
7914
1768
7419
4974
7015
7976
3648
986
3251
8982
3662
6802
4314
3554
9488
5840
7662
4914
8878
3996
2985
4457
2902
1150
6126
3379
4006
2078
6277
2486
4271
439
3123
1214
953
9056
9097
7209
7068
2953
2746
3440
3283
4360
4773
130
8059
7813
3952
7952
3761
6030
7940
973
4995
3457
8866
6269
8847
3636
3970
1570
4709
764
4710
3223
3679
3100
2600
432
6742
452
7846
5925
1250
9544
1173
8541
6376
5995
5320
6193
8125
8325
8725
8241
2499
2149
6219
7496
190
2828
8361
3431
8982
1175
8731
2518
9650
1550
6451
4959
5212
3520
1209
3308
8184
2014
9723
5450
2283
325
9893
2852
8316
7777
3444
6384
2039
6469
724
1529
6880
5104
241
3914
2091
4414
6943
74
812
8654
8891
4826
9544
360
980
4604
7115
5416
57
484
2426
768
5212
9865
2934
5509
5115
1204
7730
2347
479
3180
826
4921
8078
107
3279
7295
1217
3769
5071
9648
4637
3628
1434
5066
3307
7955
6796
8840
9269
6622
6411
239
9102
6111
9892
376
979
6581
9298
5738
2343
8465
8175
5710
4000
4622
2282
873
1325
9819
4198
6287
5413
2777
6130
1583
8431
7868
2202
7160
4407
8890
3077
3857
6769
586
5819
1967
215
2902
6316
4636
4471
9332
7305
6172
5453
5723
1066
8684
5672
5923
7514
9449
2423
123
4826
6324
9980
8309
1945
3111
4379
2137
1330
3452
5387
4317
8940
3413
8803
315
658
8423
3503
9562
1816
6080
5472
9958
6129
2707
6801
3517
1487
8484
1376
3628
1433
6645
5759
9494
1986
1905
957
3204
257
2333
8002
3853
784
1135
6783
7653
9880
5357
5265
9091
5946
2861
8307
8746
852
22
2179
9238
6310
861
649
2846
2075
1759
2884
2295
7654
9309
8328
8752
7466
298
9305
9482
8077
1619
9173
4993
5923
9148
3637
6129
3218
2285
7682
8572
8337
7013
8641
1964
9726
1718
6894
9395
1683
5155
1777
9025
8251
4487
9999
570
7029
6513
1624
5647
3556
8825
668
9233
848
7185
3314
7161
7224
4519
9628
9790
4077
4312
3957
640
668
6364
9025
5747
3404
9909
7798
2921
9842
148
6742
1436
9149
3066
9100
6704
660
2035
5016
9511
6344
9407
1116
2540
8404
9732
2171
7164
5527
1986
4948
3939
529
9358
9902
664
7487
5877
2243
3646
1027
7746
9391
699
443
1878
8012
4157
5419
2923
9129
2042
9296
4445
4296
1260
5248
6485
7343
3671
7737
634
7394
7855
5200
2803
906
9790
3164
8435
9216
4783
9791
1369
8484
8598
16
416
2097
6525
1720
8014
1744
2603
2856
2906
4642
6084
5062
8641
5416
1002
8533
8571
5909
393
352
1535
5499
7639
971
8221
993
6983
3707
4346
2250
7926
5961
5698
1244
4832
4387
817
1950
9723
8889
4790
4999
2293
8160
4822
4728
4522
3019
8213
6249
1220
5459
8091
8245
8480
4916
4457
5553
3498
7020
4761
8896
8509
656
6716
122
9364
7396
584
6615
7716
6621
6186
1503
5561
6536
3205
9479
6149
3493
6470
3964
5493
8097
1030
2467
7869
7452
2764
9915
9930
5263
8452
2702
4128
5894
6489
1637
1444
4699
5364
7125
2434
1598
8533
4598
9273
6587
2684
1943
1710
4977
9404
5
549
796
3402
412
9626
4248
2253
1911
4632
668
6684
2452
8168
3483
7375
9667
47
1568
8035
1450
8128
9345
1529
3894
9563
6431
3193
1281
4767
820
8205
4952
5859
8447
2153
3331
2491
6076
2011
7195
2446
3452
2492
1765
4913
6080
6430
5790
9212
3017
1895
142
6942
7953
1876
1204
9266
9508
848
3195
1055
971
7144
3811
2463
1732
6593
9721
1329
4043
7175
3971
9556
839
9004
4676
6852
9763
8981
3483
0
7403
2069
1750
8925
8062
8009
7905
6570
948
4064
2983
5227
8816
6140
1474
6308
8681
9302
3181
9487
6708
4460
5169
5841
7923
585
6102
8949
7199
4352
9503
526
7365
3194
3652
8902
5393
4886
4400
3722
8688
3151
380
9978
4192
8744
740
4699
7529
8368
8171
461
5800
3996
3292
2942
6899
5909
1001
7477
1907
8955
9370
6596
4561
2456
7861
5621
2488
2572
915
3794
4901
9458
798
3557
4079
5190
1648
9179
9844
1403
1420
8831
6180
9041
4726
3369
9902
709
2002
9483
3885
6923
1815
9732
3780
3783
5417
1736
882
5118
2210
4956
7453
4376
5559
6341
3197
9734
8862
1709
4261
1821
7633
503
7535
539
416
5519
7729
4492
5719
1778
570
1431
9909
7978
7643
1066
9777
295
9773
9912
8296
4725
9192
6464
1378
1804
3481
8384
171
167
1846
293
5222
2063
9290
1311
2197
3241
3367
9897
4006
6390
9398
432
4385
6021
4467
7581
8698
2130
9957
8566
1935
4348
3525
2907
1311
1070
9160
8611
2037
9345
4320
5552
9932
277
6208
7845
8688
6331
8869
6536
6928
9876
5906
1906
5326
8760
2079
5356
7336
5900
9686
8041
209
3280
8357
873
8538
6382
0
1126
4080
4755
7859
4661
2070
3846
500
4107
9813
6622
8893
2367
3261
3421
1638
2059
8442
1619
7580
2550
8991
3804
1275
6137
9659
6279
5342
6651
1920
5334
9307
2305
6331
7742
2456
2172
2016
1245
9835
1480
8260
7971
5543
714
7006
7319
4779
6788
1641
6298
2431
6919
8801
7449
2135
275
3480
1721
5001
5790
8503
3848
2187
4478
7314
6587
6035
5519
965
9466
42
7197
1783
6100
4290
1019
8261
561
9131
2339
1500
8554
5010
5621
2903
2388
3504
8881
5606
2180
8691
295
6243
4044
2976
4412
5784
1065
3399
418
1283
9259
5823
2174
6256
5233
5135
2700
3158
1115
2014
2918
2590
2661
4290
9948
8837
6565
1574
4926
3083
7154
9912
8784
774
9747
954
7738
3124
9878
5235
7196
7162
8712
1056
2240
2731
2836
9365
7669
7252
803
5722
4491
166
5772
7704
3581
9754
3027
5574
9218
9490
8472
7335
4128
9347
7038
1399
6509
4279
7397
9576
3280
5879
4817
5756
3878
1605
2050
7217
6001
7200
3905
7673
2279
1431
5420
8618
5001
2042
7373
7984
96
4303
6017
7705
8689
1376
6928
2892
5693
1436
2856
3389
9855
1227
2441
8612
5348
16
3826
1976
7703
5810
9573
2018
5585
798
5055
2697
3926
8420
6397
4466
6906
9412
9480
8977
9862
7112
7066
2501
4676
9157
1524
4564
4344
515
7818
1052
8989
6808
3269
4985
8216
5396
280
4286
4729
3998
2120
7891
6320
4231
8966
7272
5038
8389
6483
442
1746
3464
8749
8236
2949
1324
7299
8545
4286
5008
7674
5069
2980
4003
3707
7117
5150
1411
6250
1509
9131
5193
4247
5863
4991
9175
6180
445
191
4251
9525
5954
4032
7375
9305
5525
8058
5033
2036
6892
8097
1735
0
9720
6324
7050
4910
2317
523
1848
2121
3626
2138
4973
1311
6553
9216
2886
3244
3773
5143
6853
8353
34
5482
1719
1037
5604
4697
8182
9059
117
9375
9358
3411
7396
5193
4526
9538
7940
4265
3863
9921
8343
2129
5899
3815
9058
6064
2752
6308
5172
1788
8262
1748
1244
3381
9965
4238
4605
6012
9305
7620
2341
2788
2003
4251
2780
1561
3914
1359
4690
3347
5303
9508
1280
6931
9
7904
9583
7903
1979
9540
1944
1873
3886
8329
1112
7609
2167
4014
5228
288
4932
1928
4959
6242
7580
5554
125
1647
1035
7496
2149
1393
1617
1824
6484
8754
468
4312
3372
2061
4654
6702
4033
9765
5675
468
8902
3674
3138
5171
9393
9900
6131
4401
8415
3375
4549
5037
9351
4455
7778
7936
6868
4482
7391
551
255
2062
1844
2358
7141
7855
642
3166
5634
8230
7894
5193
566
7112
6652
6451
8509
5863
8102
2248
5262
7216
3409
3109
4205
5430
4960
8916
4282
6717
9834
9550
2374
5124
212
6840
1829
779
8030
1538
9258
2964
8767
184
5480
9355
4471
2239
7802
1327
9426
1004
6379
5142
5288
3039
8652
8735
8153
1710
2894
1725
8884
8916
8396
8344
2819
5442
6899
9812
4621
7729
7833
6564
2990
2298
8448
3224
7628
4849
959
2721
1114
2955
7291
8829
3170
7232
9835
7172
8187
3094
2626
6319
8644
7533
4079
9850
1788
7136
6536
9029
5339
7990
6705
1696
3171
9815
2151
2990
4591
5427
1107
3303
750
172
611
5928
1625
9566
5173
5586
5606
9727
1625
1527
5103
1513
7919
5457
8218
8597
1436
491
8313
1930
7381
3124
6249
5594
5658
3354
5080
6845
2581
2759
1986
9322
5569
8471
6922
8151
8225
2222
1963
949
3422
5612
6364
5178
6593
1657
1896
6694
4772
5993
3991
615
4990
8820
2791
7487
9678
6030
3907
1818
506
8761
7146
8865
9540
5780
5944
9447
8534
67
372
9213
8528
7363
8507
1769
6759
1071
9000
4001
1458
8385
2072
6588
8767
1370
4331
6748
5680
9435
8472
2194
8315
144
443
4661
8465
7499
5637
812
5713
2448
8159
4705
5620
4777
2087
7627
312
1021
727
8607
7030
9906
359
2120
6688
558
97
8169
1449
9195
3766
9099
1594
8177
898
8383
6920
3846
3304
9259
5434
8187
8287
9009
225
7367
967
3990
9282
6703
6436
4659
8707
9865
5164
8408
9784
8322
7973
7907
7401
7467
9363
6517
8681
9059
3110
7443
3878
3704
707
6466
7717
1468
3172
8842
1618
1350
1895
9320
9590
6107
8886
4745
2759
9107
392
1729
3013
2489
8598
8598
5872
5396
1858
7966
8824
1769
327
1165
4257
3524
111
5578
5996
9969
6941
7239
6692
6322
6790
8434
6427
8653
8316
1293
8581
4618
3758
9574
8667
1380
4429
1389
5106
2109
594
2320
9609
5206
17
9848
1022
729
5062
6066
5996
3308
8748
2789
2166
3153
5037
6690
5699
163
2171
7218
7080
564
9385
4206
8010
753
2498
2877
9094
8722
471
3887
9375
4621
7629
1485
6304
6942
7411
5697
3591
2249
5297
5272
5869
969
7407
5513
6343
7739
5689
4942
9938
3375
5240
9045
5821
5811
1837
269
8230
2185
6972
7274
2836
4861
3413
7545
5524
3551
386
8756
2751
6473
3627
4830
5266
4112
8337
7041
3345
6985
6533
1355
3032
5529
3949
6000
9380
8583
5663
493
5104
7142
7466
1405
5277
8023
2435
1008
7556
9862
9988
2791
7352
6932
2190
3464
9747
409
3778
1708
7474
4796
6923
1245
5651
5616
4242
7307
912
7412
8164
6940
7887
9893
3652
5609
9006
2222
9552
7243
1677
7328
9484
3482
6996
3742
4002
6099
3338
484
6253
8971
4805
3955
3018
308
218
6221
5754
9661
3781
5127
95
143
1698
3048
4903
7459
3280
6581
4458
7524
856
6534
31
145
5311
3440
4249
1909
1614
8142
3969
427
1158
9193
2134
3932
6874
3343
5390
2785
6467
9891
3462
6549
7233
9340
1784
3947
8838
6543
2818
6756
6025
8728
8114
8270
3923
2873
4996
6778
1972
3845
8046
5638
1158
9667
8984
2505
913
971
584
9936
1191
1673
1057
964
3072
3482
2912
5970
1656
301
3070
5070
5324
7213
4402
2430
1078
3864
9
4001
8347
8612
812
2622
1844
7823
5390
7565
356
9278
3034
7867
5958
2881
5565
4352
7671
7150
5198
440
9960
9026
5121
1670
774
2976
314
3945
5265
6554
1426
7049
961
6583
1589
2578
860
8434
9119
5248
8091
5347
5614
2377
7267
5203
9112
2442
1647
49
4758
3928
8666
9568
4040
9320
3490
9142
1847
8868
7509
1445
2299
3801
7851
5985
6905
9374
1292
2986
3492
9236
8030
9949
2349
4613
3411
2743
4403
5571
3863
7871
2297
5216
1795
7498
8382
1393
2543
2268
9087
1718
6587
250
7739
6645
3048
1812
4525
1282
8297
9738
1150
8660
6556
5521
5897
8717
7219
9427
5908
747
4738
6275
5005
9637
9148
7082
2005
353
7602
5512
6831
9023
3898
1774
2649
7779
2209
5703
1565
1599
8218
3121
7274
4125
6721
3636
8659
6274
1600
9665
4174
3116
6359
8340
6979
311
5245
8102
7497
5965
9807
4172
3679
2784
2906
2126
4762
4782
2872
8117
6507
1515
7862
4309
2528
1617
9001
879
2915
5511
8422
5731
8752
7936
1338
3715
2663
5557
4794
2338
2534
4107
8205
5599
1791
4045
9441
4490
1218
4595
8874
3876
3401
3483
3158
2658
5254
2050
5812
5362
1309
4365
5186
1986
7543
4075
5420
5743
1445
9191
9463
9204
9987
533
5583
2400
3309
2263
2517
8483
2175
4511
9661
8320
6636
4545
2329
5269
4778
8679
8461
613
9745
9432
1028
8168
8921
6219
8055
7716
8625
3698
3044
2027
5132
9670
3889
2868
7899
758
9349
2990
9532
7328
3186
6798
4704
6865
5349
2997
1745
150
965
2766
730
8849
9458
554
9504
7414
3479
7089
4207
4801
9857
8477
1467
7633
3188
6966
656
9461
7369
4019
9330
5470
1081
2417
6246
4230
3464
2055
870
5058
5970
8474
2732
278
1297
6282
212
3334
3363
485
7279
2259
8783
4730
7471
4708
5331
7070
3677
8382
2340
2284
2781
6945
3435
5259
7767
7040
4308
5274
3950
1423
6218
9149
8831
1383
5745
1189
6336
6905
6753
7322
6098
6884
6740
7071
6686
6351
4945
1537
8898
6393
8377
2487
2717
3686
5693
5786
6842
6037
8514
3171
9025
8088
6534
5855
6040
9634
5898
6088
8963
4142
734
6772
1629
5018
6186
5896
205
6363
8573
1416
2095
2771
6376
7556
3046
3731
6431
5145
5689
9958
4346
298
8390
3582
8296
8009
349
885
1030
7052
452
8857
2573
4756
5658
1605
858
7698
7500
9796
5581
478
7464
7098
1076
6254
1712
8977
2808
2309
3203
753
398
9005
9796
435
8381
8046
6722
8176
5546
9319
5332
1521
964
3237
197
1620
1898
1440
2872
8732
7645
5893
4376
3867
2834
1292
2505
2042
6297
1371
8076
8721
3849
9698
8459
3567
4959
5222
3224
2811
976
9323
4249
6262
5146
5943
6133
7839
6056
92
7079
1367
9436
4470
3108
4505
4629
5929
7601
7088
5540
4679
1878
4174
1242
6611
7672
1265
4777
6630
6660
6675
8216
60
7756
8321
1643
8114
8721
6891
5158
4666
5985
6205
4292
6708
9285
9378
6589
3953
8938
9030
7621
6135
7270
6296
7445
74
5019
8534
8271
4867
3061
9426
3431
404
3150
9375
6714
4787
2861
6515
7208
709
1930
874
8694
5673
9882
4533
7326
8293
4676
823
7691
7629
9053
2081
2790
1459
876
1568
3094
186
8620
290
1605
6559
2773
3888
3557
9909
2664
1802
1092
2423
1822
6912
4205
6396
7602
1771
192
485
1208
9977
191
2237
1734
5801
1350
1069
6585
5254
3911
1292
3420
7021
2089
1639
9268
2135
2899
5994
976
7416
5628
2873
9731
5267
5807
2141
7876
6393
3856
9104
1376
2609
8978
8642
98
9367
4824
6971
2537
2488
3324
7409
7891
9799
9003
4801
4822
2565
7127
5467
8871
4197
9509
3791
4349
7318
2505
6467
9994
9209
3193
192
1398
4806
9916
810
8043
3446
1540
9901
7311
5928
3456
8487
4092
8218
4982
9932
6264
1006
7318
5310
9265
8389
233
7178
3100
5186
4293
2780
6861
8357
6976
3328
9294
3131
6011
3085
9882
8192
6757
1376
1024
7226
8156
2943
741
1021
9699
6130
2336
2573
202
8988
1890
7883
926
3009
4573
2737
7710
2856
9153
8760
3039
8953
8951
127
9192
960
2207
1896
49
8071
4248
5942
4285
2038
232
7290
6437
2078
5487
8162
443
4288
8154
7988
1438
1411
2205
3002
8511
7145
482
3900
2223
2264
4187
9202
3991
613
1828
8738
3923
439
2523
2130
4739
5948
3597
8887
2776
7283
6299
5631
7369
990
8316
8750
799
963
8689
7781
8755
9204
3384
2903
7589
347
3718
2021
7851
1030
3298
5823
250
6749
4239
4
1764
6024
3248
5489
7814
3317
226
1228
845
4850
6531
1232
3947
5436
8403
3027
1924
4047
9983
4718
7054
9619
4541
4392
2229
1576
1036
1745
3984
476
5381
620
6750
8311
6985
4775
7715
3199
9967
5437
8978
2156
2058
2738
3816
2485
8073
2414
2627
270
3899
6202
6766
9520
2950
2145
1483
8856
3260
6237
2280
8480
7244
369
9469
5911
4481
5635
8451
3628
5312
8724
4080
4545
5740
4898
7561
1802
575
9743
3502
8622
9118
3713
6576
9178
3854
7230
5361
4840
3292
8858
9939
3729
3157
497
4911
1688
3269
7905
8003
2437
3963
8999
4958
5174
2122
2221
3780
8051
4583
9680
8280
3516
2735
3658
9362
3530
3793
290
2056
7251
273
3610
335
6453
8785
351
1387
5242
9986
5873
8532
2670
1739
1065
4658
118
8755
1401
7056
1633
3450
7310
256
3611
578
6422
994
9498
1135
1381
7894
2978
5848
752
2163
352
8663
8504
6389
1771
833
8537
8065
8710
1147
5609
1777
1669
8999
9243
4775
2391
3234
423
3801
2963
3353
6724
5875
2362
9357
1888
4107
8605
7978
5553
6822
987
8901
4306
1455
251
5012
5284
799
4913
9244
1546
2463
4968
4645
9324
499
1891
6606
5503
9744
5424
6951
9200
6999
1938
2628
4026
2414
8944
4429
9460
731
5594
8787
789
2768
4693
7787
4523
7378
7949
9623
8888
3719
1806
4261
906
7717
32
1389
2216
1998
2474
5809
1397
4036
9701
7306
9516
7622
986
2870
1855
483
9784
815
6869
6180
3855
6555
5806
4103
2082
8125
1794
5801
8062
5480
5192
7677
1722
6309
2381
7554
2212
7461
8256
9784
7390
6753
3067
7386
8270
6901
6392
5079
7768
8404
3934
991
7391
4725
3861
3477
5583
8112
9916
4349
4014
5596
5973
4220
2114
1839
5900
4677
488
4300
8270
2322
2558
7084
8790
7102
3487
8419
5832
5181
1732
6715
8033
9658
1546
4201
285
6996
2447
8904
1971
4100
7545
3907
5770
1794
780
8847
5272
6431
1000
1715
4590
3467
133
1611
8432
307
5935
6759
9989
7164
2279
4734
2617
7298
7563
6315
2674
7912
1553
8903
2229
1584
2329
4170
4777
8651
1314
6995
6322
4640
3147
9401
4180
17
2125
4565
9524
9934
5768
9978
1061
5687
8914
4807
1820
2810
1289
8471
4231
4464
6173
7359
4877
2097
9485
3005
1137
5962
6833
9781
8992
8939
437
5348
4017
2878
553
2600
5173
2997
6790
2739
2144
1575
7842
6541
2670
7522
2350
1967
7361
2842
2764
1857
8467
5787
4523
2083
531
9119
3428
3561
3100
5987
985
2121
5250
3565
790
8941
2256
8689
3298
1234
7673
3433
5215
3301
4255
2944
335
3614
3612
4866
2419
6150
6175
8580
6880
8229
8354
8470
2068
6053
9568
3229
9639
6156
590
5720
1291
9104
6732
3408
9711
8671
9544
1529
4183
5034
571
1222
7827
7586
8784
9813
9949
8234
3567
4834
5945
6670
6685
2560
586
3785
6620
7244
1665
4444
3794
9058
2711
8534
1653
1231
6882
203
5155
3748
6606
4645
4396
1846
7657
7132
642
4482
7269
9754
3280
1404
2589
5755
9774
4621
2419
4172
2821
5925
2050
2299
9863
9738
1240
1513
8510
9293
5933
7552
2931
9745
3079
9819
8228
1299
2273
4838
4902
3454
3142
2138
9975
1911
1164
2389
6469
6956
8760
7031
8812
2710
7381
9229
1697
4307
4782
4658
606
6144
8621
1349
8548
9716
6823
3534
8325
2769
7526
8474
2347
7580
9269
9367
2782
9912
2324
7952
8574
8850
5044
1554
533
8901
8740
221
2363
3849
8122
3921
6517
7615
4232
8758
4832
1793
3590
258
5087
7629
4064
3699
9429
285
4684
1232
3440
8014
6447
1785
1982
6829
6083
1756
1100
7067
816
9646
976
6601
1171
4475
4647
3605
1957
4732
3348
511
4534
989
6321
2065
2864
944
4785
1344
2124
247
4217
7508
6780
4349
7402
6337
1938
9688
1531
2476
7657
7765
976
3944
9281
8486
6458
9588
9051
5824
8327
9951
7883
2929
3479
5458
5463
9916
3964
5138
6970
9755
4942
568
5428
3468
9821
6821
7073
8310
1666
2268
3201
871
2853
6768
12
2377
2784
4378
4486
5196
2293
6300
1920
4266
9624
3850
869
1944
873
2021
5723
6392
5505
7902
2823
408
8515
5813
8664
9637
2515
741
4157
6058
6749
7012
76
6710
5445
3086
7132
9586
652
1773
7462
8642
8648
1162
3843
5970
5951
5128
7437
9644
6545
6808
5366
4951
3945
9604
3861
6970
5713
4849
2680
1551
2142
5861
7516
2612
3774
4159
6498
7786
4888
6137
5740
3732
439
4181
1759
7353
1969
2694
3685
7387
3304
4513
9513
9941
1645
5124
2764
5841
9224
162
3872
5802
9092
5910
6499
2787
3645
1231
2196
1792
8629
9650
4756
407
1067
1633
4511
9764
7844
6508
5000
3019
1163
5293
8247
7629
6347
7575
966
8649
1394
657
8562
4726
2265
9938
4639
4528
7681
8972
3707
738
497
1893
8757
3654
9756
9105
8873
12
612
3000
7996
2715
5161
852
4638
3799
7662
8870
6439
6070
265
3546
397
7972
1087
29
8142
1129
6994
9983
2083
8872
2800
4261
2521
9270
6536
