7700
4654
8614
4014
5979
2583
7069
138
6907
8554
4901
5006
3717
7476
8448
9364
7161
8013
9088
4370
3945
5437
9664
4288
9575
558
6156
3930
3401
4277
9872
1328
6745
2895
7821
4943
4162
3843
2921
3017
1769
4239
2221
517
8661
1869
7146
721
7388
2320
1782
4790
4933
6687
5722
2263
4989
4326
4439
5420
6426
3139
6737
2630
8681
3573
8260
822
9655
3504
5202
3317
5092
6070
2601
9706
3215
9147
5626
7705
3411
5434
6542
1080
2494
5082
6394
58
7172
5558
9953
9835
9404
7500
6591
8630
7502
9591
1835
5088
3609
6324
1066
3883
7118
8464
9698
8863
4086
6016
9047
5842
8700
6733
2009
991
6596
5656
135
3599
7178
8201
3650
4096
3550
5366
3912
7592
9479
3970
2203
3624
7311
537
4096
7087
4368
2658
3962
4029
5384
7531
5972
1156
6511
4111
1135
2671
5490
5599
2033
1846
9456
8236
7909
5407
2674
6969
333
1752
4552
2105
9383
115
3812
5423
8530
8162
2637
4921
6623
3938
1694
6105
8214
9647
2229
2493
7585
9439
4230
1241
2101
3880
1937
357
4167
9075
2628
8688
4413
7398
2325
2210
9477
3278
8148
5857
7343
1088
5581
2973
33
569
8976
8094
152
3350
21
8262
3178
180
9384
893
7521
3310
3
5503
8177
3454
1255
9455
5533
3948
508
9224
1613
9483
6627
4936
1499
6371
5149
6496
3857
1257
1207
1532
4904
3843
205
817
9053
4366
5510
4233
8013
1431
4688
6166
3274
2645
7679
3888
9832
6126
7439
6084
60
9751
6480
668
6722
5085
6762
6806
5030
2887
7036
6263
2102
8471
598
4334
3249
438
401
1167
8438
6275
1210
182
4794
460
1661
8854
8691
1261
6664
7731
3817
5123
1471
5152
7362
9537
4094
3968
7603
8703
9202
5126
4394
8424
4064
4803
2046
3345
639
9394
5724
6272
7646
3785
8541
6297
5873
6261
3423
7908
8115
3769
6223
9305
2446
6979
6999
5445
6971
3712
6343
6433
3564
9735
7072
6084
5788
6369
6396
6858
6808
5345
621
7269
2006
7545
7476
7685
6611
1065
3663
7832
544
9694
587
5433
8902
5089
5978
7084
7803
6600
6374
6927
3050
9291
2707
7910
6713
2456
509
9503
9865
6565
1100
2769
3147
8953
7298
4900
9502
9313
8834
5906
48
8511
5888
3869
9147
1639
7181
698
391
9311
9054
207
8971
3694
4218
2714
4837
9565
972
4154
555
4160
7967
3978
8594
7818
2285
9948
7790
1078
7582
8489
7766
467
6879
4539
3403
8838
8763
5074
5275
9811
9112
553
7511
892
3797
9453
4735
4584
62
9936
8341
4679
5351
5887
544
1909
5275
1328
9353
7232
2907
9312
1729
564
2441
8504
6815
9679
9311
5999
802
5897
8879
744
5048
7413
6467
7701
4020
2832
5213
3206
1015
7645
147
3086
5116
991
3995
1493
3563
7434
5720
8042
6903
9799
8823
6947
8451
5293
2638
5056
5273
4063
9134
2444
5799
4607
839
3130
5442
7573
7307
6521
2019
9700
8297
4084
416
9354
3387
5823
5683
7817
2436
3367
177
837
3840
5248
8590
9519
9250
8727
194
157
7933
6952
8510
7703
7287
509
152
865
6051
5989
126
9198
6022
7203
1502
4739
6531
9096
1906
6814
9372
7455
1626
5766
2266
4961
766
5591
4539
5922
8323
8580
6327
1862
1767
1344
5573
2712
2067
2877
5671
4818
1766
6446
3241
978
4814
6636
3745
3851
2988
154
6821
3379
784
477
5325
2744
5437
2325
9742
4561
6325
128
7666
1545
2871
4160
5435
157
9165
3818
7029
9028
1143
4554
5689
5180
2525
1288
146
4130
1845
688
2933
8169
1759
2947
1077
1289
6019
2829
7274
9741
3135
1110
8492
1637
8780
1695
8107
654
1201
3587
4685
9170
3125
7792
2236
6230
4788
145
218
4149
2179
5612
2715
5636
7194
9497
9786
9923
3083
4146
4138
6336
6543
7287
5893
33
6061
4051
6399
830
3180
9492
2928
8257
6003
3763
5044
3967
711
4846
6500
5873
2610
3125
7562
7522
8394
2855
4442
9283
1908
8183
7570
7054
9449
8348
2626
5837
1899
2202
168
737
3745
9388
968
2686
2683
4458
9633
3431
4452
5819
9211
8236
7645
8264
3726
3418
9725
8371
1638
3206
9608
7116
8921
4997
1921
5874
8808
7654
1137
9206
2067
8509
4678
5763
2128
3222
2157
4875
4838
3936
3221
1011
4830
6089
8972
9334
9408
1184
4622
9208
6112
3527
563
6962
1128
6629
466
5971
765
6809
5649
1979
2294
5246
3751
702
3558
1882
6136
504
1260
4849
3532
7702
9984
8597
2285
2832
6024
2587
6465
7623
3031
1928
3094
8540
7945
7716
4635
5499
2755
6185
4110
8028
8286
1242
8717
9584
2337
8269
5776
7526
5048
4118
7947
1262
9995
2861
6977
2530
4343
7633
9946
8178
344
8026
8947
365
2151
5211
2756
5841
7247
636
7748
5075
739
5503
9416
8741
9880
2701
494
7754
6811
8938
2575
8913
3981
1832
8544
5084
738
2104
1156
5121
6238
5932
7684
259
2295
8351
7432
7126
5512
9934
279
4411
6370
2872
522
4491
3444
8235
2650
1641
7139
2191
1366
1405
5451
34
6383
318
6666
7672
5103
5142
9480
2626
8836
4807
7819
9156
6446
1528
5268
3368
2241
6876
8659
8163
2542
1109
1310
4053
1639
2502
9454
9514
7982
4046
4565
6278
4808
2260
1968
7113
460
7840
4831
5136
4931
3743
4036
5714
6671
4288
1789
1121
6372
3771
9950
4490
2746
7288
7491
5274
9008
2613
6033
2600
5688
9965
4644
4789
242
1540
4348
4185
9560
8155
2907
4401
2045
3522
3232
8799
7073
5595
7381
7350
713
8332
3142
4211
4096
74
3532
7520
4769
6693
8105
7847
1806
2230
9448
4965
9099
9246
5472
5131
9940
7603
1561
8217
863
5548
2445
9223
4055
8692
8201
3413
5231
8683
1887
7356
6823
433
692
167
8008
6827
9416
2867
49
5060
2595
9814
4074
8267
9699
7826
123
2250
7410
3109
6770
4924
3347
8548
7629
4308
3464
6076
8491
4692
2615
3122
343
2091
8141
8666
8554
5304
7122
3112
8187
8694
8167
5802
2952
2630
5149
5788
8992
375
3289
2981
1273
8777
585
1898
7085
2144
2538
3700
3362
3339
4375
5357
2445
9472
9470
1982
125
1033
9272
4819
5127
4297
4922
8076
6756
7545
5595
4998
9158
7676
7084
8116
1402
9634
1849
1566
1506
6242
1581
6409
2766
3422
9749
4847
4318
2810
3357
3480
3160
3166
5663
7959
1103
8470
7853
6975
3854
2509
5141
9540
6549
7539
4541
5686
6255
6259
3954
2811
7623
7904
476
3882
9452
2862
2052
1705
4547
74
3757
3946
4188
2115
1838
5992
2013
9124
7012
2932
1780
4874
7711
8996
1100
2041
9860
5226
8880
4062
8592
8059
8855
545
5856
5256
2690
1780
8507
8241
6417
6147
2427
3780
8752
1195
5351
4433
5700
8549
3673
7130
9246
1022
1030
2749
192
1480
2781
7411
3001
6825
2825
485
1482
5697
5090
3642
6258
6582
3301
232
617
8771
6514
5633
2446
3931
243
9905
6689
5426
9526
331
388
1461
8812
7833
9515
3107
5063
1210
8998
1096
5239
9591
3322
1942
2297
3054
6104
1709
8175
9117
5247
3440
6513
475
4507
5396
302
6261
1236
2876
721
7574
7299
2493
96
20
6884
7257
4126
3150
1519
2091
1234
9520
3532
6922
2311
503
1633
7189
3801
4979
7251
408
5084
6948
4948
8337
3325
4118
2805
8801
9973
6122
374
7664
2292
828
1846
2277
6169
8847
7582
5025
7598
3155
2206
6992
6942
7585
3085
9798
4628
4047
9075
5742
323
6891
7409
3148
5072
8547
3931
8
345
2717
2117
5111
9146
5867
4630
1483
8656
9355
1019
4953
7397
2225
2809
1928
4741
7955
1394
5739
1033
3006
4173
5926
7047
4632
7340
5401
3418
8698
7204
7622
4915
7574
4680
4881
1037
7094
7845
1075
2955
1602
1142
5272
3028
4121
8344
8098
4081
5481
8406
7116
7152
8191
8974
7338
8543
6190
8064
4514
8526
9228
8065
9958
2151
3396
37
9823
7545
7928
890
7646
109
319
2784
9431
1864
8901
2898
2925
6287
9242
1319
7936
292
87
470
6724
8599
7341
6337
4847
9030
3331
2548
3726
3537
1183
3121
9631
4084
8521
552
6153
4591
759
7007
6832
5407
9543
5474
9642
3292
5138
8226
9283
7909
128
9666
2063
2925
3313
1223
204
1590
6043
8616
6778
7770
9057
5894
680
5780
3266
8841
7766
8690
5166
3345
9532
3080
3638
1317
9055
1866
6695
1554
3891
5104
3264
5817
3408
1517
1058
6706
771
7297
348
4562
8547
2143
229
9061
6349
3649
4794
3861
25
6297
460
593
2742
6782
134
8982
9286
1995
2168
8337
4894
4488
4725
1673
4505
3239
2485
9162
4722
6560
8070
468
8342
603
4797
7388
2851
4576
4967
5405
7072
2833
1529
7593
4644
2671
3075
6625
1383
2075
7419
8775
5129
2010
9667
4059
7417
8556
4555
3109
1164
5631
9139
3465
8226
9991
2251
2139
1985
2745
6131
4710
7028
6762
1265
2061
2958
7131
7028
1834
164
5859
7779
2646
9140
9295
5339
6332
935
738
9971
4295
20
1857
4241
1440
3693
8064
9366
4652
420
936
4640
8638
5944
2709
1746
8366
745
7606
1100
285
1527
2721
2944
5304
7852
6493
4325
8931
4652
5919
1203
1247
2773
1836
4689
5170
2520
9824
8367
4894
7765
2376
1414
9228
1219
9140
6701
6430
7548
6972
5586
3328
9637
9685
2767
7299
8912
8937
3588
7200
3739
435
9999
4501
9732
3393
5864
4108
8020
6575
5846
920
9239
6205
2520
9150
1306
3716
4085
8711
9791
7894
1382
7679
332
7874
1609
3087
9068
7389
6258
3583
6235
1166
1155
7330
2376
6913
9495
7826
3275
2593
8410
972
1126
4666
4089
3431
7165
3617
5992
5196
4852
4876
7408
5844
9052
2320
4169
1858
1783
2776
5040
630
317
2262
4685
8073
5050
5190
6773
4393
4220
6258
5436
7198
9484
409
6552
5665
3785
8177
5922
5450
1397
1061
8730
1359
3757
5311
8277
56
2743
7637
6042
498
7553
7779
655
8863
9981
6015
8381
1975
6843
1598
976
8593
9440
210
6359
8642
5767
8503
8073
3605
6854
9589
9233
9256
3531
3326
4315
9738
6912
6717
1649
6582
216
4937
9645
1704
9754
7689
5684
7769
9796
3947
8607
9798
85
137
1918
3547
8951
9635
4289
4240
9564
2437
3644
7964
8546
1399
5332
6654
1700
8642
5063
125
9948
4393
8377
4503
565
4655
8887
8078
2818
303
3809
2907
981
9434
9170
3394
1407
768
787
7276
2428
7409
7018
7778
1292
1680
3157
8355
2356
9029
6068
1153
8884
8481
9849
5692
1760
7415
2981
4296
747
6210
1422
9260
8628
737
6982
9112
2228
1937
5247
931
7855
7786
7697
2539
7374
598
3210
8884
1497
532
5721
3788
4234
2655
4022
2499
9585
3478
1634
3992
7786
6490
6529
6217
5987
7758
9150
554
4698
4045
6126
419
3782
5137
3297
1098
783
7310
8317
1161
4204
4096
2799
214
489
7633
5025
5972
6714
4482
9527
8750
303
1254
3145
1365
1256
1480
6552
9616
1448
2655
4186
7451
4405
5302
5
9097
9357
2924
1716
2274
5160
472
9788
3690
3691
6314
5728
8353
2732
3178
3840
215
4518
7376
115
2527
1992
1932
9841
9303
757
8700
9713
1548
9910
5347
5809
5187
7627
5927
6614
3789
2766
7252
3589
9830
1466
9454
7674
4941
5751
8198
6884
8269
8815
3970
2932
7029
5186
7478
7105
7425
3083
2412
1517
6460
759
8239
3779
8343
505
541
725
6804
6563
50
7449
7266
3787
284
1061
2537
4258
4900
3552
2558
1816
1443
2732
5940
2414
8780
0
149
8821
9189
706
354
5735
7129
9071
3226
5675
9330
4435
5210
7473
79
1706
8764
6521
5666
3241
4901
6416
4568
3167
8183
8859
8958
4643
9315
5506
7839
5928
1725
540
575
7983
7374
9344
7094
1530
6658
1213
7834
6861
4927
464
8341
5085
1737
9736
3967
9418
6748
5538
5099
3732
4253
6022
2523
1494
6777
2485
9756
7720
7836
3402
2709
4670
6897
2096
4332
9420
9426
4135
6583
3688
8582
7707
8239
7718
518
3872
2905
9578
1538
8420
9180
6187
5440
6842
3729
1352
6820
5600
4753
4172
1457
114
9025
1524
7754
3671
8188
9641
5404
4547
9992
2612
8955
1411
5150
6545
7782
4804
976
2904
9580
177
6181
9415
4222
6522
9230
54
8366
2980
2600
3825
9381
2410
2230
8468
8681
6714
9964
6847
5684
3264
4174
6991
8427
6567
7231
4028
1692
7184
3569
2016
4623
1848
4592
1279
3932
9609
7302
1231
4440
8133
1275
2424
1946
6166
3230
6545
9180
6681
7864
1067
4839
4129
7220
6316
6003
9189
988
7654
9290
5201
8362
1181
9410
583
9201
7533
7818
951
4536
9072
9412
8732
2406
7551
1988
1749
5044
2260
3337
686
4848
5011
9320
2502
7176
494
4628
8276
5276
4743
8621
9648
1940
9239
9770
93
3014
1363
6964
5697
8726
8229
2145
8792
1655
6107
1722
9669
4327
4253
4144
8727
4317
8604
352
3351
1861
6907
3407
8707
2904
9541
5674
9792
450
9764
6792
3166
7780
1895
8735
3681
5296
7640
1959
6619
2865
528
847
1069
8772
4958
3948
1022
598
9894
5330
3336
8886
6419
8231
6106
7955
8257
2792
9185
2554
2352
8341
1890
9314
8556
1888
2432
5518
463
3431
6677
6644
3733
485
1333
6060
2338
9935
7946
5593
4651
9194
555
4433
3455
4279
1361
3663
2628
5725
7038
4847
2774
4064
513
2186
8956
1754
215
3069
1516
5504
135
6463
8653
6691
5153
5933
6897
46
5617
8322
4846
3591
7903
3158
7785
7457
5859
4276
527
8768
2889
4737
6392
1829
3870
9669
9972
9147
7103
583
9719
4876
4077
9147
9058
4092
5779
6764
9126
5427
6765
2582
108
8715
1
9183
6160
7354
4400
1499
5895
5939
2542
2747
2614
5398
70
6824
2821
5483
5960
7750
2942
5033
8603
9970
9514
8755
4099
3693
1677
9094
5150
5100
2002
307
4628
7677
1828
4687
3508
2617
4747
5604
4688
3779
2333
1329
6532
3660
4021
8955
3942
3642
9466
9015
9640
5074
112
30
9668
7405
3255
706
9821
6800
789
7442
745
2307
769
2393
4995
8134
1974
3342
3002
7337
345
4823
7636
8185
2223
438
9671
2722
5151
1507
5633
2986
666
9553
7564
1797
5018
6103
9362
4040
5783
7887
2990
4891
584
4225
2891
1628
3959
5808
1668
6123
6012
2302
4729
5288
2394
1483
5181
2816
1035
7099
1648
9281
1808
7758
1640
1215
4828
3198
3115
5871
3980
8962
1554
2457
1832
2744
7600
7997
7547
8043
8762
9343
9839
9509
6973
8364
4824
2275
9403
3535
921
6545
3005
8684
6239
3708
3082
2825
2584
1675
6799
761
2692
5796
2143
7050
747
2271
3456
9650
3882
7183
5269
2991
8336
2305
9442
2299
784
3275
6390
2553
3794
9580
4949
7435
5957
2870
6218
8123
9661
4775
5413
5871
1244
8000
6650
4042
7365
9923
7617
2552
8819
9753
9653
3737
1275
13
347
3933
4266
783
2041
9308
5284
4246
6966
3112
847
4708
1093
7877
6053
5332
9988
9107
1770
9397
1747
336
5654
5400
4934
861
5658
3838
3733
4041
9927
1211
6159
5943
2522
2284
3857
8878
2733
6104
586
6997
1033
3538
3194
2657
8830
9739
6499
3486
9764
545
1967
1877
8266
11
8279
8865
5849
1180
3650
1446
512
2925
3184
9636
8549
5149
5354
3768
1475
1110
6373
5666
8810
4749
9302
2116
2205
2276
2031
5919
7339
247
4277
9381
9244
4281
7677
2511
4005
4992
3029
1553
2454
9140
6485
8108
353
3558
4108
3680
4385
2730
2011
8654
4172
6301
3066
3516
709
6163
6659
3572
9148
7730
4107
265
8647
3803
391
4267
7472
2843
9763
6483
8080
4819
3211
9670
8264
1194
1762
8647
8168
8351
1533
4608
8235
5623
5209
2943
1214
4160
1802
7842
8332
9456
2404
4723
5033
6220
9460
6550
3166
9840
6207
1541
2967
5528
573
9352
3089
3396
5251
9514
4400
8012
5403
797
6197
9498
2029
3024
8593
7448
3052
3311
1041
1920
8150
8623
2415
8488
4636
2044
1733
5212
5480
8328
2143
9991
1640
2707
5049
5857
9853
7818
8909
2287
3442
320
4053
1607
8526
5534
4191
6436
7956
5717
6787
2895
500
1047
7377
1949
6937
4601
8759
3207
7781
9187
2531
7075
8653
6205
7857
9321
7974
2736
7595
5234
4402
8753
8478
7830
4570
808
9962
9102
7853
5297
7256
9762
1540
9248
9490
593
5329
3100
8920
5252
9058
5701
4505
4254
7788
6977
2953
2320
7677
4869
8461
5219
8122
1552
8492
1747
2568
9547
7378
6129
4638
9657
5354
2484
1931
2768
5535
9405
6714
7263
3991
4874
3816
2342
6176
8701
4248
4223
41
7593
7854
7641
1424
2983
6835
2036
1640
9987
755
7743
8024
5782
5721
2791
613
9400
347
2020
2322
5019
1442
3548
5606
413
877
3587
1403
5780
5376
9791
7498
8345
9505
9785
8274
6997
8232
2370
5649
9895
1128
5547
8649
8970
9238
8209
9152
1025
1728
6775
8353
2227
1901
5022
6150
4306
2034
1011
2105
3248
632
5860
4611
964
244
9679
6276
5936
4516
3615
1168
7976
6371
2427
3890
5895
4898
6635
1174
2668
4435
378
4051
8601
1437
5271
6443
4483
3634
3967
4963
7221
265
2401
9262
5268
936
7684
8725
9558
1932
3215
6508
8112
5607
377
5855
9474
1131
255
9407
5398
9836
9437
8812
254
1808
6010
9526
4973
3235
1793
2301
549
8652
3946
7711
3970
3164
8622
4958
7214
7909
1615
735
1219
3869
5938
2993
1060
9415
6969
3351
3379
4559
9564
7384
827
3588
9008
3460
4925
8157
3752
6322
138
914
5959
9459
1660
2666
1885
6309
2509
5296
2193
7489
8221
8701
7593
6385
5869
3016
8466
5557
6266
8442
8922
5989
9088
6562
6883
382
4156
5162
33
9056
4157
5292
596
305
7910
6479
1333
8393
7530
659
842
8082
2366
2075
9163
2126
5994
2623
7590
1909
9691
8194
56
1696
1992
9969
371
5098
5783
1503
2153
7346
5263
3137
3331
2928
8104
7288
8474
9390
1682
72
8027
5606
7599
839
3622
7013
7398
4757
4387
1533
7571
8123
9365
5962
5236
8900
8313
7940
6107
6235
2610
6026
8506
3495
2819
9229
8743
6235
4021
8706
4148
8199
227
9618
167
4450
4096
1152
6346
3358
7699
1025
7115
620
9774
7140
3771
7369
7692
9204
8975
534
3282
5447
7462
2000
7100
4104
8019
4393
8269
1163
736
5681
7384
9372
7896
9747
5794
785
4803
7160
1593
2749
8536
1584
8910
7885
3720
5679
5457
1374
8543
4816
9731
3614
4916
4779
2155
8166
7350
9992
3132
1953
5088
6536
289
1434
3236
402
9243
4024
1574
6906
4401
1814
8940
533
6911
5877
3090
9214
383
2340
8936
6895
2620
5919
5949
3770
4455
3116
7591
7628
3435
4811
4027
9640
7661
1999
1295
7475
4649
3317
6435
1432
9799
1637
415
7916
4673
4383
7868
6278
5076
8135
9608
792
3016
8192
3916
4369
5484
9465
5947
6127
6433
3946
3470
9589
7787
9300
2872
4911
4581
5614
4565
7065
5905
7503
7096
982
5504
8033
9097
71
5247
1312
2552
5300
5202
3235
6623
9468
8083
6925
1990
5183
7370
307
4999
5853
8166
825
129
5372
1511
2957
1696
9462
3569
2542
4886
5513
1096
2933
8865
7451
368
5875
879
5121
1393
8169
4387
4551
2677
3403
6827
7656
3623
9381
9695
5597
2504
1242
2816
4679
7904
3724
8560
2290
9615
3089
1730
2659
8348
1110
8371
5150
8060
4539
4814
1494
9427
9878
4459
9997
6438
5577
2695
8107
6130
4040
5838
4187
2847
9289
3008
9853
117
4185
9546
6644
7315
8589
5505
8304
6439
1727
6203
1567
5031
1676
9596
9083
4567
8200
6169
2626
6783
2819
8241
2327
1029
452
6159
5575
7251
7542
9812
9058
8101
8518
5033
3874
4992
8170
4179
837
4372
6155
3557
4710
9373
1128
3076
4453
4444
6754
9620
4646
3120
382
3070
7297
5944
7219
5614
6862
2430
9930
1052
8896
1914
7144
3465
6513
6642
5721
4090
6396
4021
5331
8253
627
9261
3530
2953
9901
7376
1706
1130
496
7922
5166
5938
7719
5447
7735
7929
7773
2555
7316
8407
4442
5102
4661
2795
2229
7662
6562
7810
8722
2663
3224
624
7788
2128
2443
8036
2414
4265
5713
9486
723
8799
556
974
6748
1205
5746
1066
8907
7792
6317
3840
6704
6923
3811
5525
4599
734
724
2238
813
3895
2408
7832
4698
4541
8150
5590
3004
9699
5514
3507
6842
7830
7684
5642
4545
3687
6047
1023
1916
5496
8903
929
6346
9383
3919
864
8317
6918
3437
1680
3541
3474
8672
6828
6391
2724
6275
2207
3055
155
8062
9207
2277
2809
6998
8874
9239
8168
979
911
4686
9700
322
5317
4991
1478
1485
5315
621
7285
7273
6085
6261
3834
9966
3367
9157
855
9251
1821
7411
3840
7967
1760
7433
9695
8652
3537
2384
5045
1625
148
5938
2525
6993
3841
3151
3355
1836
4912
1238
960
1585
5770
2882
1976
2946
8442
2843
3630
9716
8383
8917
9157
3500
846
1732
8562
7883
5296
2826
7948
2930
5576
5659
7124
146
3736
6841
6125
216
5802
9019
4338
582
6450
2254
2197
8877
5457
6749
209
694
8753
5328
3241
1230
6781
9025
6146
2108
4588
5471
6540
2086
3290
8030
6009
110
5758
1829
9209
1601
6718
3414
3914
9364
4579
8574
7049
8591
9535
9685
2425
8546
2616
7254
4177
247
2417
5894
3365
4711
695
4016
5627
330
2479
2251
7292
8420
6245
2086
3119
3628
7539
8607
3975
5338
1413
3877
6650
8206
1975
7554
2572
4903
3045
7993
9469
6036
3853
5761
7693
9864
8464
4498
906
2701
7787
3584
6884
2327
1282
8628
2346
7449
6566
8797
1006
4008
3278
8838
8834
8540
9243
5158
2735
3140
1444
723
7284
4486
2782
1255
4567
484
4392
3254
5164
3041
7701
1274
7550
7829
6993
4323
6924
3347
5208
5122
8337
4247
6986
5460
2758
5014
6927
9152
621
3305
1763
7765
1256
7064
6299
2398
9545
26
4061
1862
3056
3311
3633
7965
6307
2003
1287
1004
1547
4920
8233
9387
7932
6322
2386
3036
7499
7321
8497
9553
3556
5240
2633
1858
1278
9936
18
486
1530
4594
4777
6898
9286
3346
2065
5025
613
9021
9153
754
3726
5922
7605
5701
5071
2375
9833
4934
4677
3262
4898
2224
1528
4508
8305
7816
677
1775
6687
6371
1985
801
9474
6952
142
1335
101
4586
4256
7360
2422
8478
8168
7743
5826
7634
7634
6932
6786
8902
102
5084
5808
8267
9696
2552
5369
4777
5040
4248
4347
8838
2333
2782
8768
2925
6448
653
5558
3735
2273
5247
677
7316
839
6420
4056
3785
8681
671
182
3745
4988
7784
6268
6901
4992
1206
7256
7590
5966
5324
9545
8
3013
3584
6144
5385
8975
2901
1185
6981
1374
3051
6629
4855
4406
8491
7428
3275
8496
1584
6096
4369
4066
602
3849
4549
6513
1866
7932
5242
3396
7968
7769
6949
5701
669
4303
7255
275
8670
4809
5780
9485
3200
2370
1937
1155
1412
2494
6501
3778
3980
9093
4382
9227
5176
5941
2410
9734
1595
8871
7108
4968
5943
3584
3406
5281
9679
9153
3737
4187
172
2999
9825
6774
316
4883
866
8231
1912
3393
5101
9371
1431
1463
9415
8874
3386
7721
525
4727
1892
7520
8680
9798
7701
811
3542
9615
8964
6655
1476
2258
8757
2313
3605
980
9267
7608
8911
292
5074
4179
7822
8201
3770
7737
3537
4479
4168
4531
1895
1957
8628
9009
2295
2652
4319
26
9073
9504
1340
1250
9266
5256
1917
2842
614
9118
7858
8435
9606
5778
8810
233
9652
7713
9697
479
6028
9964
7273
9063
5446
4432
4760
9518
3630
9747
18
952
6661
9241
8535
9406
8951
3824
4912
2565
6283
928
7122
4419
6620
5733
4925
6116
3147
8395
9357
4581
2954
3840
3998
9108
2231
2277
5803
4833
496
2399
9211
867
9099
6905
1773
365
7243
9403
1281
5828
2800
7132
4195
5099
2841
2854
2442
9712
9507
8644
6370
5235
389
5436
7998
2821
5242
9426
7175
6674
8020
78
2069
3884
1716
6255
5319
9715
3959
4559
8872
3744
7113
3528
1780
5822
9645
8898
6267
9376
9835
6091
5326
1851
6028
3975
477
3663
8907
8952
5123
7817
2227
4607
7808
2722
5062
310
3382
6586
7534
2727
5753
4947
9771
2626
8122
6861
3655
2175
3175
6343
3159
7799
6838
1929
4752
217
7856
7740
5777
1656
808
5006
9436
1055
1516
2505
5720
9058
759
9334
5516
9680
1842
7108
337
378
2080
3401
5853
3616
7
6731
5777
8779
4658
4428
7768
5878
7969
4844
2453
5641
809
5878
1918
746
5511
8716
1109
5616
1140
4597
1416
3840
827
3478
5956
9730
1591
4374
8137
4455
1887
2161
1648
4076
9229
656
6397
7088
4737
9841
1088
5915
6881
9874
8871
5964
5189
9591
4867
3364
2291
237
2475
5409
5315
1936
7952
1179
8471
8037
4287
3595
6707
7998
3754
8647
4229
7842
1516
4854
2318
4020
878
1299
3509
5500
6959
953
4607
9992
4541
1999
9507
4772
2163
1649
9686
6238
8761
7293
2704
5217
8617
6699
5554
7492
9207
8882
6119
223
1734
7346
8075
12
1045
8270
9358
1175
1900
9814
4976
6999
6571
8479
3495
2287
4088
1934
5835
2105
8961
7990
9080
4222
2149
7101
5403
4179
5745
6016
6293
8077
4834
4384
8257
7195
3924
9494
3727
3892
2290
8510
4338
8946
2317
5705
8645
137
3204
3266
3404
7272
3047
4013
1261
3743
8266
3852
7862
3944
2866
5179
5430
5884
3521
6899
2164
2187
221
6300
8363
4593
8207
1943
9815
451
3652
133
1905
6444
8455
5266
974
2478
2612
9020
5029
820
3122
4514
8929
71
1631
9782
1025
7110
3079
8454
5425
5418
3540
6458
9916
6903
4902
8810
9064
1103
4198
810
91
8132
1947
1418
5488
7600
4204
2952
3271
4500
1869
1344
9064
5707
7371
8292
2962
8425
917
2704
7372
5197
4708
6487
2904
1997
5349
4071
7575
3802
9955
3925
6622
2312
4422
796
8124
213
4294
3424
2905
126
5182
924
3548
2196
7393
4209
9532
6610
5848
639
186
1493
3438
4893
3424
5459
8513
3491
2251
133
5376
9469
4545
7943
4721
6752
1284
6574
167
2748
4130
7493
9799
7245
15
3783
2938
707
4603
1139
4539
965
7953
9315
3739
5129
8873
9528
7372
2664
1699
803
1172
2772
4750
5712
6379
5605
7474
640
2924
2957
6442
3100
6509
2692
1693
6193
4878
9641
2521
7806
8887
1111
5594
4410
1515
5229
4203
9592
7878
1756
9202
7503
1048
3327
6320
7027
2494
4302
7403
7333
3232
3962
8214
1582
4522
4853
2806
1047
3435
2680
4649
7731
142
3893
1916
61
7178
339
4196
1150
1402
7882
2762
1168
3755
8939
2051
3182
6371
4666
3698
576
2237
5188
4573
4924
2896
4011
9888
6662
2422
3156
6156
5198
7107
1470
7360
7154
1410
6259
9849
2154
105
6252
5931
5350
1200
7046
7826
5583
2801
9624
4675
8768
8982
4072
5493
4954
9320
6992
7164
3166
451
7534
8728
8245
1725
7564
4061
2284
1578
4897
1771
112
4817
1543
471
5985
9257
9223
3723
5850
6184
4304
3860
2797
8480
7388
6215
3034
5977
2405
7834
4418
9095
6683
1703
2570
7523
7685
3624
3636
2985
5542
4005
7904
7853
4562
3951
7438
3601
9507
5697
96
3268
1314
6981
6147
3674
5930
9765
4337
1348
1027
6307
9172
7062
7352
1017
8134
9840
7900
8462
1571
5598
86
2864
642
298
5956
4944
3917
3437
8777
9432
6469
6707
7737
1150
7780
9701
5555
8896
1592
7920
9287
2288
1958
9235
4832
841
501
3545
5816
7598
5700
1045
4126
4497
3182
8449
6338
5848
7717
986
5847
900
2570
1594
9837
2464
9325
6202
3236
8432
4284
9004
6869
3651
6311
7797
906
1407
5466
5115
4443
372
7620
1179
3732
5423
2581
3239
7967
9331
3362
9707
1178
606
2072
8386
9718
363
9397
2368
1516
4298
308
7384
3313
6696
4176
474
8186
5384
7542
4931
382
2602
6543
5474
3279
1391
7862
4413
9882
6085
8234
3905
5069
4576
7825
6262
1578
7924
8079
542
2009
3098
3598
144
63
236
7865
7035
1247
2107
5053
2583
1788
8431
9325
8576
4063
6597
5107
8326
2501
4984
2485
5431
6064
6403
2314
8736
8870
7913
8895
261
7305
6999
2922
7284
9003
6398
5411
3043
3526
826
3166
7775
1031
5651
2116
6638
5251
9249
2199
4981
2817
9753
8041
7025
612
8167
4080
3659
7922
9128
8164
3333
3212
4792
5277
4789
5508
2040
9572
7664
1186
2063
4800
1675
1817
4710
4399
412
4287
5675
3485
9621
5714
3914
7443
7552
8958
5897
6671
835
2318
1751
5121
4398
2661
9833
4562
6238
373
7327
1129
3210
9676
4535
3794
753
4952
6365
5207
5902
3768
3668
9372
2246
5642
8543
7619
9297
7349
7725
5830
9611
5369
8736
5346
9435
6942
401
9014
1984
147
8161
38
6960
4546
274
9945
1178
119
6689
2599
2593
689
768
7067
8650
2379
2875
8755
4117
2213
5265
8889
2647
1496
1518
7841
940
9189
4359
3810
4550
7351
3222
5755
5607
3629
2411
7700
5368
8598
6440
9178
659
5126
3237
8921
4600
1668
6695
7056
4067
1646
4896
9770
4882
9271
7390
5463
3027
2433
9005
1989
5760
2878
8048
5242
7466
5013
1460
5020
9967
5174
3386
5519
5773
6086
8230
7521
8259
2596
3240
9271
2493
7303
9743
2904
2454
3452
873
6335
6238
6947
4672
2935
9593
4450
3417
7780
7078
7995
1454
9587
208
1675
7088
8892
8260
9376
3996
8795
1041
9869
7204
430
9192
9733
9496
8457
3135
5144
2787
4014
4140
5125
8781
3019
502
451
5926
1323
2669
449
442
264
1142
3653
9063
817
214
850
4644
3078
9455
2078
5294
6369
9743
4242
3742
9859
4953
4960
4644
1934
5207
7440
5446
5082
2893
4069
8390
7808
3449
2673
6125
591
9426
6939
9288
5539
670
8678
8242
2285
499
9708
4559
2062
9830
2412
3276
6260
6708
6067
6369
7708
5805
8508
5056
3701
8206
3980
7924
6145
2459
6835
9628
6781
5952
4703
6943
2803
4953
8203
9188
6275
6717
2359
1434
5498
2880
3384
5252
481
793
2130
1100
7381
6303
8417
4785
917
1883
5586
7332
6690
754
2097
9825
3664
80
7777
6110
5127
5469
472
1306
8504
6879
94
991
3445
7074
9557
821
4822
8727
7443
5352
329
5734
2246
477
7535
9917
6025
920
9367
871
2497
5520
4620
2534
7769
5418
5103
7274
124
5011
320
823
2595
502
6209
7426
1340
3843
2325
4765
2510
7962
3311
6745
9495
7930
7833
7299
8575
5210
9444
9552
1939
7633
4382
4573
6370
911
9304
4139
5717
7547
8603
2431
5031
9505
3139
1744
4268
108
8577
2181
8594
4601
8361
4534
2209
7874
3038
9839
7584
7803
8699
4914
5567
767
8884
4961
6120
1635
1055
428
4538
8186
9047
4962
9359
879
1713
9989
4790
6089
3031
8466
6633
7262
958
7337
9272
9847
2364
8496
7872
9465
6554
7914
8848
3688
6863
4264
621
8177
5623
2633
9053
8148
7643
408
5554
3398
5174
1329
6160
3048
5048
1495
4772
233
8281
8305
9809
1546
5689
6272
9270
2558
2555
5073
1631
1133
6113
5671
4015
7449
9368
6613
465
397
9412
8484
9619
549
1783
5873
4673
1034
2335
4824
4416
5058
3142
8615
5406
8558
4454
9075
2487
9351
3362
6494
5592
2569
8776
4421
7285
9502
7313
8710
3680
8434
1030
4374
820
