5254
1145
7733
9221
9607
5196
9653
3072
3214
1809
8905
2325
7798
7098
4681
8713
8741
8396
2549
7446
2354
8071
7013
7465
6550
3397
1024
8090
8828
8933
5312
4081
8247
6621
5216
6537
116
5212
1498
1606
8778
9811
6615
6397
9285
1293
9542
8477
5188
8006
8843
3922
8651
4395
2324
7182
4132
267
2670
6210
4172
1562
4243
4281
6496
4824
4077
1177
1881
8144
8596
3529
6898
942
8667
2542
1455
616
8180
5256
3854
2546
2902
822
89
1389
5429
3851
4296
8034
2405
9848
2541
5287
7434
7216
5567
2334
9900
4460
7216
8365
6596
7044
9410
5314
7024
7709
5728
9781
5726
3516
2087
7414
2355
1625
8660
3421
4191
5106
9395
226
6880
3846
5738
8747
988
1610
3508
1451
6974
9121
715
3719
8040
5489
5949
5857
1412
4775
4365
7720
8122
4515
2307
8889
7761
5127
2931
5808
8555
2146
8143
4793
5065
6989
1484
2749
1306
662
4326
5413
4200
4277
2806
6605
2800
8368
9373
6865
5675
2803
2009
9415
741
1675
2103
2364
1539
6849
986
5861
8678
7699
2895
4828
977
5921
8654
1050
4004
3200
4551
749
449
8951
3519
3845
1708
5702
6088
9393
5753
6065
132
5751
137
8727
4052
3389
4886
9120
1210
4456
9676
8465
6735
6501
1381
7977
5628
6878
9714
8323
2861
2475
8252
1259
8966
1789
8156
8257
656
5837
760
1593
107
2612
7566
7143
4691
2249
1868
5264
6164
4884
1989
94
1072
1983
2216
7017
2464
3730
73
9209
9678
7429
3204
7657
7499
8877
9761
2262
5233
6628
8463
5373
3696
8083
8357
4122
8935
4237
3286
3378
5009
4449
2159
7976
485
8158
187
6982
9573
1139
5792
6925
5763
1550
1914
2678
9407
9908
9644
5814
2488
9606
31
9535
6421
6616
6398
2989
3626
8094
8081
8227
444
6695
4199
5229
5270
5228
7171
9341
8690
2778
2689
4094
836
1538
9610
2145
6169
5679
4714
9026
4592
7471
889
5403
4418
2623
1555
3869
1759
7197
3356
1478
3057
7565
6480
9067
7351
6684
7407
4179
2737
302
7124
9710
6916
5936
8699
4882
7006
4253
6819
7947
3380
9055
3634
2972
5805
8795
810
2646
3673
3301
7581
1492
9421
1210
1037
3270
5057
542
4793
9484
8271
534
6288
4290
347
1179
8487
8481
3924
6672
6863
7506
378
5409
8098
4001
3931
3507
3261
8555
5874
4760
505
9435
2720
5631
288
5705
4899
5428
9824
6463
9459
7334
9675
2845
2766
9344
2625
4626
308
2328
8722
7001
6438
75
1114
4012
3112
7035
9339
1549
7280
6238
3610
3511
29
6853
1569
4715
890
2782
3582
8495
6848
399
8047
3043
5733
5253
1235
4587
882
8635
8247
3545
6038
3504
2997
2645
4517
6276
2593
7864
6089
8274
9182
3220
3724
6164
2815
5913
7774
7909
3735
7526
8746
226
152
6038
2027
8070
8278
7858
5799
4751
667
8645
7991
64
7472
6524
3855
8923
198
4614
188
5718
2405
8573
1216
4826
9319
9569
2437
5322
6812
2973
4899
721
4799
5812
3351
6959
617
6446
7997
4734
2064
1337
7607
537
5229
3659
8691
6291
2057
8851
7710
9121
7337
3028
7820
1579
4821
7201
8751
8709
5421
476
7939
7693
3745
7269
5265
1660
3173
6895
8305
3751
6616
5454
3653
1068
965
679
9596
5659
877
6146
3264
7961
5263
5777
3383
1771
7991
1772
2138
3416
7695
9288
9312
1587
3398
9914
6792
7959
8394
7031
3117
5162
545
3959
2505
1882
9374
6752
613
4142
7604
3092
7831
9275
7212
9978
2430
7968
3886
3493
3668
1401
4757
4889
6055
7327
6141
2065
7669
1051
3887
1636
7265
3845
3028
8102
7416
1303
3272
1501
2396
1239
1158
7996
5811
4603
1457
37
4375
3420
7484
8823
4073
4900
3363
1716
404
5655
7903
5178
5740
7309
9082
9561
254
5968
5826
3985
6247
9110
2561
1126
4696
2384
1097
2429
242
6761
9077
1452
5870
6104
7689
4249
3567
5063
7562
2365
482
1311
7697
1760
3399
8094
5760
5087
2156
1596
7741
9843
8776
7471
3789
5265
858
6357
4127
1689
3802
933
1473
3643
6577
6450
9307
9636
9619
4833
5994
5191
8405
3460
3502
4935
1412
801
7726
6602
6624
6010
272
8645
9019
9234
2675
8398
2315
2424
3391
7210
935
5873
8562
9548
9837
4054
5183
6948
8786
6124
5467
7323
5602
2549
1437
5315
3968
8854
3852
57
8630
7525
5064
7792
661
2827
4623
7342
3775
909
7320
7194
1441
8784
4255
2532
4898
3954
5097
7358
5617
777
7815
500
542
2948
3043
6469
7797
7360
4429
3460
8571
3334
8579
3409
809
770
8887
7009
9430
7840
3173
7876
8803
8273
5882
6818
8293
8905
417
14
3757
6494
4439
7852
9709
4563
7250
7712
9784
8153
9545
6415
6479
3860
8622
8107
204
846
1722
4127
5066
8087
7927
7777
7603
9939
1697
2269
7066
6225
8175
8891
6942
4415
9703
2077
8895
726
3699
6245
3519
1174
7225
1276
8294
6758
1396
4942
9650
7774
6613
7447
7182
6289
4947
5669
8566
6661
248
9770
2866
4981
646
3559
9978
654
9472
2064
4156
6545
9212
9477
7146
5477
608
3892
861
6651
9482
845
8542
6754
2618
9291
9611
728
1708
652
9467
4034
3511
2233
478
3929
3379
8538
528
3666
1298
7640
7286
9332
786
3105
8562
7136
301
1705
5681
1055
4807
1914
7179
9403
1227
6111
2362
1354
3947
9249
8945
8820
2597
122
3033
6979
8999
3216
2097
2069
3364
7195
5352
1842
3559
9210
5968
9513
729
2475
426
2
4970
8412
9226
1596
5053
1074
2701
7267
6175
9173
9718
2048
8694
8465
6734
663
71
1583
8136
7084
9607
3611
7690
7612
6561
5337
5844
2017
143
2848
624
1472
8823
8942
3849
4185
896
1437
1925
7925
515
4829
5893
4190
7476
3304
3147
5093
2475
5305
9441
9146
4338
3342
394
1358
721
1614
5034
9716
5229
684
7124
3327
8549
8246
3225
9751
4616
2549
9766
8634
9657
211
6568
4778
7718
3500
135
3257
2189
751
9541
4837
3407
1478
7133
5480
8547
2490
3463
9282
6402
2208
2695
9830
7705
2566
5641
9230
78
3395
477
9926
5538
807
9488
4127
6773
5616
3640
7220
1478
1776
7527
4478
1143
2287
9919
7071
1112
7744
1203
2125
9085
484
2231
7448
7516
6738
7072
5151
7859
904
3178
8793
273
9615
9299
2599
1989
3006
8706
2930
8849
6242
7803
4625
4681
8216
8687
5418
2646
8569
8118
2334
2192
8352
840
5053
8575
2040
6611
35
8544
8489
9361
573
8598
8733
4204
1528
2987
7320
5081
8105
9037
8272
3275
2842
2680
7605
2766
9299
8050
1654
2504
9289
2786
844
6601
1921
8774
4245
4023
9949
6395
8671
4386
360
6881
7229
6027
5948
4011
7159
2430
5326
3488
12
3296
3919
5076
7997
2372
970
9273
7311
1984
6889
5985
72
7787
7753
2132
2283
2753
8742
3296
5132
1710
366
3885
2915
5961
5450
1578
6818
5287
890
9224
7178
5801
2774
7548
2681
6845
776
1872
3053
676
9083
6686
7497
4375
6809
9442
8273
3815
1728
4406
3687
2029
8355
8301
2929
33
2161
2036
6921
9391
2454
2023
1094
7665
8806
4271
5012
205
9450
5437
1976
6869
243
4456
2626
3679
6388
8540
9152
6008
3304
3002
3559
6484
5536
5148
7445
4472
4618
2648
4684
8740
4950
3661
8221
7060
5592
9832
5568
2538
4430
8067
4365
6290
2429
6818
1786
3899
5675
9249
3644
3620
2884
913
6086
9451
8464
4609
2128
3657
6825
540
5587
6801
753
3236
1919
6581
6234
5566
8087
6556
2972
6614
1578
5237
8637
7268
4055
8718
3362
3545
8797
5368
9003
1063
5856
4036
7575
8770
8595
983
7703
1910
5712
3889
2480
7563
5537
9192
4898
5204
7665
108
1162
7088
648
6270
9335
849
814
1195
553
3410
295
3280
1743
218
7798
9689
7380
7882
9006
7464
6970
7103
8853
1061
901
7688
2756
1073
1731
4862
3819
8158
5879
8688
4206
1915
415
9585
4700
6725
7956
7400
429
4292
1615
2431
2146
2262
9765
5847
1812
7015
6198
201
3138
4058
8235
9586
5368
1647
8093
9740
9463
5690
9591
2136
7400
3054
6012
5883
9274
7794
3182
2280
9508
9570
6674
4560
9446
8470
5541
493
1308
5884
3050
6803
1960
5678
5550
147
3679
828
4217
3053
8631
8215
7936
4739
4701
9478
5031
9091
6250
3882
6572
4017
3833
3917
693
3568
7384
3674
139
6898
6105
7599
8431
3579
2639
2787
176
1721
7504
5864
2203
8446
3576
128
3649
1292
1633
1935
9858
9968
3438
6450
4243
7426
9311
9033
2970
8042
4985
1982
2763
4
688
7319
6947
1032
9784
4357
2099
1914
9301
3309
1587
385
1678
8126
440
3704
268
9401
1934
5449
3815
171
3459
9655
3355
1004
4267
3606
9817
2134
6736
5522
3101
2198
7757
6257
3181
2616
1507
7276
9835
7944
666
129
4862
3858
5747
1185
8592
9265
7774
5584
47
7313
6189
517
3860
7292
7676
8779
89
8492
2097
7167
6572
6064
7283
9480
369
4183
523
7651
7893
4658
5613
5871
9504
3330
4792
9497
5256
3082
5013
552
4359
1152
5475
5787
6009
7239
2396
5889
4940
2727
7186
1342
5847
3499
3556
8798
6575
6267
816
4408
8741
122
7690
5389
1700
317
1012
530
2499
8179
3522
7007
3479
1545
2807
5420
589
1495
3471
3129
1786
4634
2711
5165
7471
4270
23
6005
9773
5994
2922
8989
2265
604
1810
4236
3461
86
4087
5691
6227
1866
3389
6761
9205
179
7863
4302
691
8135
8208
5079
2796
7686
2622
4107
7411
2524
7917
7429
294
5007
756
6505
5256
4533
4741
2874
9734
8571
1959
503
7407
7779
6902
9919
1244
5949
5960
7292
6406
5721
5313
1638
7785
7842
6192
4579
7982
7703
6825
936
2168
6657
5397
1219
1110
6884
1504
4671
5437
4989
4567
2120
6176
7705
7671
5016
784
2702
2862
1462
6564
625
1023
4573
9693
9118
8720
7414
8340
162
4891
2031
1746
1022
8335
750
2382
5682
8809
4359
4445
1288
1854
1416
1153
3193
5461
79
170
1175
3794
5280
4840
5362
4371
1542
5634
824
1525
1991
8164
4090
6330
5275
98
2535
374
5153
9370
6921
2634
5101
3892
8502
7016
5275
8771
9606
3419
6500
3656
8640
7243
7165
6368
9611
7191
6383
6650
6792
5115
1558
4157
6817
6195
354
4957
6579
1318
8617
2818
308
709
3249
8541
8692
1387
6337
8346
9096
2770
6027
7404
5024
8334
9524
6847
9165
8906
486
5344
3991
8502
2577
1805
1075
944
7075
2307
6662
318
2192
8287
4801
3682
3348
7931
3994
8623
7675
8224
854
8037
7554
4021
9087
4154
9132
8482
6671
3507
5792
7672
832
3273
8827
1805
8131
1443
7465
7748
4312
4029
1683
8777
578
7740
2602
1342
4986
1593
2852
541
1231
2262
4489
5954
948
8555
2718
6921
1811
8592
5636
3154
4525
4519
7455
1528
4855
1543
9799
2550
1157
9926
3912
6824
6353
8776
3443
1347
1551
7790
3496
5078
654
5250
6440
8570
8783
2872
857
9576
8725
544
5936
5719
8393
8529
4251
6058
284
1073
6487
3443
1793
301
9383
1304
8349
7665
9601
2171
5112
1370
5369
4021
5095
558
2500
9275
8079
8885
2745
1982
685
223
3825
613
3990
8192
8431
7824
4525
7384
1062
477
1303
53
3284
352
5866
5136
220
1118
3271
8686
4463
7354
5174
1914
624
7835
6028
4976
7979
1398
8328
4504
2757
1570
6476
8770
7314
157
9233
1776
7646
7727
307
4891
2718
5042
7273
2147
3409
2943
8665
1627
8711
1999
5759
6471
5438
2075
7568
596
1795
9548
9404
9663
2149
6798
7296
1713
3876
7096
7821
63
1884
1494
1039
6736
7046
282
9196
5581
561
3881
1567
5036
2733
6700
5792
757
5811
4
3331
5238
2588
8637
9981
8097
8322
643
2742
5919
7746
5560
8270
6313
5121
8602
9742
7216
960
9023
9424
5156
2878
1986
34
7913
7981
4368
6930
5449
1006
6538
5902
3871
3764
2582
7474
3247
1513
2942
8413
6403
7540
3277
7835
5001
5610
5254
9915
4131
6957
8576
9797
6788
580
8174
2360
602
8602
2067
115
3954
3713
7293
4913
1207
9657
4399
2548
2538
1128
6495
5703
8017
610
3021
7616
9601
4150
5033
2303
2727
4453
2798
8491
2429
6741
9114
3291
5589
222
6871
4645
9445
2826
4458
2689
247
8363
6628
5343
1211
2705
7376
3003
462
2872
1779
6178
7558
558
2758
6451
3568
9763
7388
9501
914
8801
2483
4465
543
1107
6958
2316
4256
1849
6257
5190
6151
331
7368
1237
7522
9689
1092
21
7076
9795
8028
9556
4962
2936
5732
5030
7464
419
1076
9681
5438
4957
1775
1445
5880
2162
4799
103
5747
5060
8747
8612
6615
6588
26
7227
3190
1520
8928
3879
8671
7366
2424
1119
772
2926
9503
7607
5374
1927
4852
3836
773
6575
9752
1194
8555
5922
5357
5360
4889
988
4274
2016
1048
9416
2941
8373
2909
8504
1840
5943
1490
7197
1010
8072
2532
656
672
2953
2658
7192
4729
3819
208
4910
7839
39
6836
8831
8671
7267
6162
3568
8989
7683
3091
407
71
1356
9985
1130
4697
6869
87
8908
2345
3575
5565
1679
8661
7899
5250
2404
2701
7697
6259
454
1808
6137
1576
2901
1536
4078
9833
4573
9780
7922
8208
3326
4980
2124
585
9316
2967
1528
2494
7859
3732
1299
2564
4263
4474
5157
169
772
2017
3758
866
1291
1424
2637
8599
3933
9780
7084
9593
619
7036
5513
9128
4423
5367
2238
6698
6536
7314
5934
9437
1173
5203
8399
6721
508
3572
7312
8426
6379
3908
9060
2556
6022
7055
6916
1901
2343
3525
6651
9535
5883
1934
1874
822
8219
2171
8141
8896
2235
8458
3632
3457
6083
4321
9693
6088
3024
5915
8090
360
2467
8657
3214
6711
7975
2957
3105
7367
8450
336
4355
3011
663
6398
3554
9239
3328
7577
8502
8337
5431
8416
6190
7921
275
5603
6473
1701
7362
828
8877
6428
5435
6291
7068
7225
8720
5162
2846
5261
9065
773
445
1899
4102
621
2794
9685
767
453
2759
5447
7412
9752
4928
4050
2466
5292
6436
2372
6484
1404
5
7622
1459
7926
7575
4371
9329
6328
518
8166
4730
3241
9271
4658
7971
4291
3818
9653
2809
6787
934
6908
8068
3429
9016
5682
1362
3018
4758
3427
8726
474
8776
7661
768
2822
439
6176
3046
8422
355
4438
9935
4593
717
4170
480
270
6078
8175
1473
6782
9563
9696
470
3096
9554
8030
8910
1892
3009
6311
1569
7090
9440
4255
4464
1610
3889
5149
3852
7642
6607
4386
6432
6495
6973
3475
2711
4845
5201
1091
6939
6583
1954
1943
910
9080
7191
7672
3268
2409
7265
1153
5412
4044
2868
2844
5152
6461
9706
8870
6381
929
4323
3831
175
5176
3264
3974
6122
6078
5318
4064
6690
1918
9371
4986
5136
7496
3344
5384
4418
6217
1880
1442
377
5453
8974
2387
3627
4129
8322
6250
5139
6331
4710
6009
2259
8122
1767
5734
5816
3217
1549
7189
7090
3200
4463
3494
4673
7881
7707
7656
3116
4322
4451
163
9048
2880
3454
4722
6202
876
346
1993
7755
9068
8925
359
7207
3361
2726
7013
5729
7610
9568
1201
4668
4691
4352
7176
989
5479
7714
5745
6421
666
3133
817
1879
4546
6961
9379
4668
7044
9531
4939
2870
9555
9434
8022
4274
4104
6286
1311
5154
693
1927
5505
4754
3250
5495
4357
8528
6277
3733
723
3162
4601
5572
7089
5934
8108
8479
2661
6400
3347
2345
8684
8079
4628
8331
5112
5256
6329
2901
6885
9192
6403
590
5727
8739
7628
6063
8628
9051
2603
851
8391
3311
8808
1777
8268
3983
2344
2088
6166
5624
3625
4911
1807
8348
3242
7426
125
4918
383
9100
2198
3376
6847
1530
6758
4010
9844
8350
8306
2045
9851
3610
3796
2496
3953
5372
9270
2851
62
1128
2912
4241
6735
1260
5567
1491
8783
7378
5496
201
5937
3710
8667
3503
8653
5014
6463
7278
5018
4257
4138
3994
3782
4121
5773
15
1114
9311
4394
7870
8156
7274
4856
9254
6188
7956
6641
5586
5963
5267
5227
2466
2853
8104
6107
6140
4942
293
3843
8939
8908
1992
7832
5805
6990
8917
459
2613
5487
5551
377
9472
2983
7625
2045
8663
8854
9413
7314
696
8373
877
1315
9751
9030
1672
1140
5677
8013
9632
5073
821
5467
5455
8962
6163
9442
9050
2264
7270
7496
4027
99
411
4890
5755
9482
5228
6059
7444
7286
5529
2978
3146
565
8031
677
8081
6774
5317
7776
4782
4600
5855
478
9555
4004
7527
8663
5881
9221
9803
7148
44
3199
4346
777
903
4861
3274
2190
5912
9617
568
2345
9544
7842
2321
4890
930
5486
1360
2275
6947
9494
2714
9426
4244
9932
5334
1750
1954
6564
178
8223
7483
8380
2934
9946
6218
7253
9773
3219
3500
3127
1864
5164
4031
3509
934
1712
1682
2637
7732
394
7860
7527
201
550
485
4919
6533
971
9527
1523
235
9347
9439
2345
4861
1163
4908
2375
8671
3676
5713
8141
8775
3819
7629
7550
5394
734
8997
3621
68
9317
8831
9783
363
9956
8178
2384
9461
1299
720
8801
3692
1976
2891
2516
5724
1686
8648
9770
6804
9307
3965
4055
4681
9719
8751
6382
2920
2935
9525
5799
1973
5905
1455
918
516
9655
1981
4905
2985
2524
2914
7372
2956
6911
4448
6799
927
5113
1825
3707
2086
9226
6817
760
5351
4775
5102
644
1205
1796
9464
6525
1774
4920
6827
7787
520
1973
2000
6069
9705
3742
6785
4279
6393
6593
1099
7769
5270
1951
5454
7806
1109
5817
3713
2747
9088
694
5566
5740
4552
1337
3700
1189
3060
6388
5598
8036
83
6660
6279
8954
3113
5755
4002
8343
2441
2537
4367
8757
3676
7333
5373
9253
6342
1657
5416
5957
1207
4080
8699
9825
6406
6259
1516
8368
42
5596
1219
5
995
3062
7686
8610
5672
6499
4693
5353
1814
5370
305
6550
6327
6808
2063
7219
5963
4446
4846
1403
972
9641
6829
6002
7961
6453
2547
6853
4239
5634
8300
6844
1318
4362
7762
614
9646
6763
3580
9842
6963
62
4142
5837
3774
2148
3498
9597
4195
4296
2404
5596
749
9816
9032
1353
6233
1683
648
9219
3951
7840
1114
6180
7069
3461
5232
1964
9045
1449
7573
9200
866
5004
4439
909
5498
992
2227
5812
2955
2949
2657
9943
3230
2704
6095
1501
5329
6408
4380
7963
6114
4361
5890
9123
8947
7962
8767
313
6916
1533
551
2746
6723
3203
4730
5745
5376
8122
5855
5241
9455
4835
6264
1002
5182
1171
2949
4365
7365
3730
6635
2637
7069
9609
3086
6504
9113
5316
1961
7536
2224
1914
8896
1421
2397
9911
3219
27
7974
350
6124
7206
553
9139
8507
1279
8097
4888
3940
7776
5012
4401
2948
3185
4897
7914
5677
7113
117
8225
6631
60
6161
8318
3016
7541
5939
4842
8604
5271
7951
2922
6391
7015
7605
9429
2083
7929
1101
1807
8407
4225
1375
4185
2523
7823
8966
5710
6524
4482
4234
6105
9910
9748
3718
6064
1045
2235
6123
966
5339
3255
6284
8669
9825
2090
8010
5932
5579
5468
5831
7747
6011
8309
9818
2406
8684
1975
5795
5192
8575
228
8318
4121
1036
1845
3011
6642
3296
1540
8383
9847
1806
135
6467
5151
7940
2706
4359
432
9812
3033
131
1055
8651
6486
94
1600
9930
1312
7380
9069
6440
930
2390
5111
4937
2162
7632
7979
9078
1368
2635
4038
7085
5983
5940
5875
1842
4666
4465
5977
7616
5362
5380
5542
97
7262
5470
4549
1751
1411
6711
1984
4160
9314
3407
876
7745
1355
214
5778
5073
6379
1353
8444
397
6092
3970
2667
546
4218
9757
5264
6846
1402
1453
1077
5550
6848
5014
7674
6692
3083
6228
7667
4656
651
9878
7770
2576
5064
8130
487
4451
8687
904
1236
4008
6935
5144
4005
3292
2803
4003
7532
1654
1447
5138
2757
7861
2330
5325
896
6341
2540
9085
1990
150
3686
3788
9746
6213
6199
91
5481
6087
9270
812
8158
498
216
7068
8614
1704
1009
4381
3888
9079
8695
6012
3208
5512
7120
9909
245
9738
7233
4145
1910
9601
8914
1085
321
3147
5397
7791
7093
2712
8522
1445
2383
634
6979
2259
7644
5261
6711
9192
5332
8158
5197
2910
1454
7673
579
4233
9092
6289
9845
5742
8853
5124
8902
8557
1584
9130
6747
5467
6306
3217
7288
1176
557
7250
3629
2574
8532
4861
2265
4984
3027
8041
8813
3751
4404
6003
9630
2647
2567
1163
8699
803
2866
2780
2591
7259
1732
8422
675
8514
8514
1243
2885
2114
870
4020
2353
4204
4044
8005
5700
4231
4024
4861
2714
812
6310
5150
4152
5580
9499
4099
2899
5142
4518
6484
8309
7776
4659
6369
841
110
4186
3751
6469
1783
5155
6699
2881
383
3649
5426
8603
4562
5462
4468
6779
8005
65
1779
948
6582
4270
5094
9014
4414
8344
7742
7596
4385
5711
4576
9544
7674
7163
5590
44
273
8391
931
5656
9611
2268
3768
1930
4072
5496
8336
9680
50
9704
304
7711
2879
5421
4259
5840
9091
4736
2054
3438
7413
9103
8495
4672
9072
5881
928
7399
9872
4423
6506
9614
9134
6123
1337
4313
501
3163
4941
8918
8
8062
7545
4680
5406
6865
6665
2253
2903
9750
953
5536
6336
7492
8242
508
3773
9095
2858
8191
4568
936
9808
5627
3198
689
8577
6756
4084
9945
5338
5928
9795
3136
3430
9350
1557
3814
9265
2207
9216
8674
4495
121
3470
969
3277
1641
7880
828
540
1405
305
6750
4350
9071
8254
1918
1482
4716
8288
9908
8169
2958
4411
5025
5741
3200
4061
8892
8950
9958
9829
650
8974
5893
6441
9686
2156
2228
7412
6935
8876
3255
9405
3932
5622
3044
8785
4359
1095
9638
2332
4548
3918
9307
505
1537
5709
8445
5228
76
7580
8988
1878
581
1576
9654
7775
8457
2629
8568
9762
9253
7304
1353
1032
4914
3553
479
9402
2696
4415
9701
7796
9312
7626
5280
6731
9666
5387
4904
3976
3711
7000
7335
9354
9887
1377
8823
2356
5967
5269
328
1730
2527
9876
3078
7244
2565
8275
5591
7983
5230
9042
2531
5661
7878
1191
2565
2955
6295
2923
8108
3069
7725
4591
6050
2252
9968
1998
1144
3537
4730
8122
3435
7427
4086
7971
5268
9435
4547
8036
4165
1391
9796
6920
8745
4669
4469
1674
1476
8696
8811
5867
6061
3044
7160
7258
4004
7935
3826
825
7276
567
7130
2054
3253
7108
5607
5104
1574
9907
5923
3129
8408
8259
8757
6717
3273
805
5846
1381
7783
8294
522
2448
4725
8862
2061
390
266
6828
3966
7332
5609
3721
760
3598
4261
7741
3666
1637
9061
9365
99
1568
2773
5681
7459
7801
4286
443
3985
3199
2089
2444
3041
8981
45
4681
7328
4391
5046
5216
4837
4746
5940
8590
7520
4686
7499
5159
2455
5531
7138
4209
2319
8418
8195
8953
9675
9044
1403
4259
6103
9823
2842
767
5243
3165
679
1778
3552
9579
413
9275
6590
3845
4527
5352
5628
4182
8161
2772
302
9127
7987
8453
6060
7880
124
4623
786
1091
5005
8284
2987
787
9112
5014
1903
5173
3346
4354
4006
5720
1606
2876
5118
7863
7618
8474
3891
2842
3325
5492
883
8630
3956
6976
1835
4389
4706
7362
3040
6056
991
2460
4573
2129
6287
5802
4732
9513
3448
455
836
3806
8766
4581
7521
5111
3335
8197
261
1650
732
7943
7766
9513
7400
4356
6830
2136
3178
7514
466
5983
1314
7950
4728
9145
8302
2989
1575
1815
3742
4377
9393
2870
4656
7076
9864
9375
9454
6723
1053
6509
7101
1390
5324
3048
4694
5060
4728
1931
8972
2595
6334
5934
9988
4852
2491
816
9852
8375
6809
346
6621
8445
7907
6354
8549
4896
4856
324
4492
7455
2681
6455
6460
3956
8882
9924
2625
1680
4451
3241
8261
9644
2843
1146
8042
3459
2881
9804
4585
9048
9522
1079
9914
707
9888
8655
3482
8969
4498
9797
204
4404
7438
1516
9914
9879
9473
6032
5969
2567
8190
8172
3923
3567
2085
6977
5601
6761
8311
5090
2014
5051
5738
5443
7933
1601
6541
5753
4068
227
6441
3655
7181
4653
3037
3857
2205
1327
1232
8163
3986
6848
3835
2017
858
1350
7156
6346
8621
2911
3053
6721
658
9408
7782
5152
8665
1994
3583
8312
3338
3719
1964
5742
6125
4534
990
9269
530
8228
4771
4274
5528
148
1103
5166
1216
3721
4585
6583
4445
194
7131
1156
7173
9720
2997
7773
6871
7884
5191
210
7744
2920
4825
266
4884
8092
5892
6323
359
7886
5816
393
8139
8778
1192
510
8304
2616
3936
4943
7409
6999
3866
3143
6587
807
8568
6404
1536
3216
2398
2645
3036
4560
6530
2608
5322
837
281
3123
7828
8262
6223
6559
4378
6738
3017
8394
8527
2487
9468
4254
3948
247
2801
744
9053
1682
3678
4076
9524
9487
4786
7142
5487
3170
7357
3579
2248
8584
5187
7467
2334
812
7114
9146
776
7307
8764
9849
7790
173
7877
9049
3748
8144
8697
2788
1758
5785
3555
3639
7158
6205
3599
8341
3475
9081
1071
1208
9381
9438
6146
9943
7299
2001
1919
3135
3132
3654
9968
1746
2918
3829
6286
9350
1610
5736
3394
7343
4472
4568
1820
6463
5029
1547
308
6129
7213
8773
5671
1695
6235
7555
467
8352
4027
7933
1750
1746
6224
5562
9655
8104
5816
1808
721
3328
9918
4248
6731
7738
5686
3727
6736
4812
7617
9683
4914
5751
1693
5790
5921
4359
7983
8273
5510
5362
3361
7933
5323
3676
3986
1648
1119
8910
4913
3716
646
3220
826
6979
6210
2965
2041
7932
6008
2507
819
5654
734
4344
3019
5998
53
434
9640
5295
120
7543
6297
5359
9966
1985
8924
3055
3751
4038
2608
7825
9899
3901
9036
1693
4925
4713
9579
2955
2317
51
2265
3003
4543
7707
7199
979
656
7988
1594
684
9269
9617
3595
3102
6922
5466
7012
4225
4041
8986
4180
1970
9899
2993
5754
6832
5307
1325
1072
5339
854
6685
2978
69
5278
3294
816
2259
4785
7944
2398
5763
2443
1923
8556
282
306
5933
4771
9458
7700
5354
8914
3330
5870
294
3103
1549
1952
366
5671
9331
6915
6255
9830
2583
6638
3526
7824
3627
4650
4753
9439
6096
6588
8417
9526
7975
4436
5472
6526
9373
6554
1614
7639
5500
7770
9647
4199
4983
190
9266
307
4418
2272
3066
8847
6188
2093
5972
3644
6780
8109
1143
4807
2947
5914
2817
6742
7452
768
5128
7112
6480
3840
6298
2776
5301
8615
4329
4813
6991
9326
2841
3437
5384
4445
5020
3823
3521
9570
3338
5881
8464
1827
9746
1264
5411
6806
4691
9586
4952
2904
6746
4215
5062
2154
3827
578
5974
290
3545
7572
7764
1159
6652
7453
5268
7706
9423
8502
893
8994
3220
7882
7429
9246
8648
4652
4093
5033
7364
8495
3924
4742
9860
4086
2580
8626
8374
3229
618
4442
7848
3231
6024
5765
8117
7304
5175
2293
5996
7705
7382
6189
8693
5958
9683
8864
6785
5816
3506
9174
6485
940
2925
5050
3648
3021
1299
2566
4872
6641
9331
6193
7883
6451
1145
9989
1858
1663
1129
1343
9477
1799
9037
9659
1112
7734
6049
3901
4402
3716
1840
2558
9723
1443
7956
6908
305
973
2117
5096
6005
2608
7420
9354
8373
1189
8305
2241
4812
9694
7005
5121
4687
2162
9697
4685
1903
3265
3938
5913
6971
7397
8163
1156
4801
6773
6469
6440
8494
4237
9684
884
9546
6032
5338
6868
4379
9683
1285
9923
9428
3807
9089
4708
6710
6718
7871
7561
1745
3270
5004
7039
7035
6204
8124
8607
4444
6263
4552
1600
4719
1865
3747
574
9
6120
5575
8654
6824
2829
306
2219
1980
4015
6484
3163
8307
3455
4446
8082
8902
8908
4694
5223
9232
2644
3849
3341
7908
6730
2423
8115
5130
9685
5204
7563
60
8514
4698
589
1143
9216
736
8916
2964
2785
5059
3020
9719
4961
299
989
1817
6470
2698
5810
7170
8523
1341
7365
2271
2233
746
94
405
2190
7089
2295
8810
8921
3103
9793
8757
3856
6939
9685
8172
5777
2258
6447
7585
829
3622
2947
6430
1434
6298
8659
6986
9393
392
1536
7173
7332
8318
8909
8470
641
8511
774
5695
2763
4209
797
1857
506
2232
7960
9531
3013
7637
1392
6265
4893
9780
1441
8610
7799
3664
8971
5892
8429
5308
9417
8529
1566
2619
1424
5538
8029
1214
7530
7266
1484
752
4821
6620
2825
1089
5923
9201
8337
9128
3973
1756
8999
5271
2279
7552
6876
298
671
6977
9540
4881
7265
7455
4792
2267
291
7887
808
2421
1501
1798
107
4126
4780
4141
4958
4821
5785
6709
7740
9769
7554
9301
1334
7661
9530
6295
340
3871
8662
7730
542
552
7726
6603
3486
7366
1828
557
798
8036
8393
5915
7626
2175
1648
4872
491
8137
2593
2054
4513
3962
9237
9770
7326
7964
6120
7130
2737
3995
7546
6936
3759
3770
1255
9554
6399
8177
654
7592
2993
5227
5911
9704
1375
1639
1674
9159
6012
4657
5803
2202
1277
6607
3217
6580
1315
7955
9276
5522
1246
4697
7820
6802
489
1457
2155
3856
919
2094
8473
2313
7483
5001
9061
9286
8050
9532
8395
5687
6289
6960
1118
8079
8191
5344
5659
7152
553
4675
8238
8443
8901
5131
6346
8296
7406
9109
9214
9918
9483
7818
8240
3917
6184
3490
4718
6276
7546
3931
8530
1782
9560
3588
9233
4285
3578
9740
8610
5145
5797
5003
3303
6243
3855
29
3412
2351
8655
764
1879
8941
318
8476
6204
8471
8719
7201
1895
4701
625
9382
9605
6621
6145
6456
8883
5312
5898
2060
4718
7666
498
4068
4120
4479
4515
1996
61
6155
77
2367
7620
6781
2052
9588
1463
1084
7384
761
5566
6377
7845
3908
4520
6414
5397
6681
98
7399
1146
8100
6453
6594
6046
4213
8442
6250
4355
1725
3956
6722
7139
5740
4624
8257
1762
2824
4569
6556
4992
7798
7928
5136
6494
8340
9821
6590
9547
7705
9081
7833
1898
2662
5009
1976
5913
1025
734
7838
1146
5213
6728
5659
6805
8843
9238
2104
9283
6262
4652
2573
2111
3541
2407
3347
172
1316
100
7705
4392
1852
6702
6650
2643
6122
4824
4476
731
2648
2344
736
2089
6730
5410
9778
1070
2269
8330
7651
9102
7716
7306
3285
3052
6507
5722
8356
255
1662
1804
4596
925
3028
3446
9293
8511
77
3015
683
4018
4761
1373
6635
3918
3916
484
5380
8131
2628
2276
7903
2986
2449
8603
6675
4545
3417
3597
6136
399
6467
4221
9069
844
7747
9811
9060
3284
6116
1266
992
9253
7647
3632
4340
6343
671
9366
9136
6023
341
225
7626
9385
3901
1610
8475
4425
6770
4748
5094
6480
6879
283
7550
540
2303
5790
6171
4105
1423
2096
2014
1362
1283
8649
5338
8816
4262
332
3873
4050
4461
112
57
6242
6595
9683
6943
6136
1335
4635
6513
1368
6172
4512
2374
7363
6082
3800
4039
4880
3195
5031
4599
8245
8211
6264
8102
5251
6272
9659
162
6438
874
1044
2019
6766
225
1308
3945
2620
8847
34
2769
6788
5583
645
5189
6770
6274
7974
2734
462
6293
8992
854
9429
5513
1812
8031
330
1581
1691
9864
1675
4472
74
493
5127
2493
5608
7138
4774
9855
1419
6033
3160
2261
7810
2662
7565
1074
1331
8977
8297
6925
9700
145
1881
189
2589
1252
8412
3277
3614
1038
7156
170
1093
2316
5508
152
61
4277
665
836
7959
607
4873
2959
7693
7167
7703
9150
465
9256
250
2713
1566
4750
4772
9929
8611
4938
9903
4356
8725
1497
6240
380
8876
2990
1167
5494
7153
7413
1012
7053
8312
7461
8965
9093
5271
8922
2495
5421
3549
9262
2811
4357
788
4442
8603
6343
7544
5578
1540
5123
4374
6309
2110
6462
4366
4492
4082
4703
6000
2209
1996
3052
8244
3196
4401
4105
5785
5678
4657
9689
2442
4481
806
9462
8685
1882
9592
4434
4387
4824
7949
1574
5872
5888
2679
2002
5350
2502
4727
778
4839
7792
9421
1340
7266
9759
6113
7592
41
4498
557
1865
920
1851
2680
9892
5502
2647
7776
2483
4900
9648
315
1175
4259
421
7179
2355
516
2398
8754
3282
951
3879
4849
4650
5060
9466
2196
8926
5769
2000
4392
9889
4266
6084
653
4021
3208
2787
6499
2703
4726
2244
5877
5190
7476
8246
7081
6844
2579
3758
7075
7642
5743
7275
913
7041
7001
8030
4832
6036
450
8850
6714
2900
5256
426
6908
8174
9767
3158
9146
7729
5898
6051
8556
8707
8001
9658
7173
6813
2384
5352
6347
2010
4924
6749
4145
6991
5171
3612
7020
5178
7955
463
2252
5876
5529
2977
9934
7050
1337
8906
7076
9421
4612
9345
1744
9692
8719
2205
9040
7342
856
8018
3651
5098
2502
4703
7976
8506
6281
9916
3003
6155
6137
3968
9774
5435
3799
2680
3177
5024
9724
123
5475
3478
8275
6925
7398
5578
5005
4452
8272
2965
4571
9677
4321
9937
6811
7153
3373
825
5001
1428
769
1421
5903
921
3283
643
9571
6308
5893
6038
9027
4016
7618
733
2542
173
6822
5577
7305
2397
3500
1828
1644
37
1583
6459
9646
9837
8624
6645
9307
2351
22
8295
9353
4054
7574
7354
3641
6754
6007
8697
8559
2233
3937
555
2059
3588
7394
6637
330
7795
3519
2603
7928
8940
9777
5865
9337
6823
996
9734
7684
9248
6731
6675
3993
9322
1379
8487
2599
9468
1935
551
6389
4803
3269
9410
6100
1028
4400
6058
2442
1986
6314
1511
8831
7419
367
412
4277
1709
8016
6818
5757
6273
1012
9310
5501
7261
6562
2737
2208
8907
4038
862
5860
2968
6214
3125
5671
366
9765
8309
2423
4938
7291
5697
2933
5220
7843
6574
8955
967
4209
889
1451
5117
4793
116
3790
3958
3908
8838
4466
1663
3850
3535
7947
5451
5651
5863
1204
7242
4741
3911
1943
9707
4394
819
8981
5314
6376
281
9417
9987
3781
1241
4697
3148
9410
742
8174
6097
9335
1713
6457
926
3843
760
1088
3756
7750
7482
9569
1980
5369
1713
6226
298
8946
1744
723
3974
1135
8475
7581
3627
9420
4478
7881
2608
8837
4798
6040
4908
7688
5107
7907
3027
7453
1017
5864
3633
9731
5224
7564
8894
711
7437
4618
2068
5015
4398
4202
7666
19
4200
4961
859
4131
2830
1506
9364
2879
8479
4919
2951
1441
4661
4291
262
3805
3198
2844
7928
5880
7089
4243
5911
910
8686
2915
1983
9860
5812
7593
4438
596
8374
4888
3488
145
7047
8896
4623
9510
6499
754
1252
305
4613
7453
6050
3145
4356
8262
1817
1553
6273
1786
2930
9957
9050
9949
5444
9914
9523
9504
7066
885
480
2355
3067
9772
803
116
6758
4301
8221
8418
9380
6334
2990
5605
6296
1233
6865
8837
5503
7549
5776
2885
4322
6587
1958
3531
1095
7097
3451
4709
9987
6994
3687
366
9825
2258
4386
6277
2342
4239
1504
7515
3332
7855
2405
6595
6966
3444
3652
4210
3048
685
4000
9517
5108
7594
8032
6479
7814
7271
9021
9661
849
3512
8430
2386
2646
2624
5780
4038
6847
587
6494
1264
6045
8260
9552
6466
4181
5362
6565
7650
3444
9240
1660
9302
2993
4170
5257
2230
4225
7906
8463
5071
5218
1843
6665
9820
9425
19
3949
4342
7664
9614
7363
2461
4191
2736
3471
6847
8042
1566
2297
2452
705
1371
6216
1608
1851
9128
9392
8475
7366
3550
9812
8940
2124
1423
6046
4202
1595
9732
7040
4162
1412
2223
9986
3830
1877
9199
5111
257
699
8410
4188
2659
5608
6011
4365
3847
5626
5057
7968
297
626
5473
6975
4113
9802
8422
336
2767
6690
9269
5252
8309
4525
8134
1039
8482
1384
2386
9731
2652
4016
9135
7776
8956
9361
7152
3331
6113
7057
2198
8575
6537
1764
6743
3536
5939
5247
5872
4027
3454
8862
2343
3567
1429
3157
5878
8134
7473
4971
5882
2462
3240
5326
5315
6280
1491
7697
8019
4751
2650
5090
4223
5709
4491
694
8715
6545
7781
4598
5099
3234
5512
8358
6276
3790
1673
5568
6346
5798
3483
9017
5857
1141
1174
9736
5334
1211
6448
462
2044
8242
7227
1120
1377
8363
4638
6633
9075
735
4441
9333
352
2875
9871
2648
6949
4881
9049
1525
4606
5923
1350
2221
1268
3632
9233
3082
4534
4754
5359
7503
96
7319
2554
6857
6007
4392
6981
7913
9151
5040
6492
5610
1356
4149
8664
2982
1269
8526
2787
452
2162
4923
5855
6121
6891
5006
9851
7744
9130
1556
2098
4320
5376
6938
9237
3033
320
3014
6641
2557
7900
1136
2373
9566
9430
5739
864
7119
4967
6250
1812
6008
1967
4906
5341
5173
1463
6432
9965
1000
4540
9237
8782
7595
2941
2171
234
4418
4912
5631
2661
8255
1885
229
2552
1025
2549
6288
6690
1151
4142
2732
2776
2880
9743
6090
2353
469
1597
4063
1569
3888
3048
5640
8016
8663
2353
4777
6624
7258
5505
6445
2206
9335
3588
3557
4122
1737
2354
4315
2623
5174
9741
8813
6858
1808
6460
5902
7851
6851
9818
9765
2821
848
4062
8773
5206
6245
2213
3889
8672
7771
9664
9432
5646
7696
525
3441
9291
6186
1967
615
8114
7281
1439
6394
4146
4234
8782
6207
2202
6451
6926
9773
7440
5740
3624
1357
5273
4814
8350
7877
9523
8465
5643
4852
5510
309
3167
9161
1283
3019
6610
1665
4883
9202
1650
5539
9409
7667
4627
972
7462
6006
1686
2220
845
9891
1991
9906
4072
9167
8167
4477
7836
4090
1091
9649
1638
6587
883
3836
1067
9620
4924
9183
9841
5261
4889
8238
4090
8085
1948
7605
187
7378
414
3517
6778
3423
4006
5619
8318
3260
5089
2115
4851
2133
3828
793
8110
2000
3900
2821
6784
790
9904
7841
1081
2502
2378
5584
5001
3753
5816
5986
7218
561
4289
458
3676
7574
2871
8215
2581
5263
5518
7806
4531
2808
4331
7708
1432
4096
127
2089
4184
9127
821
9397
7473
2572
2435
4275
1044
8421
617
4564
7444
9102
4897
4289
7843
3370
7116
536
9129
5685
239
1520
5271
2098
3310
8273
8171
4669
4152
905
3626
3726
1802
8091
9740
4892
2984
1104
5138
8595
7171
4159
4646
954
361
5428
7911
42
9865
8061
6979
9591
2960
8499
8887
9300
4125
5375
9261
4162
6104
6374
4269
9711
938
3718
7300
6805
4549
2951
385
6012
5397
533
8513
6080
6874
4317
1736
7881
362
8129
4804
6090
3926
4034
766
3303
9203
439
767
7609
1842
976
2491
796
9890
4934
15
6643
8128
1105
5492
6913
7675
967
4193
2426
9985
2807
2426
9807
3638
1380
3799
7975
1569
8178
5785
6903
2951
3996
7601
4109
2183
2776
4169
4421
8042
7717
6190
1940
4302
5092
9752
9256
2636
7890
8415
2959
9841
8340
3317
6396
8013
960
3970
462
7176
4515
9226
1711
9148
3112
3691
4131
3503
1383
4730
4899
6797
9771
4383
2267
6616
486
5505
8545
1627
4542
5338
3678
9763
2826
7061
4611
679
1204
6095
1223
8805
3707
7245
3527
8490
4478
2791
1189
1401
5621
5753
1252
3160
3516
6162
70
3956
1049
9779
7527
5455
5424
8835
2633
9176
5547
1947
6322
6050
9080
3452
2298
5288
3506
6093
3090
2526
856
3776
2138
7694
4315
7144
6005
8789
4086
518
6247
6664
6991
654
9629
1424
8568
5768
3381
4871
4611
4350
2943
2530
6469
5139
2320
2168
3454
5964
9654
7422
3071
7544
3100
7273
7641
9832
1139
8280
2829
3843
5090
5029
5700
9658
9059
8425
3823
873
6719
7738
2711
8218
7914
6505
833
9607
1225
9176
4823
3837
5335
8121
863
8824
3592
9447
7553
2356
3783
8735
4628
5101
2042
768
9259
7913
6830
6810
6079
3895
8345
2580
9244
1915
4711
4853
9630
6594
6439
8034
8607
1963
3456
8992
8508
6968
4165
6875
6066
9611
871
1467
7090
7984
3110
7610
6175
7145
7245
2920
2777
4414
3096
928
5491
2754
8877
8948
4113
8738
9817
959
5916
5749
128
2664
1644
3050
2259
2291
3747
9954
744
6467
3023
6878
5490
1260
8805
7100
8677
2484
9348
3518
5256
4192
8866
2527
3500
5754
8091
5217
2762
7327
9794
9912
5550
1341
7855
445
5965
3125
4886
4954
9172
2823
3669
6628
7904
8613
7264
7616
142
7013
60
7333
1610
2397
492
5936
3797
9117
9550
6505
4200
8530
7191
3417
6673
3111
1328
4148
3405
8360
1134
5552
7597
4394
4346
2433
522
2238
4623
4886
8489
474
5074
5749
7266
2461
8302
3152
848
1919
6647
6848
3575
8380
753
642
5631
252
9955
4793
7285
3115
4211
1782
5878
4508
9735
7215
8051
8059
5413
1559
4493
4663
8015
3725
3455
1442
6150
4211
4809
8176
3300
1486
1712
4285
1976
9217
3640
3704
6801
270
2282
9829
7601
5373
6263
3291
9870
2758
2726
1086
5100
2789
6505
5087
2354
8912
364
7028
7186
4188
4102
5743
9984
9109
9815
2725
69
1593
2532
518
3575
4347
1257
5143
9276
4663
7062
2641
7462
164
1572
3392
1485
3722
3075
510
4980
6624
1930
3064
8852
6612
6518
2612
6167
6538
9845
8492
5558
3537
3222
8277
226
2207
7511
753
1532
1362
5811
7690
1850
7722
9565
7022
2616
710
4258
6261
6033
9305
7744
3445
9662
9468
1666
6962
7828
8644
8975
2738
4818
8570
7083
3924
6942
3295
3165
9277
6211
2322
8978
3618
813
4239
1213
1129
7047
9496
9996
5457
2280
3584
2458
6253
5792
9776
8614
757
541
548
2924
2887
2386
3072
2872
3280
639
5640
79
9321
7544
4980
50
3711
326
4126
2631
5422
8254
537
9915
8332
8648
3518
457
1233
6111
830
8131
7165
4680
2407
8736
5662
9397
6090
1231
7740
1366
7933
490
1406
9416
674
7913
7300
3534
8747
5926
1666
7145
3192
2503
4
632
4592
4239
8868
2615
1639
7168
9808
7508
2914
4641
5136
6243
4387
4313
4235
2894
4890
4055
320
46
8509
8916
7973
5604
3157
7699
7363
4904
6465
19
1488
9904
8731
5029
4805
1851
2363
5125
9727
764
681
3898
6501
6033
2777
1056
9146
4434
1690
8771
2255
9136
2183
9957
2123
5675
6266
3263
9458
3939
9805
4904
1043
2895
3152
5231
7512
9357
9507
2384
530
9764
4328
9555
9365
4610
2414
1940
2827
2100
8552
2928
3213
7693
7764
2352
7720
8774
2906
9129
5584
9099
5667
5787
959
5777
2855
3606
2880
7545
3544
9788
4926
9305
8240
2490
4807
2627
592
7512
3261
4326
436
7357
5386
6876
1690
3349
5131
800
7511
8737
6451
377
6800
1431
4097
8540
8596
3588
1755
8808
9059
5282
8556
8763
8002
3907
9452
5273
7544
5093
8182
5393
5868
1258
8663
8309
400
4082
4086
9505
8475
2079
34
4806
3337
4548
2505
6809
8392
6267
4031
7004
5756
4452
5266
5153
8801
6622
8874
7782
3896
9857
3256
2417
555
1058
4509
5541
2767
5788
8139
4513
9501
2250
333
6980
5248
3749
5426
3453
1402
2642
6881
1276
1061
1178
9636
1415
5991
3509
9508
3778
5208
6303
5608
8617
8822
7616
4250
2279
39
6963
4042
2604
8127
9518
7502
3506
4119
8286
9905
5051
1196
5420
6380
1253
2975
1980
1356
9377
1421
3094
9549
9257
6280
4361
9304
3198
6641
1715
8157
7632
9499
3147
3414
4438
8600
4277
3149
1542
3675
6130
7295
7705
3604
4456
2581
9787
9923
4354
5641
6842
6259
4872
857
6945
7414
4784
6323
3766
214
4303
6864
2404
129
2273
5552
8049
2006
1941
2653
8698
8830
9813
5701
5291
5798
1844
5653
1823
1779
9516
3275
2286
6073
1314
1372
4626
2289
6468
7024
3815
7953
9382
1328
9371
9265
4891
7576
1330
8904
4532
7780
7981
1701
6943
8011
6445
9170
5566
1147
5569
9130
4500
1986
697
1028
4578
6330
8814
901
926
5760
5538
4917
8837
745
9448
8485
6330
6026
906
4267
4323
2918
7247
1735
5294
585
9130
3303
4926
5455
6722
5321
1454
4684
3452
7396
631
8343
4686
8561
8762
429
7978
8772
2242
3063
2863
6198
8563
7960
2840
9539
240
1302
4807
1581
4738
8961
5734
3993
7199
5510
5974
5471
9037
216
3463
4152
7292
2051
7853
7987
1339
2345
5505
3894
4940
8475
9493
2230
7721
2932
4739
6966
2614
7182
5081
152
9877
1871
2657
1670
2608
693
1362
3251
4454
2507
9734
2026
9599
8711
8905
6511
106
4853
8200
7895
5796
913
6641
6263
9468
3504
6271
4266
771
9008
2856
1854
5134
3311
4275
5420
9394
6183
5378
645
983
2254
9440
2433
8740
7466
2630
9010
4026
8228
6859
7760
8982
7186
4355
8964
5229
6394
2202
9104
4422
7095
2480
5446
9650
7880
6891
6288
4435
3484
7117
3923
9474
7554
6912
3542
1473
4208
7523
2001
873
7261
239
2543
2148
5096
2871
7948
8955
5311
191
3000
3981
6274
6223
3887
9774
3993
2782
859
574
6342
4574
542
1110
2936
8285
1428
274
813
7491
1021
8870
200
8231
7160
6855
9937
3297
4554
5008
8943
7332
9124
3293
4117
9941
3200
1330
3024
3768
7479
1426
6663
1426
4530
2686
9697
1432
9211
6810
1443
7674
8142
7819
9169
4129
3780
8043
9062
7032
9836
696
8227
5851
1631
9009
5450
7248
6993
2995
5085
97
7249
7045
12
9595
2207
8773
3700
4474
7157
8504
4085
7744
3565
1268
9190
1304
4124
9987
6161
5156
2267
5992
3931
6782
3198
812
9795
5521
7236
2449
4438
6216
1725
1346
425
1096
7807
9574
1921
5006
4343
4588
9874
1332
6610
483
2285
363
9818
4145
3123
7005
6833
9928
7829
1257
3114
3229
6397
1395
8978
8179
7238
4708
4065
7869
6018
2218
843
8094
3497
4550
8066
1154
813
7679
6117
2599
172
2714
8526
9432
5702
3090
9325
7433
9382
1796
3516
9167
7982
4578
3176
525
6028
6163
7350
5165
7266
8741
4464
67
9520
1724
648
8573
8938
5679
9114
150
5139
515
3056
3682
2869
9546
2476
4147
5382
6632
8486
4221
8701
1675
112
8918
1373
7540
5126
4650
328
952
5333
1431
8249
8459
9912
3978
2442
751
8494
3703
2682
3366
4028
7466
1521
9494
7656
6482
3687
3203
9782
633
254
242
1365
7844
1612
1729
7200
1397
553
4464
9821
4187
5182
1625
5432
4410
9634
8498
1704
4631
8138
4782
1539
5335
7647
2645
7396
1878
9884
8643
963
7125
1169
4699
1176
8006
7093
2067
2365
712
3551
7096
3150
8218
3544
9840
2284
9896
4061
3246
6847
5188
1499
5151
2495
5471
8703
6029
197
8966
4333
5321
1513
1909
3501
2696
3018
482
448
7425
7316
7566
6132
991
1080
1041
1632
3320
1790
7806
360
7499
7817
6638
1795
5774
5626
6017
2204
5705
9303
1063
1870
3398
6379
8229
5583
1240
4717
847
6822
1802
9448
6636
5929
9281
9055
507
4071
1453
3838
5382
4239
2390
8606
6833
7504
4874
113
7726
7070
7000
8278
4742
8122
6252
5695
2733
4611
2850
5457
391
8603
942
983
8558
8051
1181
708
2514
6718
5118
1946
750
1866
3920
6824
9480
4792
9546
725
708
1127
6990
3776
9822
3523
4705
8513
9677
3585
6321
5895
1220
5995
3447
6779
3296
1406
48
8781
6323
4165
7599
1007
1952
5054
7527
2876
4201
9427
6215
7941
5065
2125
4748
9264
1613
7165
1161
5034
3345
2667
1031
8928
396
9222
725
4754
8419
7141
3528
8073
4744
764
4402
6543
3528
5982
1824
4768
5995
1829
4311
249
7369
8380
830
9095
1247
4182
5165
6130
244
5014
5436
3655
3134
8670
610
2729
4328
2773
4456
7060
5899
8141
3197
4300
7723
8205
5736
5630
5341
6393
9038
1516
8355
781
1558
2016
8392
1629
3507
4236
1975
7397
7828
9729
5328
746
3409
4858
5371
9095
439
3222
7372
7251
4350
9228
5183
6529
1372
3041
8446
9535
789
3851
5975
3920
5300
2352
7111
8594
4336
2698
9266
220
5084
8501
313
3467
8972
6977
4796
877
258
6245
5953
5815
4143
1103
6431
2330
6833
1862
257
465
5790
2439
6608
3976
3753
1407
5445
1056
7746
6777
4758
7741
3955
7152
2166
5848
8914
1715
7557
4395
8245
7568
9276
4543
7898
160
9776
4196
5921
4780
1761
2473
2440
8800
4429
2644
1892
6336
9713
7564
1531
3739
3131
3481
1487
8212
1859
6991
8937
582
3415
5117
4305
5862
2220
8221
3162
2065
6078
3593
1631
1248
5135
2966
5015
2284
5300
5155
2722
9521
3956
2578
2001
9992
2863
4505
4437
5795
3056
9686
8300
2784
5259
5338
1364
6644
8168
6578
6579
6208
9481
9827
257
6119
5933
282
8603
165
8465
9202
2911
6704
4269
9415
6626
837
3115
4313
2999
7715
3784
7367
9008
6392
5293
8846
5989
9796
1601
8371
4116
8722
8575
6514
39
4128
2320
5882
4059
2580
5902
4272
7330
3853
6774
1595
8515
5844
8712
527
3528
3854
3578
8864
2423
2114
819
3865
826
7086
4293
8806
8563
93
5085
4189
8128
7755
9375
2497
8516
7233
254
418
1812
9512
36
5155
9618
3697
331
145
1084
1074
4843
262
5143
9711
4090
7924
3309
8455
5055
6972
8287
7095
5708
7236
8767
2584
3467
760
6468
6214
2010
6295
3600
3160
7051
2910
2077
5663
4247
7128
6754
4148
7722
7489
5250
4823
9046
8417
3664
1450
9188
61
2177
3281
2131
4717
3804
2799
6387
7033
230
9571
3676
4869
9063
8548
6661
1982
2659
1179
5847
7645
4208
7927
218
4138
9372
8218
1986
3943
3538
5049
7095
5017
7025
1949
4117
318
1028
2333
9106
9278
9276
7213
6897
7183
471
2853
8426
6702
8161
7063
5757
2484
5603
1543
5853
4250
3063
7992
5345
5585
812
2443
3495
5181
2475
8658
7843
7113
4430
6343
953
325
2073
6569
8368
6994
1029
3034
3666
6518
9791
5284
5781
6474
9292
4611
9413
5482
6096
9866
7255
3035
6988
3520
8465
6833
3718
1716
4707
1812
5010
1312
2271
1818
6109
5431
411
9034
3175
8859
3221
28
4326
8826
5794
5528
6661
7020
5888
7863
9244
2361
1017
4563
9088
7918
3337
8552
8104
1535
3275
9312
8327
1853
1508
8478
3013
3963
364
3860
4200
379
2307
7237
6645
7226
8709
8161
7726
2936
171
6697
5827
6843
2568
2649
295
7707
2730
8191
2094
1858
930
1639
5583
3908
1701
2472
7318
7315
2514
2698
6656
2028
3663
8865
54
3779
7918
1861
9208
5175
825
5167
1364
6577
3484
1483
9285
8859
8183
5305
1232
2172
1765
2341
9449
667
1653
2736
5525
6236
843
411
421
7473
41
3798
3180
3702
2594
6516
9789
868
8983
6918
1032
5763
275
9005
423
218
3187
8458
9132
7209
1465
4483
262
1321
9416
9386
2125
5181
6336
2972
4332
414
4745
3891
6536
9685
8302
5582
6264
1666
5516
363
3189
4847
1309
3685
392
2647
2313
5306
3049
2384
1279
3212
6007
5557
3536
1858
4286
3208
4390
4607
4532
6010
2585
618
1017
6384
2469
737
1915
7604
2193
7465
1693
1101
1293
5415
12
5730
8994
9477
2868
1029
9922
1947
9134
1533
7883
978
6149
6443
1296
3056
7276
908
5831
7178
2261
690
2668
4008
178
1575
3390
5445
190
3814
1519
4905
4263
8120
1846
8555
4214
4912
1739
3502
6088
638
1483
9484
8500
1490
4587
5472
6307
9137
188
784
5270
4115
3153
9322
3062
4986
9299
1292
7638
4477
1756
5320
13
2977
6715
8029
4597
2741
8841
2364
9168
2328
1090
1623
9206
3183
5507
8687
6987
7918
9137
1053
3625
734
9635
148
4966
2524
5493
9228
5612
447
5863
1610
8882
6163
9470
5522
4775
6558
875
3565
296
7824
1616
2942
3024
1530
115
9878
9478
611
4304
9720
5339
703
1694
9279
3342
6566
3062
2072
7248
9613
6751
8720
6464
9479
2741
3043
3713
9984
3912
429
7042
5571
756
5801
9117
6693
7124
3436
2408
5614
9749
5001
6143
6143
6270
8178
4468
190
2180
8208
3496
8802
6317
682
1072
2895
6477
3544
8789
7072
6164
9493
6698
3875
2677
9767
9946
5892
162
6648
9442
9626
9663
1633
9863
1750
2577
321
3209
4562
8574
3522
7804
5704
6932
8240
9254
74
4729
6221
215
3579
4646
5336
9450
256
8302
2268
3465
6502
8231
8575
28
5531
8765
3870
9139
4684
818
9322
318
6156
335
4227
8497
2642
1689
994
6942
4437
513
9872
1163
3940
6432
5863
4979
