1658
3072
7111
6386
7231
9834
7355
8824
7583
6293
6118
760
6381
9554
7005
6274
6289
3507
6106
1177
1415
6094
3972
3252
1322
883
4217
6734
7794
6014
33
6451
7707
6560
340
9780
2565
4632
8156
7133
4616
2521
3792
7683
75
5057
3086
3042
151
9565
4864
6594
6125
6853
5488
5564
9099
3858
5064
6347
5616
620
1029
1569
6259
9667
3053
9821
9214
7224
3708
1656
5351
8973
6560
8893
2302
6288
3177
6264
7797
1174
6583
8229
1149
3439
325
853
1071
4776
680
8707
9567
1808
1517
3996
1491
2222
1424
407
2004
3265
3828
2926
5856
3207
1243
7152
292
6594
3261
2810
680
8800
8550
4441
4037
2800
419
2820
9342
2199
8749
4438
6544
5001
2089
3542
7456
2564
7402
79
4864
2769
4259
4532
7346
3656
2372
7941
2195
3172
560
4476
1514
7869
8026
767
3258
7075
9958
8691
1803
8604
1065
9805
4515
9389
6382
855
1118
7700
9696
7727
9192
3181
7946
7910
4540
4018
7094
380
427
2477
624
6169
1638
4272
2923
8674
6974
1321
284
380
2606
8710
8276
6260
1704
4454
16
7956
7274
1517
6823
4495
3476
2832
5284
8333
9923
115
6227
9240
9980
9578
8263
9325
7979
4895
8166
242
6466
7708
3880
9796
7416
9316
5121
481
4905
1685
6206
85
4001
9137
3106
8910
5654
6129
2693
8806
8988
4590
8750
6858
5094
1043
399
3027
447
8950
8280
6809
6288
9773
1490
9566
7637
7026
7078
4160
7710
4802
3427
8238
3909
6141
5238
843
6472
9353
3670
1850
2202
9360
1254
1875
8957
7021
4702
6372
8916
2093
34
5954
3404
9397
3796
4227
7647
3539
1273
8628
9050
8533
1095
4186
1162
511
2948
8952
5804
9556
6555
1093
5280
6429
4606
6928
8519
9614
608
615
2324
705
5243
5616
4767
7473
4833
4512
2344
1011
3195
2932
8080
5042
2800
3669
8264
7068
712
8445
4072
5749
568
9360
5537
8940
673
6974
4790
6868
5708
8032
2931
657
6304
8344
3289
5478
9418
3689
5677
8435
6607
4793
6360
3623
3013
238
3629
937
8663
1451
8901
2162
6542
6574
137
5883
78
5826
6799
7859
9722
5476
5302
5163
0
7422
8738
4455
379
2786
7649
7023
2768
5636
9141
5774
2999
1914
5927
435
3345
3852
8204
4257
9130
768
4115
9729
8207
7406
5399
3592
6889
7818
8713
1131
9490
1197
3622
5591
1499
9174
558
5876
3802
1878
9394
905
7433
4362
2883
8164
9899
6363
4514
5869
7271
1045
6032
9232
3306
9008
6247
2972
7387
4056
134
4949
6923
8010
6283
1801
8291
335
8936
4171
3294
2327
454
7252
1374
3209
2295
3844
4523
7234
3693
526
3304
2843
3859
8445
5165
4390
2284
2490
2926
7585
8489
9745
1744
4445
3982
9423
8078
1081
9873
9563
7427
343
2575
4943
590
8779
7858
97
6713
2403
8449
152
363
9607
1645
4079
4150
7838
6636
3900
8050
6445
1244
5709
3838
709
5508
6929
9227
2872
5765
3441
7361
4129
3098
2960
268
8915
7854
6385
6532
2187
5777
523
9135
8337
9382
2136
2799
9902
5272
240
4444
5972
1512
982
9098
6865
1105
9881
3271
929
870
3840
6637
5007
2791
6234
6509
8684
3811
5235
9984
250
7368
5863
667
721
6573
5501
1327
3372
4129
9324
7600
5525
8997
1388
2616
2116
3862
3402
7809
7972
3114
5603
1317
1937
3885
4128
5545
3147
5626
4115
6090
36
255
4193
8604
5649
315
8376
292
5604
8554
9898
6799
1545
6240
1111
6010
1402
3617
4393
4821
409
7426
2011
7136
1764
4546
8730
6835
2444
9955
8179
7745
13
3234
7563
5269
4803
2784
6967
1801
5486
3109
2204
9417
3215
8803
9771
5697
2774
8117
4143
9530
1233
9293
5681
2610
8243
7057
6839
1102
1584
1540
7847
5649
375
2153
6785
8311
8676
5842
1207
8617
6650
2592
9335
7299
5221
2594
3920
2961
4774
3033
4061
4326
5811
8648
6511
720
7552
4953
7025
7745
5945
5864
216
3945
5261
6555
9042
1062
2017
1460
7020
6931
6910
5525
2879
8641
9957
8382
7389
5649
3137
3878
6327
8551
7478
3520
9837
1726
5641
6065
758
3723
8816
3461
2672
785
2375
5390
2037
8666
3552
2858
943
3314
6012
7129
7416
285
5768
7870
762
9170
7563
1375
4608
2066
9536
1664
6466
1741
6717
7315
5420
5952
701
3297
8115
3448
2853
2094
6265
4567
6344
8723
2097
278
2934
3013
2539
348
6104
9552
5957
7770
5303
1588
6159
7440
8853
605
1249
711
8923
296
1949
6236
7437
4991
2612
2714
9014
3967
7432
3674
1605
6194
2825
8840
9278
4329
9131
6523
9125
6117
5636
7164
1357
7650
648
9113
7138
674
4595
2247
844
5554
5644
6048
6773
5860
2841
7943
400
9824
1334
2137
2119
2283
6165
9108
8763
7318
8162
4523
1474
4725
1586
2805
4659
4784
4879
9787
4342
3499
5576
8340
9371
5184
2829
6051
550
6777
2066
3417
1488
1188
6122
9301
4783
3499
5045
9074
1484
1540
350
9819
2511
71
773
6119
3967
2838
1388
1989
981
3054
3601
6901
4247
2993
2765
6934
9453
114
8557
1985
5251
4745
3035
285
8603
2285
8022
1159
9739
5805
8303
2801
3149
5756
5828
9300
4411
6710
2083
7712
5388
77
2436
8433
7586
9220
5053
1789
734
8110
9620
1369
2982
8364
4568
7766
7035
487
7516
1682
4815
229
2250
5175
4751
799
3752
8491
7164
3465
2523
2742
8031
845
6597
5174
2308
4601
2699
9382
7231
6232
425
1628
6184
6933
9819
4784
1188
8062
2264
3923
9194
400
2896
5159
7826
7261
3682
6786
5468
6562
4624
7269
5586
6878
3337
2137
1766
9394
5457
2434
7788
8133
4451
8583
9803
621
8990
7817
980
8967
7303
9102
1201
8599
3548
7631
7949
1438
7347
5047
918
5912
3914
669
1607
3156
6041
9306
3595
7681
3018
1793
2604
9829
6135
1061
5948
4313
5355
7204
8270
5865
5806
6500
9259
5522
6068
6987
3329
5706
4188
328
2046
410
1515
1875
4218
3781
6975
6647
4579
9684
4221
3298
5949
5509
6497
1371
2463
2486
1682
3636
6082
143
6777
5053
105
7414
1410
6084
7088
9054
5976
7888
3493
2689
9747
2194
8314
4259
6842
2167
7337
8708
2624
8586
1643
2507
550
3750
9025
4696
4523
842
4024
551
4245
1903
3632
6461
1769
6804
2371
890
9558
5525
3707
6332
9804
3259
5761
4302
3056
8204
5644
9515
6298
7373
7518
8191
3409
7598
6863
7659
7059
2391
4531
5133
3864
2941
8443
7844
8561
1852
2489
38
9795
6446
9149
7099
4878
5310
2702
7290
7988
4722
1640
6319
5198
4508
4253
6871
4384
5441
3051
4171
9940
4711
3830
7167
994
8573
2468
6863
4816
7917
5740
1203
5714
5606
9720
9851
8224
419
3312
8099
4895
9573
9671
2337
750
8212
9935
9355
8688
1571
3460
3120
8801
8318
97
5083
2615
1981
6105
6304
2842
5839
2474
71
8981
437
604
9592
4788
4401
8647
3964
2128
4952
9275
367
5040
1493
6416
2781
8638
3112
8174
3244
4457
2620
2402
7396
5508
4636
7236
6242
4314
7008
5257
9056
7098
9600
3355
313
7607
342
4567
4287
2924
9495
991
3848
9042
9730
42
1122
5565
3323
7665
9729
7665
9230
5614
6361
8034
3208
4083
151
7165
2405
9650
5120
9695
219
3268
5440
8138
6103
5174
8295
8545
3887
319
4962
1628
8553
8353
5778
4594
6113
677
991
9342
5527
1391
7868
3985
6994
2279
4399
6258
4415
7121
519
9844
5871
4153
8823
6461
4602
2984
9461
8148
9369
1184
3777
8910
652
4732
9481
4854
8305
5557
1051
1727
8659
5778
4167
8827
5400
1454
1143
3824
774
2037
4130
6765
9800
5117
5757
4399
9529
9316
9991
3129
1215
2842
9972
4343
7613
8957
3333
2261
2797
9544
7953
8857
6070
8791
1185
92
9985
9996
1060
3147
1840
5637
7373
7332
7054
7012
9110
5534
8975
5081
5324
8988
5566
7922
512
5816
5806
9824
1213
6443
8121
8882
1026
1230
4083
5272
695
1009
3932
5664
4414
9533
8256
6843
1289
5578
5468
2639
7289
601
9846
7798
3286
7716
4219
8964
3291
8148
8278
5368
4286
161
8782
4616
5026
2958
4611
6143
3249
1781
6317
8101
1602
3310
667
5790
732
8722
6632
4934
348
3166
2535
612
6596
322
5596
3309
7010
5119
1981
2546
2730
8564
1378
4252
751
3639
1817
8331
966
9325
9390
5507
4283
1745
6196
9975
7049
8429
8231
4568
1515
3344
5019
1119
7625
8169
8020
4704
7361
1301
9133
8129
9799
3770
5371
3037
1932
6414
5038
7092
6905
8301
3967
1023
3776
7027
6328
4851
4125
5620
6260
8581
6887
7412
1031
9385
3544
258
6626
2582
5619
7112
969
9665
192
1260
5708
513
6374
3159
8043
635
3390
1139
7663
3213
9377
3996
7343
598
1840
3168
579
1741
5041
551
1242
2386
2738
5985
9492
1673
9787
2456
1473
9792
7332
4302
830
2515
1319
5815
8477
965
7577
5624
5190
5748
9749
7818
8
9547
2915
6028
742
2450
6533
9227
4623
9640
18
3321
7774
388
3666
6369
847
933
9665
7871
5880
5075
3165
4827
9279
6025
4691
9613
4164
9416
5361
5493
2637
4920
5977
9945
8758
3759
1714
9022
3258
8104
9678
1190
2497
7997
8040
8088
7299
1207
4777
4256
6082
1877
1937
4933
6381
8088
6749
4716
7759
6920
5063
5207
4279
4524
684
2853
4411
3721
7611
7088
9219
642
4612
7775
5397
1975
2329
1281
7984
6603
2314
2956
4639
1104
9411
759
2983
1044
3563
669
7009
6997
1263
6338
3041
4470
6911
7972
7312
5187
3676
3578
3596
7689
5037
5440
7265
4161
9536
4406
5758
5467
6732
1155
4606
2107
568
3174
5113
9925
9870
3367
157
6941
78
2222
9379
8274
4734
926
5063
4356
3968
2797
2926
8736
9360
6950
6067
3970
3494
8821
1507
9156
4911
1542
265
107
1731
934
3902
3736
2859
7387
5316
309
3420
6654
7610
2814
6060
8990
9427
8609
9343
1401
1498
3934
8229
5870
2746
3618
7107
1142
6430
1048
1859
1001
2030
8536
1956
9271
6542
3800
7023
1326
1497
6580
7480
2616
5315
2706
9339
3252
7910
4503
9394
2897
9813
3509
43
6330
1878
5861
8187
284
6629
1716
956
4268
8449
2419
4624
9074
857
6789
2448
5626
1586
8016
9904
4917
6454
5612
554
40
4278
3855
3232
1927
1654
8961
1187
8520
8492
5626
7393
680
5612
6739
4697
9780
5623
3212
4167
2896
8081
265
2394
1120
2055
3767
1311
1796
3604
5125
9876
6265
5307
8146
6006
2773
8484
9029
2614
9488
1231
6103
581
5231
9395
1767
14
4846
3319
124
9293
3242
1445
7657
1958
4013
1461
2111
9872
7886
7649
9390
4916
3366
5750
1127
5373
7465
733
1924
1295
6594
598
4678
1665
1978
9683
7162
1725
287
3753
6465
8477
3480
5831
6633
4820
7649
6188
1992
1311
6373
9156
4727
1838
1840
1187
7215
9480
8268
6393
2548
4113
1395
8828
2699
2644
6766
5992
9979
4329
4298
386
9584
4133
1184
913
1435
7534
9116
6307
7724
1277
8740
612
4922
7437
5870
2840
9824
791
2468
7681
3456
3894
1205
2351
7082
4651
3132
3989
8053
1657
6208
7663
7012
5986
9572
593
653
927
9751
9680
364
1960
8669
1270
5372
782
3905
5261
6773
3925
6167
9188
1861
6617
6929
5690
2928
8833
3830
6783
4402
5127
8253
6066
5068
1077
3599
8935
7865
5277
2187
8896
1039
2788
7317
1496
5225
9934
6978
6299
745
7871
7216
4127
5489
7020
5802
395
9057
3881
7665
1819
7097
2967
5278
5236
3706
2602
6201
4295
7183
4970
7395
1496
1738
7271
8148
9073
9299
5433
465
2993
1854
7531
6037
6530
7911
4126
577
8048
5275
3204
9878
3983
7612
367
1799
8072
7509
2081
7789
2622
3733
2682
9116
5775
475
5719
2389
8217
8872
6728
1096
3623
3416
4671
9965
9565
6930
8747
7325
9580
2024
8153
9020
3978
5091
3411
3884
1370
5472
76
1563
7218
7643
7842
9260
9171
8415
262
6055
2191
1736
2359
9176
8546
2107
6254
567
2940
402
2233
1142
8762
4755
8208
597
5579
3662
5137
684
7063
1835
1019
2745
8796
5165
3878
5979
5574
5410
793
1150
6668
2692
5134
7844
9665
8977
474
1870
8836
2844
943
967
3238
8934
2801
2462
9435
7244
3680
5509
3277
9577
8991
355
716
9613
380
3380
8229
274
4993
7529
9609
1083
4473
6069
9621
364
932
6602
3187
3266
1847
4219
891
51
9507
9862
2364
1415
6544
8329
1729
5283
7872
7090
3701
4778
7127
51
8597
7094
3641
8561
7851
3413
1358
2155
4460
6731
2840
9070
6312
7078
2321
11
7730
4771
9464
665
106
517
1016
6814
3730
6663
5799
4325
3210
7383
2368
4843
3236
881
8005
6093
9625
3285
6368
7477
8693
7351
5402
5632
8574
7474
2017
4651
2961
7861
9360
8929
5313
6462
9944
8079
6077
6826
4831
1187
7613
7032
8945
7076
4363
7997
5833
5430
9072
6228
385
4444
8403
1986
1971
2755
5115
5383
8239
6256
4646
1148
1363
5348
8023
3439
9529
6774
936
9926
15
2798
8453
5180
9863
1660
8406
8325
1269
577
1640
6586
5579
6733
7476
4915
525
3327
4490
7189
2963
694
8587
8575
6541
6465
5668
3596
9052
923
8467
9059
4494
9145
6212
7587
5990
3222
2122
311
4348
6790
4114
7662
4615
8059
5569
4630
7872
3107
2913
6202
2283
3746
6963
9321
4211
9878
8639
3398
5991
4809
9272
345
2109
2580
2092
6433
520
9889
8925
7303
1205
4179
2840
6173
6579
924
3959
8481
896
1038
5724
5945
8009
2265
6775
747
2182
6891
3375
6112
4582
8724
4319
9539
7517
3768
5553
2034
5967
9135
4109
7983
4182
5610
4997
8104
906
790
2741
3286
5918
157
2501
4953
9084
3327
2335
9843
5805
1344
4250
3629
6513
2812
2720
2480
9860
3301
8655
2811
5371
1924
2514
1760
6928
7741
1762
2398
7268
8671
9841
1392
4149
88
193
4425
6222
9366
454
4190
1432
5709
6229
4623
4884
480
1469
1369
2890
2516
8243
7604
2134
9930
7915
3993
7643
740
8024
1343
1564
9936
2575
7134
1502
2858
9480
6424
2619
8295
6258
494
2847
4465
1378
9662
5695
7891
6875
6448
6271
393
9508
4752
427
2237
9257
4218
2173
6200
6781
5481
1341
9110
2625
1495
3134
9095
3120
2026
1000
5044
8750
4595
6257
7749
4757
7669
8552
8253
8298
9751
3865
1576
5071
1170
428
7823
6706
9265
3600
5261
4250
6418
1513
776
9152
3736
1839
9882
6527
6599
4771
4849
5448
1226
1643
4912
8494
2677
7479
1588
5666
3920
7902
7030
1616
9765
4039
1454
1067
5310
2389
3854
8425
5738
794
2331
3082
5480
8596
1021
5829
8669
1725
1698
4980
9015
6128
3845
9527
5516
9329
4028
1785
2012
9594
330
8516
4482
9160
9387
9697
384
8815
1217
4210
916
6424
9709
432
9311
1829
3013
4081
6458
5759
6997
2195
6203
2049
2601
3636
194
1927
5550
5981
8360
2068
6412
6143
463
3815
8599
6320
9209
1324
5444
9853
508
7487
4064
2590
6419
3412
215
3686
6315
9947
5327
6253
2597
8135
2312
2433
6559
5750
9503
8457
3265
5235
5850
8847
11
3565
9969
5495
3230
6692
4871
5134
314
7143
1687
8716
7985
10
7217
6781
1711
1864
9666
8412
6741
159
3546
2328
1503
6166
9761
3458
1820
6987
6588
5272
1637
5217
2579
2853
3443
4720
456
9623
5075
193
5938
5454
6447
3596
4448
6549
8533
2721
6745
1400
5569
7437
2105
9852
19
7640
3992
7064
6931
1413
3313
3327
554
6414
7078
2768
7430
4364
3338
6991
1407
42
3336
6548
4220
8092
5880
7907
1718
3211
4924
9099
241
5187
9703
4199
3111
2727
2834
5802
727
3392
2691
3662
6879
2611
4899
33
6517
1680
9118
4169
9382
9754
9992
5526
4100
5557
5631
1927
1759
6085
5345
3720
6488
4214
3085
5366
6710
2878
9656
4703
1529
7535
6263
8015
7351
9674
9668
1609
3192
5847
1389
38
4093
755
9716
487
5194
4177
99
7553
7095
907
4043
4642
8046
8971
7173
2665
9526
9532
3322
3638
2023
4415
2639
1847
3490
1977
8174
4426
5889
4022
8734
5912
4695
5307
9626
5732
4497
2597
171
2533
2779
2103
7607
622
3492
1621
9969
8380
2500
7002
2083
3660
2524
7750
8014
9677
8116
7869
6997
3217
6002
5672
1664
3073
2173
8130
9946
2738
9344
1441
8168
6928
9360
789
858
9920
6807
2017
8354
1868
2007
9794
1925
8886
1939
5074
3387
6945
7293
9949
7616
6628
5600
6954
6530
7107
438
4534
8448
5362
1675
7231
9036
1059
8834
5154
4299
1734
6892
8094
2870
6098
9515
5129
1210
6208
3747
2778
1134
7099
4742
3001
5445
9395
3824
1539
1328
2406
4259
3751
9481
2273
3568
2992
192
4776
757
866
51
6784
774
1652
53
9198
7078
1518
7113
470
5743
321
3360
7660
3400
1349
619
8674
1786
9641
7235
7294
3826
1893
7475
3140
8613
597
2529
6522
4936
6434
5450
2880
2726
4349
6324
3089
2948
6246
2316
2306
4426
857
6662
3937
391
1821
8873
2218
2372
1517
2989
1116
3631
2756
2957
8881
4177
6912
585
6481
8988
590
5533
9309
4870
479
4934
9050
5025
7529
5726
5539
7324
4928
2868
2969
5230
3537
2748
6791
1723
310
4149
3418
3444
4334
9249
9969
1391
7443
8912
6035
5660
5834
3317
3836
5323
7353
9067
9912
6886
9822
7193
4843
5791
7450
3792
8702
9888
9988
3650
639
4163
3793
4757
8678
6440
2114
5865
536
1229
4964
7659
7581
8616
9691
9878
1489
1611
9031
7645
7877
4470
2836
9904
1901
3116
9306
7627
5994
541
547
81
1403
3792
8273
1871
1867
1076
4639
7396
3208
1487
8530
8682
1922
2163
9612
6227
6100
7571
2302
7090
856
2342
5773
6168
1327
3888
2856
5561
7133
4487
9871
9994
682
4882
6256
3788
343
7819
8011
413
6972
1635
4437
6389
5940
4153
7982
9738
3504
3079
1527
8422
8239
3456
9224
9060
8019
2104
544
7978
8220
9078
262
8721
1616
8535
7999
7039
5907
5823
5883
8280
9559
1889
118
9221
7905
9383
228
7173
5906
3118
2056
4054
2959
1448
1755
7226
5658
7195
5769
8239
7275
33
2192
7894
1373
5716
4773
7404
6154
942
3831
7681
7195
3246
8863
6350
3338
3
1155
8635
1875
3370
2072
5102
7021
6207
5761
167
6780
773
1381
8711
53
7644
1005
9526
9696
2224
7848
2188
4609
2824
1019
4963
9286
4375
6859
9713
2585
5404
3887
5655
6040
7133
6363
3904
7960
7089
872
5165
9954
4606
623
5380
9561
5119
7627
9551
2241
9336
6653
1114
2154
8966
4026
9051
2351
7108
5815
2646
9348
6048
7582
1375
6886
5726
2671
2920
1281
7101
1565
2606
1351
2682
2234
3
2200
5639
5402
4167
6747
7307
7471
3248
8750
2773
3500
7073
3107
7311
1552
852
1274
8225
5816
3906
7024
9247
8494
3835
2448
4706
8269
5140
7771
4046
9762
9471
6732
4022
6851
6712
1706
1648
5899
2040
8576
4333
2625
4112
2225
5597
9813
3969
5548
713
1332
3126
6865
8327
2979
2952
7145
1566
1718
2040
9037
2331
5476
4704
3011
4028
341
9084
459
4840
9145
9625
2326
3776
5330
2690
6622
4381
1609
6851
4893
4300
9592
7058
2714
6636
2605
8404
1043
3899
9567
139
9930
3858
3002
6244
8856
7921
1101
8197
5255
728
3509
707
1567
1707
799
3089
2997
288
6329
2763
9957
4866
7147
4737
2739
8418
1989
6374
1422
1937
8040
6560
5273
9005
9694
8468
773
9085
3834
8701
3280
3412
1596
4164
790
8884
5490
1006
5836
9516
5406
755
7569
6803
182
5063
6710
8264
3505
437
5931
4726
6775
3318
2688
6949
5433
2562
2012
2330
2315
3912
6454
7627
9483
6545
3270
2983
3947
3854
2928
983
537
1905
6530
7284
8990
8469
8823
4630
1758
2508
5580
3396
2770
8553
6636
8277
1476
3841
3450
2928
8994
3506
7200
1494
4301
9942
7320
3637
1793
3727
4317
9650
7509
4947
4189
4869
6788
5403
7958
6963
3738
7381
572
9806
8332
3057
4856
929
9908
4992
1507
105
403
0
1988
7031
4705
5035
2983
9048
1149
5186
2837
8030
8191
5929
5887
7822
4364
1767
1489
6072
5883
6486
9189
1613
2933
7393
3162
1243
5085
6390
3728
6801
2220
4211
9246
7508
2959
7157
163
1752
2419
8909
5814
8552
4544
2542
1615
2402
7170
7033
6565
8140
3502
5434
4222
3917
810
375
4098
7311
1872
1740
3963
4759
1457
6035
5810
3979
6682
8378
4863
7206
1604
9736
3652
6974
672
636
7069
391
5777
759
4073
8051
9824
5588
3298
6785
9989
5329
6697
2583
3059
2852
9879
679
4945
1055
7095
8508
6731
7636
5719
8791
2170
9358
6536
3765
1781
7248
3244
173
3306
3707
1533
1113
7666
5912
4934
5869
2736
9024
3989
1353
1680
2280
4147
8751
9857
2972
2028
9617
3541
8560
3659
8141
5039
5281
5881
466
9051
9533
5004
2741
2084
6523
9277
9351
1318
8766
3012
9032
6121
1226
5771
7706
3646
4366
7111
9889
5211
7784
3908
8808
5219
3627
6632
4745
47
3392
6073
2385
31
4468
6817
3203
4020
1248
9268
5156
3003
4795
7433
1090
9960
2996
3495
2315
2788
5952
4494
673
8170
5991
5254
1267
5624
6195
7521
8457
9891
4531
9304
7926
2693
626
9001
1653
4408
2568
3686
2398
5097
1954
6886
415
351
2817
8848
2223
131
4316
1956
4094
8897
5399
4215
4040
9213
5550
7578
7825
3726
811
5265
8471
5491
9507
8397
9333
3994
1842
7906
220
2266
2095
5575
6215
9104
4839
915
2807
7346
5298
8325
5574
2574
5209
9028
7293
6411
4960
2439
8858
4989
5861
8671
4286
6689
8414
4924
843
4420
9515
8228
8289
6410
1736
1828
6801
9824
7999
4935
4374
4634
4771
478
8428
2485
9690
5897
281
479
1104
2921
9034
9403
9047
5230
6405
3424
1289
9526
690
9914
72
8386
7831
7069
36
9164
837
3380
2226
7469
8411
25
8065
4224
218
5382
243
1800
6998
2517
4642
364
3316
6593
9194
8885
7362
6505
5423
3377
8534
8473
4245
4459
4561
6384
2647
1358
2449
526
5059
6900
8253
3634
4510
9008
1337
4823
5012
1022
3180
9488
2527
8173
5272
9708
5070
1237
7875
1150
1801
4332
7957
8848
8934
9938
5780
3606
9662
3833
2734
8884
9351
6472
7457
7741
2110
9681
2083
185
7548
2539
1493
4400
196
9046
5945
6071
9186
4853
1314
1410
3483
1299
8724
727
8943
9405
4700
4572
3227
7731
5160
1178
8288
4296
137
6055
715
7530
7597
5389
9154
7689
3602
9261
2838
3556
8651
9888
3993
9708
4419
4809
2519
1324
5400
8051
7748
6730
8798
2705
4980
7510
6958
9817
7379
315
6112
5900
8908
9890
5356
1655
7255
5925
2255
5794
7696
9463
7889
5386
753
4812
579
3519
3311
351
8658
6964
8895
2085
8306
3985
8732
4891
408
1643
731
3784
1882
2522
7444
2750
979
4102
4352
2763
7553
6594
9068
9606
354
8285
8841
3411
1951
168
6931
3439
6505
7028
1656
9147
7004
6822
1583
1371
2923
2363
5516
611
5063
3911
7580
5366
7942
8002
3832
6476
9166
547
2797
2064
7895
9289
1730
21
5143
5321
2939
240
4712
7292
7279
4854
866
8296
5746
4156
2519
2981
9840
5189
1077
8456
4543
6442
704
3475
5468
3949
6335
455
4272
5958
4230
9592
1252
7715
5092
1561
6227
7601
9423
5276
5899
7770
6632
2726
4500
9645
2256
9675
3956
6185
706
7607
986
9439
4745
5287
9317
1668
9852
8990
3904
4257
3019
1321
623
1274
7044
8030
9064
958
6754
2239
5765
5801
2556
6772
9810
7978
8975
5823
1692
6659
6498
8087
5251
6622
8605
1812
2970
9804
2244
4558
7748
432
1372
1642
4751
5311
2102
3225
2600
4226
611
2998
9431
8467
1842
5185
6882
7972
5477
1339
2693
4029
7298
7244
7758
4932
6069
4001
2668
5231
5060
9259
8714
2195
4490
5332
4429
914
2021
4498
5875
5749
3223
7465
6048
3500
8655
6783
4780
3420
4930
4997
4327
904
1864
3719
3134
4128
3884
9818
9241
8101
557
7368
9165
1351
4284
7235
3977
6509
755
5968
5951
978
5463
6944
806
9832
1195
4258
6276
9286
9220
9247
301
63
4932
7809
331
770
2198
300
7029
2202
5256
7773
5191
5854
8300
4696
9216
1420
2805
8271
2664
8962
9046
3348
5440
4919
2913
3301
2932
9626
3541
9955
8880
1309
7067
9102
6419
6474
6903
3206
4310
454
8938
3748
5721
7689
1753
4951
1532
6498
5041
4856
6480
949
6583
1338
1017
1584
2368
5411
7857
8897
7368
7403
8661
5301
8893
3881
8787
9197
8277
2741
4516
9599
3961
2209
23
5297
7626
7751
3166
7961
1768
6433
4584
8685
3474
7931
4726
5728
8085
4834
4106
1491
5349
5412
3086
1534
5087
420
8796
7871
6164
2335
8221
2300
339
6881
6987
4373
1314
5719
3957
4617
2245
9895
7128
934
2818
9975
1827
961
9155
3058
1111
3442
8635
3024
4249
8548
9123
8489
210
7206
8954
5294
1796
9433
8212
2284
8345
6592
943
353
4413
2366
876
9488
9246
5453
8284
2151
8716
5111
8592
7835
8716
3106
1223
4778
3664
7315
2631
8439
5250
2825
5509
6751
5663
6951
8098
7694
2722
534
1630
5235
17
8801
8644
8745
2565
9146
3778
8796
263
6971
9773
5098
8614
1118
6578
8690
8210
3433
8620
1030
3960
2504
5102
1587
6856
4125
3825
2295
7354
589
9428
8181
3481
3357
7817
9914
4461
2477
2213
4517
3536
3835
8175
8278
3052
410
8137
4544
372
9408
9484
9289
1914
599
1274
7512
3698
7056
1888
8440
5321
1483
1441
9673
7542
1591
1616
5256
3301
6663
4229
5732
1220
4102
7493
125
4328
6824
8535
6445
5987
9281
1922
7946
1105
139
6267
2882
2082
304
6215
7404
588
3772
9196
2053
2393
8501
736
1461
8794
2880
1243
3709
5178
3751
8068
7811
3105
1148
3183
6874
8521
5443
2452
6040
9561
3494
8568
7403
5323
8734
3174
2996
447
6824
5143
7447
4906
5440
7731
5827
6088
7073
7651
3107
8038
8212
2768
7354
2070
8455
9776
933
7120
9341
8882
5145
1320
3155
2492
8899
9933
3332
6137
59
9706
8246
3261
8353
8607
621
2905
7665
3417
7356
786
1448
7791
9345
8001
1348
726
1214
5332
6868
8958
2240
5875
1106
7942
9998
6127
1750
2948
8832
5894
2755
936
7591
3400
9791
4950
4414
8746
1449
5550
2111
7516
9764
8554
7434
7353
1974
5154
1143
8172
8719
8000
9269
1101
7466
2371
2155
411
8609
4493
1154
4716
4585
1462
8031
512
200
5944
8210
6397
6312
2467
3883
1317
6846
4723
6110
2552
508
2644
4152
6596
1804
659
7175
4754
1666
6489
5933
7419
2795
4002
137
6955
4396
7394
2931
8302
523
6921
7153
6029
6943
4745
1859
6251
4117
7952
4255
2742
6260
9603
9903
5964
340
4557
2912
3925
4287
3276
8845
3710
10
790
3602
2310
2330
6927
6920
9452
1792
7808
2028
3586
5490
8123
9653
7058
8799
923
637
3714
2234
3191
1159
3192
4099
4172
6614
9838
4481
9005
4014
7246
8076
3443
6018
6152
1143
9549
3921
7189
1031
4802
950
8451
7574
6316
474
2217
4904
5853
5125
3363
2638
5131
1475
6819
9631
410
8211
8157
313
7082
4970
2786
3794
4782
5510
2046
2104
3500
5915
9249
7002
3448
2682
7432
2240
2707
5617
7782
3698
4396
4933
8628
3879
651
4607
2944
1968
9198
6520
732
1338
5763
6876
3949
9832
8163
4657
2792
806
8427
113
1404
9937
5876
6360
9190
2449
4042
4579
6924
4792
429
4459
5916
2148
6341
8907
3142
174
2566
78
2905
6979
5183
7911
1239
6571
8732
7600
4077
8049
2825
6975
5270
4283
3529
8691
8003
4290
5416
495
7925
4619
9596
5939
909
1303
959
1801
3490
9256
1515
2617
8240
8348
7208
4424
4754
7964
5121
2618
3716
6442
502
8874
1967
3453
9188
1633
8618
7650
903
8852
4757
2070
2153
8285
7382
9243
7002
9935
5612
6931
4110
4820
6534
207
8735
6922
7074
9105
3936
38
9168
2798
6779
1482
4117
722
3972
7456
2114
9326
3183
5839
8352
2663
7860
6169
6195
8922
7041
5511
962
5186
7006
6784
2332
5681
2339
1759
4717
2266
4558
9513
3714
864
9683
1959
5291
670
4168
6660
5270
9545
7820
6285
3748
8270
6467
3871
2347
2565
726
8152
2063
8425
9076
3982
5791
9994
9150
8435
8383
2212
2738
9848
4768
3669
2125
7488
2979
5900
878
5524
4754
381
240
1416
7365
721
3036
4061
9214
8467
9412
2152
1539
6406
7449
5288
1788
5701
6168
5297
1520
5732
8276
3057
6807
7972
1516
78
6145
8979
892
6446
1687
5202
3397
1681
8184
7659
6616
5069
6957
5088
9221
9915
2800
586
8308
8362
6219
6836
5700
7278
9732
5580
4004
9022
2105
7182
4608
9393
9205
2957
7916
234
7575
2965
464
6337
3008
5768
7104
4128
9084
1098
8339
6431
6510
8361
257
6221
9664
3153
3858
9309
3279
3613
6714
6107
1197
4374
9576
1001
3050
7223
5864
4000
7172
8987
2339
9834
121
1970
5354
451
9731
1571
8193
8634
7241
7573
2512
3743
6925
8386
9729
6051
9099
8607
6955
3962
6251
4357
5140
8633
6191
6103
1077
1861
5233
4339
9258
7523
6021
422
6100
7693
7799
3406
9577
1707
5419
8079
8865
3624
1862
5832
4076
4663
7493
9813
4901
8565
2031
8377
3583
5764
6830
6720
4260
3628
494
6332
3401
2902
8314
4988
7722
6502
2286
2035
8251
5692
9029
5247
8542
8171
5491
1516
6771
359
2026
6413
4367
5419
9437
693
5491
7643
6839
335
863
1079
9146
5948
1213
9087
4678
5963
5309
6874
8109
7573
2377
5458
1561
9209
9535
6783
9835
5412
272
5314
9949
3901
1602
4080
1964
7981
3464
7620
9497
79
9663
1951
1172
7172
6545
3081
4034
9455
3492
9528
6206
9897
2249
4452
4036
8909
3858
228
1157
8707
7808
1426
62
5549
1130
5245
4346
7133
7123
6697
2498
7689
7376
8030
7910
425
4285
4389
2663
6453
2749
380
1920
744
9108
52
1651
7149
43
3054
4122
3235
6463
789
2271
8236
1888
5623
6042
1299
8735
6901
2331
6794
7029
8517
2520
4219
6542
3610
4624
9468
7565
4703
5957
7427
9506
9318
6440
1078
3594
7197
7089
4068
2574
9263
1225
6587
5758
9673
8537
8662
8347
1364
7718
5848
8048
5125
3714
591
7531
7432
606
6433
8430
4653
5670
1759
4831
4843
8730
2569
9182
4964
7705
1538
9811
8263
4219
7766
7291
5932
8460
6868
5073
5961
1121
6200
6985
109
9379
4380
5603
5849
3546
6161
6590
655
5638
7920
3592
9466
1756
915
943
5967
9479
3383
3659
6180
6036
9784
906
5948
3299
1599
8972
3737
1360
2468
3532
9469
4773
4722
5463
4349
6965
3332
1417
1543
4947
9156
2625
6298
4173
7824
4176
7544
5925
9105
6482
7738
2541
805
4072
9595
3474
9655
2550
1946
7189
2852
9295
3169
4388
4123
4692
7033
5451
6593
9001
6147
1965
2115
1232
6880
7159
4607
1774
5475
7423
1427
7812
2255
5986
5793
6927
3968
649
5868
875
7310
782
9471
4354
2095
9860
9455
1909
50
3131
7142
2092
9331
103
334
5773
426
9572
7191
2435
8866
7880
7074
4523
5761
5040
7040
7183
8595
7195
723
6383
9583
5717
1691
5364
2493
7760
9137
7020
7703
2697
1724
2343
280
9334
8480
2151
5651
20
6501
4396
3458
3432
2008
9429
3707
4947
8593
7055
2820
2272
3314
2854
2407
758
2509
3613
8412
4969
3279
2665
435
171
4732
6169
6156
4731
4242
6426
6559
4888
1531
8575
694
6327
2925
6150
3708
2261
1657
7545
9167
2082
4199
5430
9382
8870
9935
9522
6825
4866
3739
682
6740
3835
3961
3287
8700
5839
3273
8976
705
2167
495
7931
741
4739
2159
6080
7832
6359
9904
6150
3312
5733
3498
8352
5971
9302
6786
7285
4795
4719
9600
1692
1149
848
1834
6859
2366
9638
7450
7869
8988
2680
6840
6999
1586
6268
4688
4642
6710
3855
1689
466
4962
7589
7369
1006
336
5608
7315
9398
9053
5987
4180
5985
2566
8803
6782
9892
2905
5300
3713
8194
8909
2035
7162
631
8893
6499
6766
9703
4613
2143
575
940
3030
9134
6730
3559
3479
827
6523
6758
2323
8052
8815
3000
8500
855
4433
2783
9485
4795
1737
1409
141
3495
1556
2926
427
6738
2113
3837
8842
7611
4784
6910
5412
3239
2955
3431
2073
3222
6413
2077
8777
6955
5871
857
3220
4162
2130
8037
2065
3982
218
9817
405
9165
799
9535
7578
3803
3132
6740
8713
2685
7916
4711
3267
1904
7587
5260
7900
1002
710
6262
8382
9659
2632
3185
7623
699
9705
6264
4607
4076
1771
4859
7393
4967
6504
6247
2439
3419
5853
8269
90
9672
3363
6091
9039
1160
7589
1315
6574
6869
137
1063
3272
3955
1435
745
6532
7614
1911
6878
4098
6867
2133
4637
914
3057
7317
8299
5400
1340
2821
4480
5148
2440
6172
8709
6296
6540
4146
6463
3109
8390
9690
7737
3938
707
1586
3437
3532
5759
9714
4825
1508
8975
4171
3222
7539
8726
5177
5982
3842
9290
5915
5234
4048
5657
5914
832
7783
2725
4449
9991
3467
5447
3768
5707
7177
4395
699
206
1470
3880
4767
9641
1626
7995
2971
6173
8269
2949
1169
7570
1363
8163
2621
3819
2475
4456
3688
8280
4793
754
5653
806
1309
9722
1358
6061
5206
8463
6045
3143
8026
4970
4511
9962
4522
6274
3607
6053
2685
9740
2562
4834
1555
6879
8628
5304
2826
9948
3232
2721
707
2418
5413
716
8226
3960
8331
1904
6637
6910
966
9806
6903
8026
9543
6393
3652
2659
9297
6200
848
7634
5595
5052
8191
819
9250
4430
1094
6054
3235
5258
5230
3324
2436
5608
9557
3794
1735
561
7942
1703
9416
5775
8773
2755
7930
3529
7336
2234
1651
166
651
7031
1872
3072
6823
360
2525
7406
4709
3901
809
583
3675
5708
4576
3579
5590
3935
6835
9857
923
8735
8258
9144
8217
9819
6278
5436
2889
5721
7094
8859
4402
3068
4606
8198
1451
9363
8785
9196
1269
4329
5851
4040
894
8833
2099
3065
8179
4351
7938
3400
5398
1794
9242
1916
8773
2728
4855
7003
4081
7089
4517
8988
6807
1950
6180
606
1101
6378
2127
6227
5149
7639
8587
6594
2883
4217
8250
9383
7719
3213
7256
8537
7782
3693
3460
2608
3825
2690
9424
8723
4507
1781
5114
4180
9811
6863
7233
8943
2653
1493
1963
1801
2223
1711
8250
7759
3206
2648
9032
4555
4478
5471
9283
868
9832
5979
1205
3114
8489
3572
6781
8410
6953
3404
1719
3368
2524
4407
6783
6019
6984
9306
6730
6226
1250
5455
6314
6071
5442
5701
9401
1177
3658
4869
4244
9036
2498
4246
4348
3831
5658
4119
454
9080
4711
3552
4847
8819
9992
4882
5235
8799
5865
3013
7571
5172
8740
3056
9618
4376
9665
5134
7672
2788
4171
5603
4752
2084
9159
2682
870
8277
58
2951
361
2865
8851
7650
1515
7697
608
7495
6079
559
465
602
5312
645
7297
9072
296
9441
4627
9972
4166
523
6447
7666
4909
9107
8799
2763
9659
7309
4012
6957
8740
2913
2651
4706
6320
1089
1541
1921
3768
2170
9055
7112
2322
3568
291
4107
4786
87
2386
1428
3650
86
8785
9837
6418
1185
2741
2407
8897
7844
7835
8769
6547
3508
1862
2398
7993
2591
2752
9206
7899
2706
6203
1995
1468
9334
5344
1340
8815
4691
7976
9572
4922
2583
3307
