45
5270
3722
1045
3196
4519
3672
914
1677
2545
1789
9111
4490
8899
4413
4299
7729
5901
4116
6596
6093
4156
5607
2915
2310
7308
8425
7848
9107
9321
6703
8944
5647
5924
2386
8480
8743
8812
3732
2601
8801
7822
4599
8244
4315
8188
1613
6733
5740
6362
7088
624
8243
1180
1794
5889
9663
806
8735
5888
6094
5823
1807
2355
5842
2844
3464
8566
6513
5932
5555
8917
2168
1515
7794
8270
9556
7363
8600
4121
5694
1692
2107
2745
2233
6078
701
4467
4129
6497
8817
7936
76
7844
6507
2977
6014
2243
2401
1471
4724
3047
219
9807
806
8171
8456
6727
3385
3523
6332
2300
2206
4613
193
4402
3716
9062
122
9763
2142
8997
4436
15
7115
7619
8840
4323
5008
4817
2255
7312
4961
7128
9397
2647
1472
2299
1939
4061
7622
3974
1081
606
164
6516
5729
5463
7651
2104
9261
6952
2121
2637
9328
5727
8611
204
2692
3186
9331
4132
1719
8568
1268
9020
7338
5077
5215
7545
2930
1416
7122
6060
2140
8168
7915
3830
9850
598
1889
3376
6672
2903
5555
5303
5190
2323
7800
3670
4036
1267
9607
8752
4730
3490
2254
2513
9338
1144
9178
652
247
105
9174
7844
9829
6060
497
1160
7811
4781
353
2093
1297
5954
7459
8816
3012
5964
3829
5014
7277
1545
3508
1662
1809
8370
1329
8650
5914
5402
4492
8706
1420
1237
3128
6566
3729
7711
5473
9130
1826
6640
5858
9255
913
7513
7454
8776
6030
3438
9500
3373
7314
4164
3374
8702
6596
7511
6035
1459
4730
1846
5246
2408
288
1647
673
60
2825
893
5086
5301
491
4699
3187
637
5686
4253
748
4295
916
2553
2619
2475
5902
1118
1391
7256
7862
4426
9970
6217
1675
4014
4399
9979
1394
3449
8966
9265
6840
7393
5951
5137
8351
4198
2881
2615
976
2737
3016
2343
6763
1739
542
2177
9226
2770
6506
9170
256
3417
2198
8398
922
8869
3625
6477
300
3208
9243
2236
5286
1483
7454
3522
6601
7482
4124
1703
8237
8775
6279
5125
1410
7626
9454
9936
3471
2221
752
8623
6943
9796
9009
3423
5195
7552
4214
9481
573
6404
2315
7767
3493
779
7056
5279
4284
7020
5576
1744
8646
4803
932
1481
7137
7072
6988
3295
9415
3689
3005
8078
2455
619
5293
5490
2473
4031
8326
9049
3267
4642
1130
1832
6459
8511
1631
630
570
4174
5651
6451
6645
9008
9977
2139
8863
7527
6286
8123
563
918
65
6883
3398
4236
5312
2874
5486
1566
2806
253
8693
6526
8476
4003
3672
9100
5021
8625
5440
6358
2725
5241
8037
6554
1433
3447
642
3153
6626
4945
7745
203
8485
2349
4576
4246
8434
2223
3199
8757
5143
9003
1367
5398
7757
118
531
5973
8467
9763
2506
7660
2682
4205
8193
4823
8846
6844
2803
1865
2231
2333
4940
7860
2508
8490
8041
6127
9427
9426
665
2798
5426
6683
1215
3722
3873
2639
8796
1315
2915
4668
4686
6862
2439
84
7520
4280
4155
9752
5400
1589
9419
1334
6525
2810
4063
3507
2890
9267
2076
4404
6546
9040
9097
9708
2234
5999
2989
4471
949
6207
8047
1487
8949
7563
7646
8077
5420
2423
969
3760
1971
9674
4025
9076
3378
4091
157
8404
9658
365
9748
9529
9238
8511
8122
5645
7764
2730
7849
1521
1290
9684
8802
9192
3542
7931
2384
8962
5163
5985
8087
466
8297
8315
2432
6872
5014
21
6330
8142
5841
4585
4812
584
6458
8517
2249
437
9440
2001
313
2689
4573
9448
2470
2287
871
4833
5533
5446
1707
1195
3241
3673
2278
9282
1231
922
6079
1250
630
7743
6400
9707
5679
6705
4872
8218
2734
5024
5682
1946
9521
3162
5672
5397
5892
8849
5845
144
6000
181
4488
883
6435
4646
1344
1138
8305
7175
7286
1326
4358
8190
1370
2569
6288
4866
3768
5765
7415
2652
2098
508
9764
9760
1673
78
8001
6881
3389
2381
5077
5934
5249
448
3254
5517
3271
1032
5361
3733
9913
5558
7738
4355
7588
1331
1791
3102
9108
1026
5080
80
2729
3348
8083
3979
1119
6675
2973
1265
3136
1423
3785
4904
6249
8423
2941
922
9314
771
1594
2736
403
3681
2738
6540
2769
5408
2171
342
8287
4899
7772
2363
7300
4996
3204
1900
2365
9275
4397
6596
8058
4096
596
8489
1772
2834
8105
9165
8389
868
3787
8337
9431
2344
9676
9048
609
1542
1210
5710
4504
2631
2977
8237
3651
1422
7603
1253
5218
1040
8556
39
6373
4998
4677
6307
3084
4248
4767
9935
7303
3006
1952
7418
1112
9435
2932
4956
5320
4156
1290
822
8064
8687
2091
5427
1118
2359
4838
350
5230
6852
3946
7349
2312
3747
1963
4432
7666
3368
5963
6361
6775
1274
8407
1497
679
5558
7125
4215
8489
2647
5932
1062
9749
7734
1975
7686
2906
9250
5188
724
9409
4417
4704
450
9060
4602
5106
7364
7471
8500
7289
1951
8192
4929
4047
6789
279
594
4747
5560
5234
623
1860
2583
919
2884
7599
4577
1772
4277
1525
8416
8180
5238
6951
2357
6570
7956
2437
6076
451
9760
6743
9988
5357
3981
2869
4820
3686
5185
7406
2312
4503
9628
5490
8786
2556
2121
9531
6175
7002
529
5592
3194
6975
8873
3770
2953
7977
1689
219
2322
8156
8670
5108
5473
3879
1871
7225
6937
14
2779
890
6587
6870
9212
3913
8552
9748
8165
9801
4448
8425
6261
9074
9922
4168
3549
3013
6484
210
9915
6842
1997
4965
5083
4156
5832
4519
17
4906
684
4896
2593
6160
4223
9638
9005
6323
7762
4960
5218
3205
9812
1888
5771
3896
1894
9596
5186
1305
329
8858
741
6727
99
5937
8893
1621
1786
5056
8080
4032
9730
3258
9116
9552
5832
101
4850
283
5163
7226
5251
1523
4991
6709
7029
108
9194
1187
2261
6236
9332
8712
4577
1826
4154
5865
6061
8286
744
7383
4536
2706
6879
1186
3475
6554
2772
6218
8063
1793
4745
4902
6141
3103
3606
9217
1735
3390
8907
8785
2427
599
2794
1844
4700
1018
8681
7289
5397
9966
4039
6564
9539
7779
2689
2544
4643
3805
3234
474
7336
2975
3123
467
1490
4429
2570
1473
8219
4937
4130
2670
9378
1959
4956
3936
9911
5035
6485
2456
7873
5482
820
8096
7753
8181
5363
8362
414
1061
4573
7929
156
8432
1448
9451
7476
2326
353
270
8448
7207
9070
460
5836
1369
7185
7579
2822
8752
2633
9608
7319
777
2601
1854
2154
5026
2714
3309
9065
4207
1059
7157
363
6200
2514
945
510
5505
6460
7584
4681
6215
4008
666
6412
360
2260
6384
995
7784
5539
1661
8428
4965
609
9379
5831
9594
7296
2449
9612
7044
1204
4240
6148
1912
96
9635
8854
6239
7068
7317
2292
5048
4926
1104
6768
1935
5441
1794
2765
6329
2314
1281
8667
9398
8729
5398
5590
3135
5114
916
8209
4010
7972
7637
5010
9768
4517
4500
263
2625
7529
4755
715
8222
9369
3379
38
9505
2610
3896
4152
5501
9684
3283
4730
9923
5572
6750
3182
4698
4044
5719
1125
6152
9108
8281
7076
7289
6093
6999
7417
941
1530
140
8800
7559
565
445
28
5349
5360
6085
524
1217
6763
2707
4326
4688
2907
5087
4196
7767
1317
5565
8580
1809
3629
4563
9114
1088
6303
2748
3411
5610
6479
3210
3971
9543
4482
7170
9357
5127
6721
7832
9338
7959
5195
9908
9389
6401
3954
2387
4382
1006
2803
9650
9624
5964
1559
6990
3929
6002
1330
8940
9046
2611
2673
4913
4738
3552
8735
4783
206
5736
5730
9069
1045
3484
6227
621
6614
3720
5174
2713
7133
3915
8366
2405
2807
6829
3586
8006
7983
7492
3241
3354
3796
7780
8786
6726
5285
281
5170
5836
7665
9171
2181
8646
5275
3734
8604
6140
9737
938
375
208
828
8617
1806
5131
4244
267
2106
7909
9966
729
6799
2713
2494
2376
5272
3264
4698
9500
5336
6333
8550
9337
5048
7962
1733
9719
7130
9072
8224
7446
8269
7045
7117
3032
2525
5179
5974
3654
2481
5017
8174
7261
5870
6936
2371
9468
6151
2899
8461
5339
1441
236
5601
4042
1658
1491
3568
3844
3397
4525
3137
3034
9684
2520
2459
9753
5596
9462
9850
93
7290
1043
7019
318
8158
1289
3466
8112
5591
2265
3568
4230
610
2884
6004
8033
1443
3074
1374
1034
1610
2129
256
7956
1880
5140
7576
3350
4476
2618
3872
6688
3048
8367
8048
397
3217
5283
5884
368
8024
5456
8252
1132
956
8906
2423
6799
6515
4426
8309
2521
8088
8816
8483
5160
787
9062
8438
3017
3712
116
3635
2973
8392
6879
1182
2243
4836
5606
4816
6160
7190
1005
3009
6153
3877
9124
7000
2973
2717
777
6834
50
4308
1351
8600
4231
9884
2888
9610
4154
6845
2866
6655
7907
1821
5279
2739
4076
7724
180
1963
908
9609
2149
5330
7082
5807
2330
1283
1663
2062
5465
299
2935
3281
3585
8664
7041
8279
6950
2358
1947
5995
661
9315
4324
4349
5101
4332
8597
6384
2923
5248
2537
8813
5925
440
2159
6020
1517
8424
7554
1604
7947
2092
1379
2566
3720
4626
8235
6614
5698
5797
774
7821
15
4913
8948
2833
1006
2732
705
7997
2686
5278
9139
216
7762
4121
7355
3145
6505
1021
6762
8525
4804
343
8047
8569
7935
1757
629
475
6097
1982
685
7125
4473
4716
8798
1012
1491
9325
5013
8784
7719
9556
8917
2668
2952
1163
4804
9598
7270
5089
109
4676
9035
2249
3016
9671
6865
378
4898
9248
2103
229
1900
703
4593
2013
5743
3046
5323
6343
1653
7180
6007
7977
805
5247
1425
5378
5616
6772
6953
1031
3204
1007
1873
6008
8090
2224
1699
9126
4147
1113
4426
5765
6681
7489
7655
8213
8075
939
5419
1757
4274
927
3435
2928
8669
1057
1443
7769
8246
1486
4762
8126
2295
1071
7024
893
8830
8584
3923
3518
1347
6197
2195
540
2753
242
1296
3316
7592
3211
7303
4677
1352
5195
6757
2277
7571
8944
7339
7033
780
3930
880
2660
6351
6299
3469
5609
464
6762
9383
9491
7016
1901
410
8076
8731
2895
174
8426
9760
8127
177
5034
4183
84
6774
7099
4313
4747
3321
9886
1244
6889
2737
7416
5317
9534
4189
6454
6772
5686
2851
829
3828
7811
7660
9451
4785
8680
3545
4676
8769
8912
7272
2653
3753
5845
8477
6266
9525
6370
1296
5717
3440
9496
8246
126
9163
2993
2759
9196
8706
3720
1654
4074
5275
9347
1205
6371
2424
7323
2314
5633
1201
8645
1117
2332
9617
84
3663
9471
1057
7923
6928
401
4390
7134
7388
4332
9565
7534
288
1791
5921
4348
5969
5048
7258
3197
7377
4405
4639
2106
3841
2202
4056
5663
4515
4795
8379
5914
508
9078
9329
3287
8139
783
6792
1252
9683
8141
1959
6873
6805
4890
7034
522
9711
6853
2675
6068
5073
6420
2706
9258
4832
8950
4081
4725
6345
8727
2619
2593
5952
3650
7025
1209
2461
2634
6208
5186
8256
6005
3513
9236
2446
7765
5300
8951
5167
3533
5951
7662
2119
2311
840
4088
6372
71
8455
9188
6701
2066
4907
956
5522
9366
921
3155
7864
5825
8061
7077
644
7488
7811
9068
2906
3470
6812
7066
3650
5129
9558
2811
2776
4957
473
3641
2810
2937
4837
2389
4179
7019
8485
6190
1098
2557
3713
3080
6844
2145
1087
9342
5472
8873
7017
4630
4499
1772
1182
2902
3259
1388
5538
1572
2507
2095
8180
565
8892
7279
344
4927
988
5671
2898
3624
9003
1621
7969
349
9756
3731
221
1505
4042
216
7339
3902
7939
5842
9142
1038
1754
1935
9130
2790
1481
6912
3682
9002
4376
3148
4187
9565
1800
6159
8353
9800
5975
3393
5626
2877
3802
833
3145
9527
1167
4033
7529
2291
4756
4278
2626
3049
8137
9306
3172
9053
6541
107
2143
2090
7939
8966
5972
6607
9544
656
9704
7882
1862
7538
7926
4546
215
6264
7235
921
8789
9602
1623
7448
9383
1390
4246
98
522
1137
1427
2494
2986
9300
3258
5867
1250
3536
4937
4835
4860
6537
9983
510
4328
9646
428
7217
6352
8079
2834
1872
2070
2250
263
6939
8484
4694
2707
6548
4720
5873
6085
8406
9228
7210
4896
2562
4280
2058
3296
6679
1326
2400
6060
2251
9618
1112
3119
9736
962
7029
3746
2442
8303
9554
423
735
9036
6319
7383
6555
828
8389
115
8986
452
1577
1281
7118
4750
7866
2937
4293
4783
6154
545
9670
6190
8012
7320
7372
1575
2971
5586
7690
2127
3642
102
9674
6786
4160
3525
7961
4674
6741
5850
2937
2284
7074
1799
8041
9830
6000
4985
3095
4092
9452
7659
2148
9008
753
4545
1024
8998
11
4979
7857
2802
2425
6859
6809
1474
1607
332
590
4340
4976
9618
8042
303
7608
7386
9116
6212
9279
7541
5574
7985
2490
3598
2675
5983
7954
665
6032
9614
2501
8962
4663
1761
7993
134
9859
215
4990
6566
8222
5668
4395
8755
9116
9833
9616
1845
1400
3367
5429
4811
9718
2469
9404
9872
312
8826
4183
825
3520
942
4299
975
1839
6013
4955
6280
2310
7473
7526
8901
1222
2712
9318
9906
3589
3735
4482
2841
6366
6108
9264
2665
4184
7690
9244
2193
2356
8121
9822
1032
6031
4164
3046
7280
1369
3419
6916
3102
4878
3336
9534
3927
5840
6528
3588
7005
3151
9498
6282
6576
4344
1342
4458
7411
1677
1633
6791
4148
6769
2761
3924
4189
7650
6493
2869
7058
9666
2038
8537
169
6819
1379
7963
3030
6573
5337
6825
7655
4101
2238
9042
2858
1838
3246
6688
4689
9705
5634
5602
9735
6628
2767
6333
2116
9411
5345
6276
9346
3658
6530
7339
1112
961
6113
9757
2964
3378
1427
837
6340
4808
9135
47
4530
3719
1066
2351
4404
9805
8180
7352
4031
6436
8801
3541
4051
5045
5846
3618
1228
9060
7478
3996
7571
4899
7929
1896
5724
3488
3723
1310
8277
4797
9262
4926
7493
2720
1803
8396
8345
2994
1872
9541
5478
9177
3307
4676
2159
2571
5705
7918
7532
7809
9609
7280
7330
5138
2475
9630
5789
9169
6626
915
6081
6870
9074
9234
7173
3874
6048
1331
3242
7449
5272
8233
7187
7937
8518
8394
1591
3252
9737
3153
7783
5805
3777
468
5187
1982
7596
2354
244
2172
2607
9176
6368
957
3459
8607
102
4073
7502
8284
6523
4373
4676
82
2536
1376
92
9392
6619
4081
8039
2537
9432
3472
3131
276
3092
8605
4046
5191
6278
3693
1086
1070
4842
6096
1864
6229
4477
9910
8291
7518
5750
1452
6629
3409
1128
3695
7932
3811
1889
8204
5734
6163
4133
69
9744
2895
7826
3182
5515
1497
27
2310
2006
2829
3286
3605
5239
6439
9511
3862
4914
6708
5789
521
6786
7979
6843
9721
9147
9396
672
234
3302
8074
7959
4922
6937
4772
6351
8969
8403
1294
4395
6794
7490
3439
9446
3800
123
7522
8456
1493
4300
8026
3289
9025
374
3612
3283
1765
6052
8104
4035
6118
824
9793
9008
3932
4870
8363
6668
466
88
542
5459
3619
2313
8994
3030
3347
8533
3042
9598
1624
940
9179
5933
5275
4784
8933
4548
3325
1489
4586
2916
299
7259
8277
5970
7697
4431
5513
8929
1759
854
7989
1404
3758
2567
9669
6712
1379
581
9935
3231
3009
8506
2410
5177
1644
3860
3732
9147
5937
3815
3343
8977
5501
7625
5159
6360
4035
3024
5333
8916
3019
4113
7839
770
2951
7775
2174
2707
5115
2220
3169
2743
1553
1355
9906
1793
4849
3100
4326
3836
698
6366
2992
7944
7511
9012
5903
6132
7407
3309
2676
8355
5247
1019
211
8896
666
1640
2225
3868
1685
1025
4032
3716
646
599
7423
4146
7719
3366
1510
935
8697
1496
8218
6653
1121
9894
3259
3939
1871
6042
5299
1805
9543
4814
7495
534
1143
1010
1126
3209
874
457
2151
9673
2333
9275
7298
6911
1589
1757
8413
4040
1798
1741
9657
3751
2801
3557
7774
772
8380
8286
1997
5643
5725
2226
4172
5832
3103
6888
3002
6709
2240
8301
60
8240
9345
8544
4319
1846
2596
6347
2350
114
7629
1259
7
7802
5156
3744
7732
7586
3235
353
4828
2588
8460
6508
3948
107
5102
1466
3807
4700
8754
1703
1800
3496
1681
1416
4406
4256
9237
5928
8175
2032
5936
1883
8014
4466
2219
6370
675
9359
9156
5416
3474
1886
3473
7472
9780
2837
4596
4212
6743
1130
2540
7649
1359
5925
9459
6510
6120
3740
9338
3476
8348
7306
2178
2795
6651
6577
8493
9481
7888
8731
790
4448
5544
3338
8229
9913
23
4208
1636
1568
9659
5025
9185
7044
9492
8286
523
2088
5006
5709
249
6935
21
5679
7068
6167
9708
677
820
3203
4343
5114
6324
8011
339
8092
2105
8020
7695
9545
6486
1912
2103
7769
3816
3323
8121
5133
3302
8365
6053
6405
4475
2178
8481
3855
4427
9864
6270
2061
204
9345
3387
8433
7225
4544
8700
1173
6704
1400
6180
2502
4392
5461
9222
8337
4831
2251
1863
3744
8046
4574
7374
2455
7149
7937
639
4145
9529
6484
3665
2241
1750
5634
9341
7140
8524
3669
543
9271
4622
6947
8428
1902
2184
3550
2012
9014
2956
144
9023
2175
8000
2525
4015
5629
1970
931
1284
9287
3905
4554
1643
220
7735
3939
752
8758
6119
2081
9812
1162
1708
2592
9122
1099
6145
5472
270
3598
5925
1625
1189
9385
7460
1489
4240
9224
1618
3711
5169
7592
2385
1255
5366
67
5303
8208
4167
8245
2798
3253
2894
874
331
7861
467
5408
3403
2916
9483
6498
661
7685
3362
2279
3365
2258
2759
6245
9698
1527
7139
2408
6911
2219
8776
452
7225
9054
5795
7937
1304
2025
800
2671
8731
314
9054
9599
1022
8831
5821
8702
4227
8671
6931
4699
7893
3086
6701
3045
5448
7922
8547
1271
6113
486
3962
8111
9084
14
8183
4349
7120
1546
5193
8636
6885
690
3547
3051
3203
3160
5222
866
5706
8437
8180
8240
5287
4076
2558
4138
2352
2749
2488
3382
3477
9528
6557
8245
6351
942
515
1007
648
1471
1582
2681
3477
8295
7814
7203
9538
3650
9841
2288
2699
7680
5564
7676
2305
5722
2824
5007
7456
4044
1996
4371
9057
1810
5158
7356
4132
5302
6699
2261
2644
4214
218
4234
6855
5499
4762
6991
6262
5355
4600
8701
2907
200
683
5797
3964
8881
5939
629
8117
5507
3551
6604
9474
7210
3623
1666
3137
458
3070
4236
6950
7579
9643
8484
7462
1330
821
6805
959
5832
8745
2100
9444
3295
1463
8856
1127
9360
3392
5251
9362
6070
4144
7137
662
3613
4759
9644
1875
3095
3854
5804
2285
363
1751
5328
556
2198
8335
2633
8059
9133
9670
2285
6761
1451
7160
6179
5747
4767
539
3776
7065
7819
4873
880
3435
2505
7822
3848
6570
1177
4930
7863
1978
2941
9814
9080
1543
6135
8300
8929
1025
758
7191
228
6400
1858
375
9211
6453
8579
3896
7108
2556
77
8738
4466
5490
871
1892
8050
4375
4487
6063
6881
4203
1806
307
3820
1636
8079
4636
9612
6466
1609
2751
6307
627
4645
4479
1577
2130
8610
7394
7990
7281
7822
5306
1900
4203
5348
3590
672
4242
249
4553
6538
4695
309
6025
4593
1551
6555
7574
8373
3943
4283
641
946
7325
2430
3838
844
6391
315
5920
5765
7092
8072
9600
6381
6499
8406
9616
6287
4489
3963
5370
6217
7055
6213
1611
317
8619
9886
26
5574
1036
9021
4047
2997
7180
4359
4575
1772
1510
2745
4281
3927
4328
8788
9445
6623
709
9643
8094
3144
6938
1286
3884
9979
8913
4424
3891
1112
818
3521
2225
6504
289
345
4728
8071
4025
6603
9200
2139
3831
7844
4777
1744
9682
1442
1888
8267
6767
4988
9608
8976
1792
6881
8636
9749
5136
4067
4084
2756
468
3462
953
7988
520
7776
3638
3982
4059
1374
2598
4106
442
5954
9312
9094
6508
2139
297
7470
2535
5623
4345
5830
3912
3248
4712
3407
1709
4979
2934
9957
2518
6444
1670
369
6890
6788
1223
1906
7804
7905
4207
5392
2390
5502
8533
5837
7568
9541
3240
2997
3769
6613
220
4845
9116
5123
4076
7271
3063
231
2273
9080
8440
2640
1587
3998
4283
8943
2203
9719
916
8391
9666
4629
1415
8952
3439
8410
4715
8874
5838
2167
1738
9937
6188
5905
6224
6825
1252
1766
2712
3952
8842
7572
5632
5127
6952
9750
3914
4535
1554
8624
7338
3520
2080
5378
6946
5590
3429
164
1684
5665
2556
4189
4392
105
7341
8502
6452
5682
7774
7458
7691
436
7007
6964
9548
2093
8997
6288
2000
3689
4495
179
7320
7214
4829
8218
7856
809
8958
633
3395
1088
82
7047
1395
4653
3180
5527
7786
8449
3298
8232
6761
4096
933
6901
6513
5116
5829
4853
6593
7141
8163
7994
1169
2376
6868
7178
5275
9122
646
5642
6723
7140
4062
6603
354
9959
5568
4895
8912
3469
8501
3550
391
6263
3418
3224
6280
7928
1704
2739
4979
4105
4039
6254
2924
2087
5877
9019
7784
6002
251
8663
7803
7655
1508
9620
33
4330
6547
6553
9548
934
5940
3123
8639
4612
7603
4906
8958
3644
897
7347
7418
7906
662
2618
3101
7807
3678
8266
4081
6549
7110
2910
3218
9838
5747
2735
4754
3797
3190
1950
1381
5150
3191
4045
8165
915
7615
8311
4484
971
60
4139
5104
2904
1245
9896
6992
8890
6519
2226
652
8280
2472
2998
3823
3029
9905
8801
8865
4867
152
5160
454
8947
5966
2267
4715
6616
4453
2185
192
5366
3781
3110
6488
2970
7805
313
8593
5850
5742
5864
7278
964
1298
3100
2678
192
221
5135
1009
8814
9446
9617
818
4900
3685
6157
6938
8977
5181
376
4436
4333
2033
5285
4499
9361
6510
852
5224
9592
207
3014
9124
4287
7882
9490
7649
2865
9588
4523
6394
9318
1176
1378
5920
4164
2291
1588
9285
1647
3375
9615
669
5366
1427
2945
8930
6012
8601
3317
3681
9369
9910
1417
8606
6431
492
6530
7018
4194
8507
4072
9389
658
3981
5118
3156
654
9364
334
7069
4922
1567
3576
6216
592
2344
3757
2859
4936
560
1636
4264
6271
841
7025
9407
9758
2772
9488
3672
5760
4569
5090
3139
9303
225
11
1385
6309
9788
8275
6647
8266
6247
8759
7801
6334
5201
8013
4086
6734
3671
2081
3634
6871
9807
3118
9816
6955
5710
3398
7882
9876
6662
1308
352
6476
436
6913
366
2333
2372
6550
5148
2284
4989
5998
23
2081
9224
3072
4557
4758
5402
6937
2089
2488
1456
6268
9495
7107
194
4430
599
6390
393
6771
1604
4939
8407
1325
5898
8288
7646
1753
4362
7120
6933
1350
1882
3809
3095
7735
7730
2637
8840
3123
4474
9724
9218
7864
5020
4167
7417
3259
2138
7941
5950
8757
1890
8217
4393
5083
3674
7899
7174
6269
7111
3648
2575
4968
5554
105
4386
5686
4012
2459
6699
7961
7549
7269
2297
1880
5720
543
6304
1730
870
4387
9615
6420
1170
8175
9459
3664
9416
8011
4060
9831
5463
2570
6011
825
7148
4249
2309
4914
9781
1730
9246
9678
1241
7989
1207
4620
5920
2512
9363
3131
1594
5444
5398
2723
4033
6155
3798
7379
646
722
6270
6001
8399
6868
2498
4979
1258
1472
4732
1471
8233
1390
1949
9140
5140
9936
5178
3180
6967
4839
7744
6903
8648
929
8237
18
7171
3287
6792
993
450
4930
4268
9058
5460
3245
1279
4373
5491
6228
3362
4447
7780
7891
4897
203
3494
6258
7583
4096
976
618
411
5807
2977
9367
7353
7470
8630
2479
7807
7970
4679
3738
1020
3303
7122
2890
3680
1895
8657
804
7688
739
1476
3296
9122
756
6031
8033
6524
913
5704
2695
16
9832
4519
8461
6081
6092
5892
3809
5742
3012
8421
5392
9768
4042
6871
1594
3081
604
2578
5687
5438
171
2929
9671
4330
9680
244
6596
1438
597
5955
6893
2265
1983
3721
1188
8784
8661
6808
7587
6002
4848
5062
4676
2318
6083
3528
5080
3884
4437
4951
5919
8335
17
7257
9845
6902
4847
4130
6400
5847
9295
2370
5144
7057
1527
3127
7784
320
5683
2809
4420
3795
4990
9684
590
5109
8253
7353
8246
6152
5164
2712
7001
5646
35
8558
2248
4726
3876
4285
3936
4531
408
1739
6707
2478
9917
7618
790
2956
5744
4760
8201
1627
531
2124
3345
332
6667
4736
8648
7494
5883
248
683
6583
5368
9498
7022
2969
878
3057
6443
1397
8873
9889
3387
3250
2977
8111
5191
635
6562
5289
408
404
4510
5374
5114
7910
5213
1916
8059
9139
5637
6442
8647
159
1056
123
7109
418
596
7821
2078
2686
8316
6804
2754
641
8737
94
7354
8555
9544
8013
931
593
9840
278
2072
9994
4383
9111
7756
8962
4998
7303
5760
2430
1241
3227
2193
2853
1001
4773
38
8740
3211
7721
2088
7706
2620
4472
9173
5118
4561
9504
9595
7623
5510
8054
319
778
8051
7115
6034
1485
65
3115
7688
1012
1043
323
9400
5509
7900
4500
7553
4771
7974
2191
7381
2118
8190
4365
7373
9910
9937
2637
4400
5494
7708
8136
6920
3187
2908
1415
4802
3885
8738
8553
8675
96
33
1075
6662
2297
5072
3664
7217
61
1950
4824
9649
3319
672
8201
2588
3685
9742
6123
1547
7427
8714
2194
3303
2907
3402
6212
2601
6485
9697
3668
6032
9421
3516
7285
2084
7114
7703
5076
4838
6273
5420
4339
3544
2884
8487
3601
2514
4706
8827
1117
4143
2614
7006
1247
1381
7839
7772
3754
8894
8859
1062
731
363
8282
8791
227
9803
3387
6116
5474
5982
4665
1285
5274
2007
4375
8650
419
4420
9800
3697
7894
7658
8580
9524
3417
2415
2268
5904
4245
9342
3948
6181
5978
5210
4688
3975
5261
4092
8259
3798
9127
8590
3352
5135
9477
1328
1731
9239
7005
9189
7352
9334
9093
5162
3167
3073
1783
8757
5373
7812
7534
7482
1870
6132
2033
8484
5307
63
7319
400
3388
6326
6161
6002
4569
9303
4305
3445
47
2088
683
3029
8898
5056
1989
4614
7087
816
2042
1614
2192
6504
8718
446
6264
1644
6720
7220
3101
992
6021
1668
1919
6605
5801
1025
3172
3091
592
3864
8767
8338
8710
3284
7129
4504
8584
6814
4142
7419
1397
4491
8020
5704
8208
6883
7608
5714
9738
2925
2583
7084
343
9054
6067
9014
1110
2293
9255
963
1441
3996
224
8178
2847
3853
7794
5433
3317
1759
3060
9905
3078
5681
9595
1530
3647
6214
8397
8917
3417
7457
3352
7666
1280
1682
7994
9656
7217
8114
3394
6291
7559
3178
5978
7401
4267
9841
2857
4354
9089
2174
2397
7979
9864
2677
4006
4661
9458
4537
5366
4895
3896
337
7546
3983
643
2557
6898
1164
5858
8138
8216
5202
8364
6769
2346
9899
9703
2194
7262
3806
3357
4042
9828
1243
5060
5373
7802
8602
7676
3332
197
2680
2748
8498
2395
7221
5632
1995
6757
1710
2943
1692
8495
951
3957
7195
9614
3095
331
4106
4958
7263
7274
1560
1538
9853
509
6303
8923
5269
4754
8295
3488
2525
7940
5536
2454
9866
4374
5124
4267
7708
5436
5552
862
1664
5547
8877
7285
7864
5759
4706
8271
3569
8374
2934
5405
1187
6960
2541
6712
9329
3071
1488
6955
4648
8203
5969
3010
8421
4741
9747
8721
5206
9838
7250
1826
1721
698
9873
4306
1632
9017
1058
9509
47
24
9918
4151
5006
130
1266
2905
1832
8411
4938
4636
3948
8597
6214
3461
9577
5866
8864
3123
6011
5985
3064
3731
1123
1107
3684
489
7087
8235
5080
311
2013
1979
6907
4623
8284
1818
8004
8290
3474
6842
6888
6794
4899
2614
7878
3123
4483
6412
4729
5766
152
7935
3497
4062
6960
6187
3027
3898
6446
777
5818
3597
3331
4626
2622
1968
1690
1590
5176
7759
7861
573
9648
9169
9097
6269
8831
8509
3229
560
6005
674
3506
9314
159
4078
8481
2845
7663
2097
8790
4106
1844
2697
1023
3290
3463
273
9991
5909
1433
2893
1235
6970
7904
9578
8286
4327
4964
690
7356
4518
668
5886
4771
5143
91
4017
4467
8544
3486
8845
3927
3079
8968
3754
8729
6950
8146
5806
2806
8557
8517
7320
9126
3112
9438
6536
1409
580
5791
4154
7880
6972
4740
4272
3438
5957
7925
5879
3199
9445
5805
1447
2422
2588
8966
8156
8001
4149
849
1335
6181
9158
7884
8798
6000
3348
6759
1659
5704
3555
2607
3887
2752
9332
964
6954
8338
4696
316
2771
9025
2266
2606
3360
2752
7069
4898
6538
4146
1282
8534
7260
9731
4456
7972
8722
9088
5941
8271
90
9198
6265
175
9644
6838
1917
8695
3089
1623
2011
9817
3305
3832
8077
2310
3915
6551
4524
6046
8931
8449
220
7513
4422
5020
5347
4156
8296
1360
2242
7866
2397
6425
226
3573
2759
2090
2962
6521
834
8374
1808
4915
2134
1464
5229
3427
1653
2145
4056
2171
4563
9895
9340
1640
8977
8752
5752
4623
1491
7761
398
1729
9381
4145
7420
6879
3605
4504
9550
1824
3588
8002
5211
556
6641
5305
5379
2957
9791
1919
2502
6150
7303
71
3302
2501
7085
8586
4595
4007
6338
8338
5030
3073
7975
79
5533
7988
4043
8349
9821
7149
2594
2232
8582
6561
4684
8783
4998
3672
3372
2794
4832
9572
5258
4248
4425
9310
843
4919
9794
5019
9908
5543
5486
5249
2972
2137
2580
6562
9771
7391
8914
1441
2097
5352
3555
5071
1488
6740
7817
8301
3587
923
634
3543
3506
5458
7814
3727
5653
6223
7144
9124
8554
4802
7241
7051
6745
3332
3589
2546
6202
8436
3900
5981
3880
3391
7474
9906
692
9354
7821
4103
7101
1493
1431
8985
4908
1943
1743
7513
4323
8853
909
3547
246
9789
2886
7295
8111
6504
8325
8156
3151
5270
2098
5151
7022
4653
9662
114
7983
7908
3035
6298
8402
3041
2022
7061
3370
8255
2142
4802
1588
6075
8223
7349
7527
352
5735
4091
504
179
1794
4188
1029
9665
951
1831
9394
6280
1962
255
2280
1628
9529
6415
5817
4610
5145
7204
7766
5824
3924
9856
4361
3522
6567
7075
7047
4749
7623
6670
8917
5571
9610
7804
6114
8846
5268
8737
2089
191
7667
7089
6293
1886
2522
9959
6546
1808
1531
2916
5207
8531
6324
4680
6254
1938
9826
7507
3097
3876
4783
4645
8656
5292
1338
6709
2018
1724
300
6971
9342
6407
5114
7574
8156
6834
3562
2475
1000
6607
528
5239
3217
4707
1462
386
9246
4929
1550
4176
9020
7761
5639
8213
5407
3022
8433
1001
548
5813
7940
4821
1507
4560
3574
8799
3416
8749
6523
9419
8375
7350
6506
6489
3347
9544
1428
3949
3829
951
7462
7089
174
6124
7950
1580
768
6901
2167
5134
8401
2561
1926
5187
8666
5707
3732
8656
1132
2663
6970
497
8406
2131
5800
1669
1254
9149
4865
5863
1594
4484
7172
9596
8350
851
4647
5382
6610
1993
8031
6515
6582
1388
1017
5814
5423
1319
7823
7640
5812
2771
2816
1165
3981
6965
8682
8043
324
6280
326
1618
2036
6303
3540
3917
5388
2330
6836
7815
1060
8349
2046
9139
4632
454
3914
7017
1113
9986
6245
9934
1326
7224
51
8822
1667
6006
5615
1385
2168
6603
5058
329
1667
6412
4479
279
7848
7100
425
3093
4483
7
6580
7462
725
3677
6533
3526
3050
1665
6929
337
35
391
292
4811
6251
4717
2249
9382
6714
5450
5646
4456
3291
1716
7472
8220
5975
3635
9169
4013
9560
3151
5450
1318
644
2589
8097
7990
9473
2088
8335
503
9674
4720
294
1275
6119
9667
4027
3130
4850
1043
6379
9033
4361
2123
4171
9009
6205
8313
7550
9415
2495
2916
777
6883
4941
8973
4166
3662
6620
4259
9909
4625
7114
5142
4782
8571
1421
6196
2100
6308
9608
6038
9163
8517
6772
6417
6957
8520
8417
9088
1784
1159
4538
8920
8007
6757
3943
3411
6334
7146
5500
364
6510
590
1133
1753
1918
9218
7341
5600
7587
8
6213
1242
9807
6457
3753
2259
110
8523
2016
5645
5244
7532
2474
8749
87
8194
7135
8024
4627
8010
9862
4954
807
9243
9528
8572
7383
5018
4499
7738
1179
2817
1501
1776
4946
3295
9113
1550
3004
1683
3300
7810
5129
9854
5119
8978
8115
2384
1666
3723
2083
9316
972
9576
145
1258
434
563
6929
5181
4875
5092
4024
4278
4466
2427
6031
698
3802
6791
9081
5584
5020
2944
4710
2051
9824
953
4123
550
456
4999
3352
775
5654
1863
1845
1924
1630
3687
2861
8549
4620
7822
6807
8208
3786
850
5388
2692
2946
7417
8582
4874
4642
6498
4295
8027
4866
8093
1434
9481
6439
6379
4724
9876
1739
3249
8623
2602
581
4106
9067
114
3930
531
964
7197
6136
6501
8265
8973
5564
1431
7603
3038
6417
8477
6132
9155
7567
3817
7057
3536
2253
3379
2110
8241
3098
6931
6468
536
2227
2785
2110
8840
8350
8467
944
4111
5534
7097
1891
8364
9828
2460
3917
5008
8776
1685
3459
3262
7116
9468
5034
6764
7048
5530
7860
550
8421
2722
4099
9204
33
7728
6746
2778
9321
8763
4688
7949
7532
2021
3621
470
1925
8693
3708
9793
9462
7101
9465
1412
3471
3206
3420
2758
7751
5346
1791
2819
607
394
5689
2811
2998
2686
8331
2099
5713
1138
5687
13
6996
5510
5729
5095
5847
4564
4838
8355
1822
8066
1087
1319
3257
2686
5732
6827
4308
3988
5027
3974
6971
1869
7342
7138
6331
809
7471
9239
361
1609
4080
8323
1414
9451
4416
7961
7476
8324
6911
3186
508
3435
997
2540
9306
4370
9553
312
6953
1504
7790
1725
6111
1712
3041
5127
8167
8591
8764
5037
7092
5598
7993
212
3986
2764
9904
3805
8270
7770
9350
5984
7076
1840
3466
3535
872
4802
7831
1960
1255
7159
2285
8857
3819
2354
2212
9702
6410
9289
9794
8884
9559
1874
6093
4909
5442
784
8553
6542
4465
5747
2041
9182
2153
1805
4649
4270
8246
9505
4254
3365
759
6803
3781
9932
3313
9136
6393
1631
551
202
7395
8980
7976
465
6424
5201
5746
8557
8093
88
6248
1289
7495
5508
5117
3102
6703
2013
7705
7942
1456
6904
5034
6428
8125
2756
8092
6161
1595
6305
4390
6922
5990
4262
8352
3061
1206
1688
5381
9447
8523
9688
1411
4166
7116
9469
9307
8273
4814
211
2433
4380
3925
2609
8746
490
3946
1548
2340
3668
7109
9585
6961
1788
5697
9326
5298
3232
7156
2056
1896
5015
6631
8258
9418
1767
5492
868
9311
8655
3448
9819
1346
1384
3872
9
2996
3381
5516
7861
9114
9658
9348
1712
2338
8937
2727
9623
8468
7790
4170
6075
1116
2758
8314
7418
7748
5666
3191
6979
4997
3077
2236
3684
219
7289
8239
5577
7915
5688
6330
1917
7716
9294
2941
2238
5667
4918
5920
480
9039
5869
2400
1521
4484
7373
8702
8588
3069
6454
2261
7329
190
8537
2863
6037
7421
5663
1493
5048
698
7150
1707
2780
1460
2253
8358
1821
9816
6076
1750
2829
9746
2710
7939
9128
677
714
9199
2846
8586
9651
2507
1461
3426
9000
1727
9179
6431
6904
4816
3
3425
871
9781
1889
4161
9619
61
2231
9014
6880
8771
6993
4703
9431
7583
7479
597
3734
5359
6706
6464
8646
6462
1047
4642
246
9353
2459
525
9179
5390
2911
1259
1747
9403
8874
2928
6049
4967
1057
653
6967
3831
1705
879
5514
6758
3995
1417
4248
8581
2696
1544
8109
3539
4778
4409
8734
7246
3915
266
7601
1706
9834
1490
5860
5733
2955
27
8708
4550
4548
8767
4302
6052
9496
4815
4756
168
9128
3487
5357
1041
6277
598
2693
1366
3150
8208
4625
4464
4194
8803
1051
790
3052
5260
3996
214
5018
9781
3802
3968
2708
9697
4033
3929
7242
2057
4042
9963
9652
8566
8117
427
4909
6559
5429
9236
8797
4493
2583
4747
5402
4243
356
5744
7716
3511
3000
4236
818
4542
5149
9347
9685
1389
8332
6580
6565
8764
4123
1092
4166
4661
4812
5628
685
623
5881
6492
9831
4760
1417
525
7198
9054
8565
8465
9340
8288
6213
3731
9056
9806
9145
5110
3417
8770
741
3519
8226
8849
2671
33
370
1490
581
740
9431
4728
5059
7092
7629
6507
4404
6057
3124
4623
2149
630
2823
9867
7239
8276
2551
392
2036
4360
5515
9702
2210
1914
9881
2362
8265
982
2089
1384
155
5708
8473
7824
9034
4612
3229
9120
6102
2549
5401
3087
1985
8793
6621
111
695
8359
1609
4394
7482
9977
9454
6220
5225
9728
2517
3144
7210
5266
8241
3421
3968
1740
4468
6440
2157
4999
833
2626
5047
3430
4289
9486
8958
2427
7716
3417
5293
9770
1667
9906
9372
7694
3902
177
6253
2252
2599
9305
2095
85
1910
835
4307
1979
9119
245
4324
180
7953
5696
7525
8983
9347
4051
5687
9967
7262
2797
2012
9099
7850
7439
3599
8335
4049
6273
7837
4291
187
9904
2399
1528
531
4962
1520
3454
5179
6978
3308
7470
9093
5112
1817
5970
2380
389
8347
9850
4489
6286
4990
9802
7292
2995
2234
4470
7235
5971
7930
2845
2408
32
9993
8048
3297
5997
8452
4385
2531
2233
4787
283
9488
4541
6
2738
5622
7629
5954
3659
7926
7986
9802
3900
4914
2596
4235
7535
2728
7049
6219
9208
9047
463
5062
9060
5119
3768
2673
6382
1936
3962
7319
2256
1499
4706
314
2750
2989
9495
8847
9606
16
4271
4918
4421
230
6093
3134
700
1762
917
1656
5481
6013
5579
1236
9025
9479
945
7619
1854
4955
9571
1722
3964
667
7545
2400
208
2282
1484
4545
3232
8202
6612
9191
4776
5544
641
8829
9025
633
1972
4620
1019
2305
1837
6242
5920
3470
1288
3271
2044
1876
6993
4650
444
2548
954
3753
2685
3692
2925
8418
277
6372
8424
7279
9400
6388
6459
3481
8838
2116
8593
1220
2982
4951
703
1659
8829
1303
6480
6738
993
8213
2501
1355
1209
1962
8746
2228
4589
6887
6144
5333
7707
3554
4343
4647
3880
4558
6841
9531
7010
7807
4433
9927
3283
5772
1668
5493
1844
9295
4923
1381
7211
6187
7424
2064
3871
7069
6070
7438
7642
4231
8891
1950
5972
3259
3512
9428
607
6056
7778
4271
4461
6948
9727
3185
3779
2573
8071
5436
293
3252
383
5294
1963
4762
8121
1520
6129
2278
776
6811
8488
9402
1889
2779
8916
2483
3955
24
2259
2240
4885
5788
1517
652
6920
262
6460
4238
8284
1297
8997
633
7144
4389
3847
3597
9986
1209
5137
1992
3298
8329
5279
967
5782
5058
5059
6948
4269
1296
8617
8047
3177
8053
8366
4594
3777
1311
7842
7859
5060
1890
3993
9478
7813
7855
2257
7500
8931
5318
2496
2745
4886
266
8941
6556
509
549
4869
1861
5203
9511
9969
6988
2680
950
7455
9091
6022
9253
9820
8675
3367
7278
6932
1408
4335
5801
3153
7927
2800
7558
8016
8951
8799
5871
3160
2910
9112
1809
4085
3227
6441
5980
2655
5548
1921
7005
6797
6863
399
3166
1477
9678
5498
3821
9378
7608
3334
7533
2221
4707
7396
6942
9060
7644
1495
1017
8188
6808
7789
4544
9979
4213
5168
6593
2233
7386
4622
1384
9486
7329
9003
6289
7528
9634
6081
8338
3452
4978
6493
5552
9576
1578
9588
9378
5830
9499
6920
5011
4052
903
8817
9988
9074
5854
3187
7264
4510
8905
1587
1991
2985
1950
8046
4892
5703
1106
9413
9426
1562
3157
7564
3209
315
2236
4968
8400
4624
5790
762
2734
465
9611
7331
8582
8512
9014
7215
1673
6446
8817
3828
4547
3391
4501
2566
7626
3531
4695
3674
4723
85
7494
3448
895
3338
5607
9673
6837
886
4786
2639
8720
8142
8853
1525
3374
4618
9463
6379
6688
3891
7740
2979
2745
9329
3017
9818
5814
9669
7342
4868
9928
2115
6038
2648
2971
6163
6435
5244
2904
9341
377
787
1660
6177
5108
6404
4537
2975
9192
3007
4067
8316
6985
832
2345
4515
702
1566
321
5788
3859
7167
3544
9917
2710
6604
2103
6205
8554
7211
8182
4219
3475
7347
3514
6952
1319
6567
4220
6612
5280
2838
477
4334
801
1612
5129
5206
302
8455
5460
4869
4922
7116
5482
3209
7243
1742
3467
8503
4300
8332
4421
1981
4824
9847
4841
9638
7317
5392
3196
4135
7345
3708
508
1020
6690
9209
9116
1097
1474
6897
5902
98
1751
3313
9296
6358
1864
304
9709
9577
3100
5717
2312
6947
8417
8496
9510
953
6771
5491
7888
4909
5259
1325
7523
1214
6607
4462
6518
8034
2625
2369
7028
7403
2430
4322
230
1510
551
8482
7773
7013
5683
3619
1034
1628
1396
3560
2603
8194
9699
8163
4326
5983
9008
992
4838
425
5790
8082
9751
7402
3785
1675
6951
730
8688
4908
4517
4094
8266
7999
402
8289
7717
875
9226
1640
290
5895
9818
3047
1858
8324
8334
4461
8043
1045
8395
1438
9483
9804
5720
2468
8731
370
3227
4008
6667
303
2939
6487
9042
8508
9927
1699
7761
6036
8265
8132
1765
3198
135
9894
8263
6703
5543
5460
3340
2489
2687
7643
6513
3079
4610
8462
2278
7933
9558
7346
7648
5218
4972
9986
2956
3331
4004
3350
8397
6635
6700
2006
2779
262
9672
6285
9668
5826
4205
2027
4827
7766
668
4177
7616
5296
9973
5963
3897
1465
9421
9827
6477
919
484
6547
8226
149
6938
4932
2698
2193
7063
6705
5788
680
4863
6250
3406
8325
8793
6452
3728
7530
2519
9881
4549
794
2370
7659
3357
8041
9452
6931
7213
6873
5528
1860
9778
3124
8059
9519
8887
9272
9329
2634
702
3963
8389
6935
432
3722
2557
5572
2671
2969
6099
8947
8399
602
1997
7431
7779
9278
1574
4657
2740
132
9491
8915
5152
3003
6472
281
266
9274
7564
4455
8201
9885
9178
586
2405
5434
7227
9634
5483
3880
4259
4244
773
6581
3460
9176
1126
627
1740
9609
7697
4672
9893
570
4471
9473
1783
7428
7250
2275
5305
3397
5404
1644
745
8514
1423
1411
5025
2344
2050
1940
9173
8860
5872
5246
8142
8570
9542
7296
9154
9639
7534
7955
6757
3529
9992
8608
6115
2932
3651
9799
2383
3208
8574
862
8839
9129
5836
4946
7752
9715
5601
9395
7558
5757
5499
1033
4697
9224
1331
3212
7885
9954
3120
5666
5863
7449
4886
7216
8522
2815
5296
2093
8692
2251
9556
5964
285
5010
6407
9012
2734
4596
9543
9439
4037
8138
396
1000
8030
8958
3910
6890
1601
438
1913
2429
87
2908
4998
1389
4243
8619
6423
4937
4419
3507
703
5307
6201
9534
747
9687
2817
2318
478
3289
410
3681
1629
7725
7053
3886
9186
9563
8904
8405
492
8253
338
7126
5877
7376
12
5017
4769
4114
8172
4606
5019
529
7435
5089
4798
8495
8210
4223
4073
9282
9960
8623
2018
6406
1279
7273
4336
356
9433
6860
6032
6013
3015
2449
4968
9074
3656
3371
9675
7799
7549
6363
5116
5804
8661
1099
290
1964
9087
690
1352
4681
4332
1210
8293
1714
5107
9471
6097
2738
681
4412
4681
1312
8573
9005
7513
4985
120
5724
4838
4839
4547
6273
1733
3596
3506
6214
7744
179
6983
2371
1269
8742
5507
1351
1681
1805
4156
3254
3966
4185
7273
6936
7118
3136
1682
3804
7231
9655
3585
5304
1843
3363
5851
6513
133
8059
9476
4696
8207
8893
1727
5918
5755
8309
3143
5938
5804
7222
7324
5708
829
6865
1757
653
7565
7610
9155
8597
1914
9701
8983
8088
6593
1679
528
7905
2891
8994
1217
3622
2328
9459
5046
5073
2458
1355
1181
8808
9992
5743
8000
8
2331
7877
4474
4977
1605
5198
8947
2523
8903
879
2782
8505
9909
3638
9324
4076
7781
5237
3047
6809
6005
3702
3379
1370
1819
6684
8194
6210
6429
346
8604
6170
1701
8974
5756
8716
7204
5550
6300
7692
47
8694
4718
1449
6677
6541
5163
8819
2031
7105
1027
4754
2696
1191
4003
8629
4497
3104
3158
4921
7003
2736
6093
8557
2274
6611
6804
935
7881
608
6871
2231
8937
5355
6762
7311
8983
1929
4692
5277
1520
9374
4179
9324
9318
3850
3473
510
4971
7127
4218
4100
2391
1378
688
7310
2600
6160
9175
65
9737
4228
937
1423
233
8796
5817
7341
4428
6692
9645
2567
8411
7881
3401
7628
8557
6769
9239
8424
3137
6293
5963
754
6389
2771
9839
7558
4666
9451
4710
2823
2754
4626
5540
7291
8437
2755
9090
522
8032
6132
6081
8279
7482
1651
5688
4510
7977
3059
8752
5831
6921
751
6928
3443
8264
183
5033
7461
8956
8259
2675
4977
1981
6821
9812
3785
2340
6109
9191
5801
7678
8716
391
7005
212
7684
3271
4738
7083
5329
9580
1606
698
8879
5901
2003
7698
2097
9026
8253
7722
1629
1565
9773
3457
1103
6298
660
1838
1903
2170
1868
3867
2950
8153
8204
359
9922
3230
580
6911
295
378
3627
8678
1068
4278
3101
919
7809
6086
242
7082
938
8079
6049
7151
617
3548
9108
1386
2610
2900
5179
3159
7712
7738
7748
726
7697
1643
7776
8867
8446
1341
7427
1250
7938
1095
2389
6825
3196
9740
4028
5817
1927
4785
2929
4871
2103
1053
9742
6374
4121
9194
4301
7395
5199
467
966
3329
6530
2375
3222
6166
8310
1374
8636
9596
652
4798
9212
9522
1159
2283
8190
2869
8871
9362
1231
2926
4809
2876
8622
6644
1901
1401
4745
9252
7040
31
6051
7470
128
9059
295
820
6518
7862
7506
552
6149
3333
4218
7304
1840
219
5215
1838
1003
1431
8523
5836
9235
8040
8520
3653
3753
6578
4264
6908
6629
9384
2555
620
8747
1742
9393
2099
1987
7369
6351
1009
1855
678
6776
1475
8658
1317
4804
1681
6186
2907
8248
5609
1508
214
8234
2088
539
6641
7067
9940
3597
598
3923
6765
777
3598
8557
98
825
3116
9850
3634
5079
7514
3980
8557
1263
7044
4995
2435
1774
2582
722
3722
1136
6946
9112
8533
3507
7305
1559
5346
302
6411
7411
1257
6755
11
697
5060
2760
4706
856
3069
3056
4613
529
3993
6233
9677
825
3495
1646
4631
8165
1014
9875
201
5629
3831
4485
24
6590
3520
1557
4504
3331
8668
102
2723
1801
1252
6346
9935
9675
7068
1726
7652
665
6522
6416
5118
2299
3829
6479
8064
3699
5671
8245
6396
1381
6554
4382
6866
574
2736
8115
7335
1512
8551
1282
1861
3891
3510
7876
9573
7148
1711
4955
1097
9288
2222
9535
9106
7414
9366
7724
2761
7041
3492
805
7660
422
3705
1341
5247
6869
9480
9360
6939
8952
4391
6140
2113
5240
4555
1227
8788
5953
6906
915
1987
715
7147
7108
9159
7019
5275
9451
1208
5011
5353
294
8019
7746
3621
1438
185
2169
2629
2703
7668
2351
8016
2144
4897
6082
7421
3866
2859
8138
8936
6808
134
2577
8817
6945
3274
6597
2182
8227
1594
28
8152
1928
3598
4096
8120
4367
1618
3116
1042
6619
3323
4203
3247
9636
2698
5002
2210
3076
9597
1409
6592
3069
6074
8545
160
5442
8929
6676
8164
3587
9987
4401
1109
7640
4199
6088
8545
800
7962
3054
2247
9743
7095
2317
3484
5931
9330
9180
4246
8271
4386
9105
8630
185
3435
5082
5853
5053
3936
2678
5437
4942
4952
7455
6632
8922
3094
5607
5437
6610
6457
1410
5113
6543
9161
6849
5973
3757
5061
4228
6112
9749
2429
9892
9200
881
5771
923
4204
9116
234
3492
6864
5284
7616
7305
4790
9640
5685
4562
2837
3723
3743
7635
1814
2976
3991
2086
1023
6586
9108
2095
9991
9707
6566
5688
2512
5059
8255
5751
3151
2170
1402
6320
6376
2964
4545
9829
8926
1856
2058
6333
8072
499
1391
2388
6005
4794
8077
6223
6889
3684
9900
7618
7
8139
3500
7156
8718
1928
4792
9731
1385
9933
1410
666
2320
7422
1259
8850
8431
4162
3160
9167
4527
2775
4023
9492
8316
4177
9682
7718
6982
2031
8861
9467
2269
3784
6312
8236
9463
7389
1111
6997
7064
2327
4947
8138
9088
724
68
8583
3535
9227
7792
2726
523
732
3090
7232
4116
4008
8840
4541
2246
7074
2748
9353
1072
1943
8396
8536
1109
3022
9386
1041
3050
6162
2103
2199
7827
5884
404
7591
4109
1099
4183
7754
4239
6134
8943
1537
693
9080
4120
5455
8549
6570
4751
9989
9578
5594
7066
7144
2327
1531
7473
512
9840
6750
9675
4360
8629
891
9404
8231
3604
1248
431
1147
2891
4994
5114
4937
3000
6859
7843
2029
8901
3931
2492
6480
1411
2113
2620
2233
8817
3259
5263
2577
3625
3670
7914
7488
6458
4582
2907
9801
9675
5889
1851
7300
6138
3604
7098
4584
479
2129
4144
5467
3688
5443
1611
5908
4258
3195
2949
6515
8270
7170
9413
344
5985
7854
7521
9220
7080
7626
8478
8417
3952
8041
2353
3012
2080
5192
342
7806
5015
8036
1754
6688
9115
9795
8888
8181
2059
2005
3230
3263
1633
6391
1531
2504
6475
1506
1315
8283
6082
7877
7504
2852
3650
5726
1515
5647
3090
8598
3828
9065
2853
