329
7597
4072
6381
885
8511
202
202
2086
8978
2497
9442
3820
3195
2266
7428
9419
8710
6782
5417
673
4870
6894
5634
683
994
1366
5065
1343
2185
6793
702
9463
4677
9381
6859
3530
3090
8952
6138
5302
3347
1892
3720
8043
4887
1337
7805
9485
6374
8251
6575
6962
1994
289
5459
702
8437
5697
9890
7144
5136
8859
9900
2185
1794
9979
9143
3814
5406
3898
6329
9758
644
114
7325
2977
3173
7591
5796
9657
3561
5580
4969
3934
218
3740
7468
4387
3922
6157
5092
7392
9061
8994
165
4488
1991
1535
6249
4908
2193
3990
4078
2475
1922
6816
6317
1879
2964
2481
7528
846
9901
233
3582
9555
3889
5966
1966
8053
2510
4756
9892
9249
8805
8937
697
1650
9949
2836
985
1638
1341
888
7463
9570
1502
2493
2012
3402
7422
5589
1423
1440
8628
4245
7491
8828
5411
610
599
6024
9568
8195
2397
7437
4098
4829
3670
2984
6119
4667
1930
127
1496
5890
9504
9012
2769
4011
8053
1396
3954
8564
631
6921
3332
8451
620
4559
1446
1868
6238
9339
2237
4960
2069
3146
8491
25
5472
6673
8823
9027
7282
2754
3658
1295
9944
2738
4740
8478
6058
1399
2556
9202
2070
1003
7564
5476
4104
5647
4208
9110
1538
4250
8429
2591
7889
6535
3820
6358
521
2743
8539
1380
2572
4927
1282
7876
3262
2037
8507
7882
9818
2967
5809
4839
6782
3034
2890
1065
5582
3014
5920
9825
2464
9712
7488
3031
4325
1067
3405
3408
8917
8382
7957
3315
2859
1176
6630
7142
9721
9688
2213
2067
7139
6325
9291
8571
8441
3589
5808
4855
3645
2754
775
7506
6822
8714
8915
2860
7439
8250
3550
2195
8631
5099
8965
1435
5009
2494
1979
5606
6404
5747
1344
5894
800
3852
2685
6139
420
8916
4590
735
5258
8550
9763
6162
7607
451
6492
4145
2261
3769
9703
1471
6137
18
3436
2040
7360
7855
3562
5946
1610
202
8450
7897
1410
4880
6705
2969
6028
2775
2439
8522
3659
2814
6937
80
5336
2803
3828
4558
6002
7833
3345
2635
6043
9873
9756
782
416
645
8779
2564
5354
8644
9125
5055
100
1865
4751
2726
3745
3522
8116
9485
1329
1181
7811
3323
3080
3356
6704
4556
4027
9003
9944
3776
6857
5815
1854
1537
5123
5922
2553
5383
3996
9875
3167
5015
3689
1881
9980
3470
8051
1101
812
2480
9717
3860
1305
4862
2062
6433
7701
7059
3941
4222
8537
6350
8700
5348
8198
4284
11
3214
7602
7823
968
2733
5488
1454
8014
2795
9633
1199
3376
3233
6505
2925
8191
7463
4059
2997
4510
6992
9474
8690
8220
5494
1441
9773
1337
6816
6315
8340
3682
5695
3459
4837
3499
2989
1511
6984
8371
9850
6847
9266
6799
6502
3683
707
7717
5611
8159
1236
1289
5201
9774
3019
3739
8912
9602
5474
1291
5714
116
1197
6479
1293
7516
7680
9774
1667
9426
5202
5952
7075
4625
4659
144
208
1890
1718
1810
733
2056
5726
8657
5079
7051
8481
5921
440
1097
4586
3386
6037
5692
2656
9733
5650
2786
5506
8985
6003
933
6049
6185
2957
5283
4213
575
5114
2875
3531
7021
7883
3663
557
3658
4390
2540
1400
4241
9035
1758
9334
569
4839
1815
9914
1382
1969
4926
4494
7421
6384
2732
5806
9800
6006
9540
5700
9795
2838
7905
806
7564
7566
7565
5502
2373
5135
8997
5342
3109
1386
1265
9949
4244
1599
5479
1345
1141
5368
2831
8605
188
8381
6109
637
5151
7857
757
7652
4850
6840
1604
1403
1129
951
1769
3003
7274
6312
7541
6247
2971
9583
1384
6034
5118
2782
1562
8200
526
8195
4558
4427
6
9299
618
9183
1456
6927
351
4516
4377
1345
492
6269
9782
9862
8820
3292
9830
2476
4071
4829
7827
6583
5634
605
6996
75
5518
2368
6295
2556
7125
6655
2281
7177
1396
1829
333
2585
1546
346
5960
3025
1869
1626
9090
5115
6252
5256
3962
8269
8370
8049
4123
9729
6599
3423
3665
13
2187
1381
1408
7983
8221
1821
4219
3837
3987
2604
8466
6990
2959
7245
929
3724
8868
4801
4713
4007
1514
1881
3822
262
8405
8025
4186
9075
2531
2552
577
7972
8164
320
397
165
8937
7977
4804
48
7406
5253
1127
3647
6789
6972
5309
1125
7120
399
860
1798
8709
9657
8499
305
7558
1146
9577
195
7635
5144
1306
1434
2027
493
8826
2639
6847
763
4786
891
9997
4665
6601
6260
753
175
3472
1433
2715
3061
1955
2132
1692
8779
9263
8506
1820
91
2607
7791
8399
4608
2413
2261
3947
9692
1620
6296
8145
2670
4277
6356
5612
9969
1800
4043
3055
2238
9552
7383
7673
8144
7479
4574
3188
9173
9742
3248
1230
320
818
6755
8156
6994
2492
5388
2252
4339
2313
1060
8555
7176
3287
44
8783
5599
6519
1722
6978
5219
5450
9582
539
5224
118
254
7129
7839
9073
4773
9950
8371
5065
7825
1852
7522
8199
8617
7476
6412
1791
8716
9924
8491
8828
497
4856
7434
5791
7589
2654
8019
6270
6011
4869
1235
6215
2932
6876
2237
8259
4413
5266
7540
1110
183
2110
5462
8192
1260
7399
7901
4246
565
3427
6734
9658
2048
6396
9621
5397
9694
2048
1483
2118
1930
2101
9054
2955
617
1307
5267
1741
5239
8153
7378
3449
2383
7380
8644
8386
9394
9242
4530
189
4752
3773
5704
2583
8135
1577
4166
6536
7255
6839
8564
2364
3782
5421
9180
8082
3056
2506
7575
9953
2132
6160
9006
2412
6048
3284
7274
4668
7751
1234
6003
452
7517
1294
7366
8156
6396
6470
4819
9040
7140
8730
4486
8399
9588
5013
9667
6962
8199
562
5330
6888
1667
4577
8057
8591
4766
3292
6534
4851
4302
9498
8785
6020
836
8112
4847
2488
8055
1023
1685
6585
7686
8535
2813
3401
1674
607
2823
1034
3617
312
6468
7188
5904
9114
8785
2940
3237
8774
3389
3103
9936
9968
4737
7641
9945
8465
7563
1476
166
7178
8907
7175
8877
8745
9201
3131
1763
4655
6917
4159
469
5499
1233
3990
3030
1597
116
1722
9326
1906
9251
9280
7634
8582
6649
7717
3797
5172
3456
3208
3044
1346
868
6438
1405
9292
8311
7159
9912
5653
1176
8581
1857
9230
2633
4436
8734
747
4611
8348
8349
5840
2150
8259
7927
9626
9541
294
2096
1484
9334
6591
1199
3708
1115
9123
4631
4794
2584
3737
3285
2956
1809
3673
729
669
7422
8403
5948
2212
8983
3050
560
5108
4859
7203
9195
2608
8511
1778
9750
8016
5062
8428
6319
4585
7382
8149
8114
3510
9804
3939
8162
873
5062
5392
4031
8477
7530
7257
2204
1137
4346
9883
2500
6283
6030
6090
8849
3912
9927
2022
6283
806
3986
5269
7894
3381
7353
6144
3287
9273
289
2438
2408
5043
4888
9687
45
9466
3171
718
5078
1253
9574
8612
3669
5179
5927
35
8554
1291
9299
4201
3582
7781
7656
7355
6886
9792
7498
650
1123
1385
3970
2930
848
1908
7475
7457
1395
6343
6045
9382
740
9209
6944
5029
1232
5373
1600
2714
7453
7318
7589
1995
9973
6087
8856
4626
7387
7532
2800
252
1967
2521
9595
3692
7283
6643
7764
1761
7704
8469
8639
2211
5246
9916
3461
4373
837
2626
6123
1512
8192
4783
3196
3804
3795
1975
2956
4760
3052
2848
70
3863
3542
5792
7414
8218
9613
3251
7746
4588
7609
9838
5010
8983
8678
5378
6749
56
2626
4482
3789
4760
1408
1287
2060
7184
9325
5790
9897
5308
3687
3003
8709
4855
8399
4776
8668
9454
2502
5242
4759
7585
4879
1535
3903
8354
9773
4212
5125
8417
5225
2899
2134
8569
9059
5309
2454
2255
3732
230
8893
3822
3354
2438
901
4605
1129
155
584
3902
6709
7295
7554
7384
9723
6203
9881
9873
7384
3706
7411
5112
664
1480
82
787
869
140
5796
3089
2322
6413
5722
2271
6348
936
4231
2440
633
9298
7225
9617
3628
1223
1707
7930
5344
4750
8846
2856
5428
2580
4870
25
2819
3781
3158
1874
2356
113
3735
988
4359
7495
1580
295
1573
5283
1035
8786
1971
7440
9240
8085
6481
7793
1483
9441
9772
2151
5442
6119
1293
2939
7660
9741
1542
5696
9452
2567
7778
2357
84
520
5562
6236
5258
6133
9643
1411
6357
61
3714
59
884
7988
3340
6785
3544
5025
2297
3716
2101
205
4670
7616
9695
1419
9834
1838
8753
5876
5831
8468
1008
9613
7356
8719
2523
245
2534
5350
9797
8360
5793
5381
2405
1234
2054
9672
6401
4757
2151
4426
269
4061
256
9879
5849
7946
6540
3839
6298
7805
2658
480
4230
5246
9051
1271
632
4620
4261
3299
2491
6947
3918
3741
4411
9289
5210
8460
9364
162
5436
3995
3725
1404
8199
6946
9357
7476
2870
4577
3704
8694
9051
1992
5701
5312
1150
7159
2182
783
9040
1781
496
8852
1935
3321
142
6514
5467
6559
2735
8080
4475
6136
2368
8663
6755
2825
7046
2105
1913
3155
1749
9684
9595
3796
7895
1926
8039
9098
8138
8051
6278
8580
1121
3655
3499
4873
9469
4877
6803
2842
2009
6311
1841
5624
4219
2914
9624
7038
8557
8324
112
77
8869
5885
31
811
9256
8138
5425
8216
8475
6368
8420
4684
1802
5894
5015
8713
5163
1882
3356
2169
5301
9071
1145
5438
7843
3971
9576
4981
2302
1000
541
9814
7939
6200
9711
5236
3623
2687
5616
1330
9451
8587
4367
5640
7890
7157
3821
8325
7899
911
1874
6674
4968
7943
4776
9798
4739
4592
2968
5285
8561
444
5914
7474
5827
8606
6745
5601
6183
9778
5089
2476
6266
2025
2717
6714
4703
5505
7548
685
149
1251
7081
1391
9126
3866
4845
9995
1424
9912
497
9031
9719
330
2769
9006
2673
6892
9813
9283
412
8220
2141
8120
5822
9398
408
2942
5225
8061
5094
9233
7044
2282
5136
7310
3363
4523
8348
1960
3760
6749
4177
6270
9281
6057
2757
5936
9256
3711
4041
7811
5692
8264
273
1929
9109
8960
5569
9727
3458
1902
4770
3362
4817
1263
1986
7436
5193
5458
5643
8150
8543
7852
5522
3663
4042
5870
8839
9764
6641
4472
3686
1514
4020
7283
3541
8779
2009
3207
8200
4402
8953
8621
8501
1857
1978
814
1453
8018
4071
5320
742
3797
8067
5891
9267
7839
2741
6610
7886
3239
121
5805
3086
8986
8216
3255
9342
7534
7721
3206
5426
1986
7258
1240
9196
9922
9350
3664
1684
3228
4417
820
5692
1320
3729
9888
3446
8129
8015
5701
6038
5399
5321
4961
4280
3148
5535
9515
3641
8722
1472
3918
296
864
9894
8756
6539
6826
6694
9345
8488
9076
4925
4657
8821
9301
112
1765
5256
8327
9809
1212
9519
2019
7168
26
6664
2297
6959
6047
4387
9835
23
2961
1756
499
523
4828
1426
4973
3349
6620
1434
8670
7213
6961
474
663
6139
4979
3036
3769
4259
5313
8913
259
4399
8277
3695
9867
2091
4241
9866
647
4957
8653
9053
1964
2901
8322
8777
5283
339
282
4978
3188
9778
849
4806
206
9552
6001
6157
1980
3010
618
5576
4709
4047
1496
6099
2246
1132
1558
2882
9107
6753
787
3712
8559
7908
8510
7761
7817
6202
7753
3430
3976
334
5724
480
3550
3470
3489
315
6089
8084
7886
7636
4339
3077
4343
7916
1405
2222
6531
4150
8780
7400
5871
6435
8991
7136
6246
2297
1042
8240
8340
5777
5257
7187
1599
4375
8322
1015
2549
8775
7643
1243
6792
1023
8866
3150
9372
5482
3565
593
6356
5594
9670
3602
4649
6575
4463
9289
1489
6413
7223
1191
9272
7849
9743
2108
2379
7151
1477
9968
9593
389
9672
7755
6507
7537
608
4848
7569
5841
7763
763
8732
448
1884
2746
6106
1654
2538
5023
9911
9033
9526
6136
1551
6452
1970
8942
1279
6757
770
2221
4005
3597
1000
5966
5921
1915
7095
7111
5967
9615
1719
5648
8649
6460
2458
8823
5965
6997
6001
724
4612
6453
56
560
863
3536
6203
55
5566
1665
3568
811
5070
5542
6758
5134
9448
5917
6824
4191
4559
5427
9056
295
7313
3878
7486
5091
3993
3146
2977
4282
755
46
7608
7551
3540
439
5103
2384
5711
7040
1544
4301
6047
907
577
3106
9701
7324
9375
47
172
1810
6165
9185
7397
9761
3246
6984
6049
1111
6061
2419
8688
9286
56
5024
7934
9207
1594
9008
813
4439
8479
7519
3882
4754
4248
6405
3300
4380
5390
6668
3771
2929
4109
8944
3881
8422
153
3779
7193
8118
6335
4600
978
9124
5613
6760
851
5553
5171
493
5730
366
9233
5733
3330
8645
5303
2642
5512
6841
3684
1669
5721
9393
8647
5758
5177
1111
1142
9512
9053
7814
1815
2695
8104
3879
6541
4757
9141
7487
5554
7746
9208
4896
938
3405
3695
8375
5614
5235
3119
7510
8266
351
4434
4665
8878
1585
476
9854
1583
9739
4410
5659
1440
7915
8550
6538
7628
9450
2104
545
3501
8024
1286
5937
2460
824
8454
5242
2063
6801
5497
5907
6393
1543
9547
1464
8260
3438
5000
4956
4280
9286
5904
5814
3335
3549
3456
3023
4855
7157
747
6163
3131
2573
4009
241
9065
8496
2204
8054
3130
5234
7791
4781
4242
8503
9265
9896
8367
7086
8277
4190
4450
7148
6264
4214
2120
5472
2602
8911
7367
5431
386
4905
6054
9333
2775
3819
7534
9306
2399
9764
1233
6946
1825
9046
1495
1123
1572
4831
4283
3559
4655
7769
8879
6556
1713
5983
6309
9794
8121
3592
5894
3293
687
7699
4848
2885
8727
4908
5727
5446
2362
9061
4686
8513
2956
7504
5322
7218
2719
996
3900
7770
4627
3807
776
2616
6026
9497
7620
6792
7509
7739
1184
8806
3869
7940
6259
4125
4197
8610
2396
6663
9103
8837
1196
5593
3082
365
3600
4209
660
9091
7074
7124
9692
8124
8665
6879
6923
2232
6858
9229
7287
8935
7936
4623
7877
5880
4643
5016
1244
1196
3020
4109
8600
7236
8666
5790
2611
5182
9533
5660
5897
3411
6132
8418
664
4059
9114
5745
9274
9379
7202
1965
1751
3166
9375
168
900
6573
7716
7202
5721
8583
2964
9463
6070
2965
8524
2455
9457
2874
4268
1741
2698
1197
3332
3876
2803
9517
3958
3817
6766
8898
5741
1864
3994
1055
2357
5433
7861
8497
4889
6037
7465
2331
9938
7313
447
6668
2347
7698
5535
6658
6287
6399
5111
5461
9266
553
9834
5499
7365
1383
2615
3898
435
6823
2841
1099
5469
5015
608
3090
4594
960
7985
8230
4275
367
1258
6018
3428
6135
7169
6259
8281
107
2610
9342
6753
8532
1788
1803
5599
2361
1132
3506
3422
3567
1895
3115
4472
9348
1198
7332
7090
2445
2064
5327
8414
6881
1186
8899
9294
3816
2070
1229
4213
6355
5617
328
4213
3499
4346
6936
3227
8804
7490
2232
9827
4478
4808
708
8472
8143
1546
4080
4936
9837
9169
5836
8043
7282
927
9872
7346
2889
2508
1782
290
9902
9293
7066
7949
1566
8901
972
5002
4261
4105
8285
4954
9831
5500
3936
2072
478
427
1151
2270
7990
6293
4375
7186
9780
2285
6931
2571
4473
9590
337
6295
5707
1941
9925
5185
7741
2758
6905
9242
573
9078
675
5731
883
881
8211
1782
6991
7799
6868
2461
1357
9512
2300
3609
4917
9880
8168
9281
1970
8400
528
4671
3767
1990
9246
7889
5574
8751
4331
7720
3522
1909
1696
8912
5617
8644
6303
8899
4074
5148
5580
6674
2722
7876
4937
6195
9641
6315
267
7861
4589
7623
7271
2172
8550
6004
1964
8892
1634
321
6207
8240
3467
9147
8939
9448
7815
3388
7991
6273
3576
9269
5207
6821
2820
3853
1948
5891
7052
3051
8248
9259
8483
6469
3131
5898
4637
9523
361
9613
6679
7410
7264
3752
8940
7339
3206
3574
8936
5489
8379
6253
8324
3994
4284
5319
2416
449
9351
4696
4055
6073
1840
8583
2072
6948
9756
6997
6016
3041
4811
8292
3026
8377
9593
6166
2005
1454
7881
5481
646
8373
6954
1563
4671
1995
934
4489
2185
7811
3481
4187
172
5665
5557
606
5570
8681
1679
1992
7582
6208
7557
5895
678
87
3226
9946
4400
8118
3314
962
2568
3870
4050
5681
9118
276
3911
77
6013
5267
4812
8205
9559
623
8119
7361
2819
8987
595
3323
9774
5888
7898
4437
816
1059
885
4584
8768
988
88
4067
4497
2519
1618
6301
1615
9875
1487
5294
4769
1602
5978
2315
1396
9352
6335
54
1967
5865
7126
5413
7522
9990
1187
6680
5972
9612
4865
8059
9391
9326
1309
5025
5178
744
3708
7040
9004
1818
5746
2944
7499
5301
8554
8172
9910
5583
3041
1463
4723
830
2617
2903
3861
4675
6545
4506
1331
4938
329
2002
5010
3428
5902
5443
292
952
7136
651
5644
9295
1049
148
119
4182
7913
2220
1436
3015
6769
388
6571
3402
3336
8560
6709
8406
1164
503
4199
9201
5708
4065
1489
3743
7933
4071
9398
3111
7879
8957
8447
2389
5818
5427
9780
2468
2783
9679
6761
4324
3070
8315
8169
9940
5431
1607
91
7342
8733
1886
9788
6632
6452
6442
3587
6984
8659
6375
6248
3842
2821
8325
5136
7812
1941
4181
7583
7908
8779
4241
5622
1484
3741
9874
6131
7392
5896
1549
8312
6326
3979
2056
4377
5992
9168
1814
5936
9375
1840
2796
3808
6408
3430
2918
1502
4744
3178
356
7998
1249
4024
2183
8563
4491
6264
8303
2891
6578
311
6194
1087
7110
8063
9922
9863
765
3947
9144
8643
127
8245
8207
6068
5982
432
9213
8054
822
8371
1386
4213
5539
3550
7062
2301
1795
3492
9885
9727
864
8923
9358
9064
5646
1708
6698
8344
3507
3055
737
797
4034
1712
7871
3004
5816
6114
2580
4059
7050
249
2068
8206
8925
1980
5547
3560
1001
7620
8067
7272
4061
9416
7778
1203
8887
9143
422
4273
3733
869
4546
7767
7634
589
179
3826
5678
4058
6485
5681
912
5826
2677
615
6855
1151
139
3665
6161
3138
7343
5887
4987
3464
6735
4618
3933
6668
4116
6673
5692
8307
325
6181
5702
4300
571
8335
1800
1720
7881
6942
1135
2386
6360
8235
6739
7163
4348
7735
9003
6756
8112
595
3525
8659
2779
4170
3854
5560
9893
9010
9941
9811
9988
2604
5500
6495
4912
2554
580
1803
1864
4440
5256
401
4751
2601
7103
8499
7879
6770
2320
6381
7669
8935
194
9730
2656
7043
1520
6401
4481
6239
1827
8871
7000
1324
2397
3755
2735
243
2250
1793
7155
7200
4891
3672
5338
3123
3908
178
7067
5354
7681
3122
6689
3560
2141
1052
2410
5769
3839
7869
1034
4178
7322
5624
2612
6385
3400
3426
203
3347
5764
7635
4519
526
9226
469
4044
6522
4392
9532
3134
1341
9334
9127
8558
8705
2181
3440
9182
1344
1345
6965
6404
4381
759
2976
9878
9266
1060
8952
9723
481
9974
3719
9589
45
8603
6163
4333
1671
7008
5888
1377
4306
4735
9692
4844
8194
7066
3907
4203
9959
4243
8859
2001
8799
1231
138
9767
6250
591
4778
5461
5439
9809
2653
1366
5614
9537
8512
101
6018
9107
7510
4336
5457
5587
2097
9645
1066
8131
1683
2199
7152
4749
9763
6237
1115
1717
790
8814
8464
6395
8083
1080
2230
426
5937
4497
2082
8325
9230
8657
8553
3805
8185
852
6733
4522
6544
3211
9133
492
8700
8118
8908
2578
8308
690
45
6415
250
3896
8746
9698
1637
9622
1023
6430
2106
5030
9650
7600
7563
2741
8901
3025
3645
3347
6564
8911
9504
6593
5173
7579
9680
7971
7695
9964
2171
9652
2117
5246
4451
5666
8074
5333
9910
8855
2167
8562
9828
302
2416
1514
3560
1533
2928
5959
9217
5883
8932
4961
4126
1133
6910
3657
8723
1167
18
3665
1927
1058
4258
2454
2912
4403
3148
1897
4666
3567
3114
4790
1179
8001
9082
9202
4176
3659
4018
8146
5043
1735
747
6288
719
7156
1120
3317
8755
4416
6610
8743
8837
8502
6635
8769
6043
9962
8601
9157
8385
1031
1292
5649
2768
4141
3781
6124
2051
7708
9481
5064
7149
1871
8622
191
311
7969
1734
5756
3282
9830
3141
250
6957
4371
5953
2677
1366
312
3158
4213
5058
4860
9761
4011
443
5098
3520
6577
3375
4995
1266
1047
4935
1545
1594
6965
9880
6443
8458
8073
8228
2844
5874
8554
7889
1042
8692
8397
8188
1104
4758
1738
4550
5267
6
2288
2110
4610
9748
5213
4449
5156
2381
8287
8563
2094
5314
5411
2776
8988
2796
4923
1853
5084
5985
2213
8986
1206
6121
9400
6406
5122
8389
2270
237
9528
6497
9667
1539
9305
4854
5270
6695
3245
3624
3071
463
7587
9991
5795
5727
3280
5620
9200
8307
9835
9884
9465
9282
7792
3301
903
8488
347
8807
9327
6767
110
8049
9035
5597
5647
3871
3470
4133
7526
8227
8608
1460
2913
1750
1399
1215
326
3672
3125
9501
9188
3963
402
9643
7031
385
3747
6004
3950
6781
6347
4438
4296
6303
352
9537
955
198
80
9408
2149
5066
780
1607
1276
8005
6368
6042
1902
9688
8161
6674
5681
9825
7578
6146
7647
9391
8565
5261
124
7466
182
744
1880
4169
7163
6610
1397
1861
260
127
3591
3717
7351
4122
3183
8795
8367
9026
4017
7704
4102
4262
8619
9672
8757
4471
8725
4205
1890
1563
1633
4819
9283
4683
4884
35
9726
7106
841
9758
4644
40
9428
8034
3082
1964
2473
3456
2963
8852
1024
9539
1244
2420
3364
5919
2125
2207
5412
2692
7884
7191
9971
8696
8494
8772
4433
2668
9237
3148
9068
1260
8184
4259
3060
4061
4834
585
6589
6792
1997
5268
1242
3037
539
2093
3574
6863
1318
8964
7910
7519
1694
8149
1873
7452
68
731
9539
4310
7530
9804
4218
9815
9784
9763
1354
6985
9360
9302
1085
1539
5617
8619
694
2616
5949
6933
8157
6400
5197
7570
1349
273
5237
1548
9566
34
2386
5607
3993
4102
1045
2279
9261
2192
1050
1427
3253
775
738
6589
7503
2016
7879
6370
1901
3074
7455
9256
1503
3134
2574
3138
9112
9960
8454
3944
4577
8235
197
1320
4599
3752
5309
6982
493
3338
9357
8501
1566
4522
3680
7382
5662
8608
66
9333
2394
8867
9647
6492
2579
3129
4103
858
1528
7907
3166
9301
3737
7105
6849
5018
577
9418
1990
3750
6706
896
5877
8563
3716
8954
7690
6981
9454
5192
7476
504
9894
9120
1550
5710
8588
3704
8741
1470
9648
4450
5454
2586
171
56
4763
4461
7672
8661
6804
6243
6617
6315
2627
1498
2989
1084
2776
3624
5438
7122
1403
6335
430
2662
9406
4616
5554
1139
6430
6873
677
520
4101
2255
5442
3290
8391
3659
4190
3229
9308
793
8388
1233
3887
3578
6493
52
2720
7503
928
5116
6031
2526
3046
9118
2156
7508
650
146
8906
6533
2231
9930
5566
6096
2214
371
6055
9699
2692
9116
9434
2208
7813
610
7947
9197
8775
5828
8123
5502
8418
8926
5944
5561
4488
1575
9209
6323
1134
882
3009
4044
4323
2775
8561
8457
5666
7790
1364
6122
3996
3021
4811
1811
5682
3823
4712
2435
1171
2958
8733
4821
2023
3404
8114
3305
3986
5
1608
638
1162
9732
8564
1809
6107
5389
7885
5037
2049
9489
3530
985
4464
2000
1505
5397
4114
4132
9878
665
6862
6773
5151
8176
2149
8187
2020
919
4661
5256
4470
5661
6181
725
4960
4263
4457
3001
5704
292
5937
9675
386
1681
9428
7748
357
22
1898
2717
9190
9854
126
942
3775
4389
4581
388
9660
7920
3368
6965
376
6793
5018
7868
4803
3738
7040
7242
940
1113
8428
9586
4727
7187
6386
3469
8747
4401
7830
1998
9021
1943
6065
4616
5535
5239
6950
570
9682
4068
3340
7784
6923
8972
9298
3593
6663
1559
2944
6618
2981
4656
1777
8076
1425
539
6214
6587
8002
1111
1640
5259
89
1370
7944
8432
727
401
2333
9563
6788
6469
7559
6871
7772
644
2662
5755
7889
2793
6806
7188
1456
1211
9016
4365
166
7989
3191
4995
9024
362
2568
8571
2428
8081
7694
5552
1027
866
2866
6261
9225
3380
9830
6512
7096
4905
304
781
7877
459
8698
5209
4304
4451
3802
8878
2353
3579
8266
2738
7210
7338
539
6426
3901
8988
4443
9690
2949
7109
4728
7022
9926
545
7963
8076
1381
2504
7268
5260
7684
2409
7118
8565
1663
7358
4266
7976
4279
8816
3198
7447
2599
128
9050
1887
2841
3404
2610
8108
462
613
7831
767
5730
1676
5282
3758
6488
5726
7496
9849
6311
3005
5053
4801
220
1973
4763
6542
4721
6466
5411
4133
3910
7280
4423
9798
1495
6075
5234
7977
9893
9159
4797
7071
4577
6350
2834
9987
2075
508
1488
8552
1319
3349
1136
9594
5074
4248
1667
867
8641
6067
3387
3996
5201
3697
6856
8449
7252
5484
2263
412
491
9519
9955
7151
8207
7982
223
3869
9139
4775
4466
4212
4978
6858
2814
561
6144
4828
4724
7246
4408
4367
9335
3825
5772
801
1869
879
9494
4384
2734
6591
8245
1075
8060
1799
3393
3984
1386
7092
4025
7798
1728
3865
1601
9174
9017
8342
883
6294
2305
2424
760
5016
6004
6124
183
6129
1379
7406
6112
9343
4374
4754
2041
7875
5967
3903
8798
1014
7167
2160
3442
7631
3221
6609
2638
5470
2224
6597
1783
3526
9996
3200
2079
309
5831
3229
5070
1936
1615
7263
2605
3980
979
4681
3424
6973
1823
3725
3207
5114
9544
9868
9126
145
8982
3128
1794
9394
3485
4713
3905
4781
5622
2585
9347
1174
2675
1731
2043
2738
8832
6861
9398
9904
9554
9461
6651
8539
3185
5665
3647
8499
3390
6669
3981
127
4073
1934
1327
2702
1434
5675
8450
6902
3358
7824
8358
8393
5334
2249
4298
91
1681
468
6281
2683
469
9222
590
9520
6477
3254
6209
7820
1066
5406
1390
8952
8604
9219
7100
740
404
9341
1303
3157
8411
2496
6545
1730
1103
8257
3205
935
1366
3555
6817
2921
387
1298
9657
4850
1343
1806
6225
8180
9466
630
5836
7952
6433
9405
9789
6114
5149
3557
9687
2340
9165
3124
4271
7973
2676
8860
8417
8219
49
5273
6453
7510
8588
8469
8564
7305
9562
2250
9396
8597
3115
3123
3690
7780
6660
8593
5296
1697
8467
7090
5786
7809
3867
4476
3756
7263
7026
1683
2173
2483
3389
8006
8130
4193
4177
8325
9363
7963
840
2484
6552
2898
4161
1090
9225
6041
9434
6491
1313
4083
3563
6719
9751
2958
9486
8644
3643
4112
4713
1301
278
7878
76
6912
5207
5108
4992
9497
3603
8334
9230
7332
856
5983
538
2887
3647
2777
5251
7714
7829
535
370
8090
8920
6669
8255
5172
4706
5532
4682
5250
3250
9539
2205
8673
2822
7248
5882
4116
1049
9937
2887
2978
4853
6230
5862
3767
2419
6599
4996
865
8861
6998
3472
9743
7507
1985
7992
8538
6853
9819
4790
8070
3652
3979
4082
1317
3778
1865
64
6399
6895
1134
6665
7891
7648
7392
3237
2690
806
4487
2753
8107
536
3816
6389
6252
6066
2462
1165
836
9256
7344
7262
1229
5146
4816
9325
874
2148
4545
9989
553
6534
8597
3970
7726
332
5580
2095
115
8748
5301
7731
2366
7066
6683
7534
9836
7589
7829
5250
1316
700
9228
7142
9551
3871
5436
2745
2831
8066
2362
542
6261
4498
2199
1573
1939
9846
8662
5919
486
366
1049
2088
3954
9612
4896
4163
8462
7282
9489
3284
4318
9295
8672
9853
7306
1454
4418
3855
4896
2834
9263
2048
6385
4759
1470
7867
4866
5110
5595
9989
8926
1910
4763
949
9650
7140
3188
9938
8975
1273
4282
5549
8577
9078
6223
6966
5825
2346
4266
484
5427
4807
1022
7651
1103
9000
5702
9194
8142
7028
9296
3352
1687
9499
4357
2408
4531
7723
202
166
8265
4480
4880
3623
8551
3714
3471
7307
8536
4504
2041
2519
843
5110
4562
4119
887
7112
9846
649
1437
3994
1796
1946
1976
930
3861
9078
4720
3815
2434
8102
2143
4100
2219
947
9927
7399
9099
7388
5529
8394
658
3638
4987
6776
2508
6576
4936
238
1521
7418
7876
9553
8728
4271
2683
2933
1647
7621
9852
4392
2586
4721
2069
3938
376
6742
2891
3615
4191
3488
8012
2458
5120
3042
3336
8158
6958
5199
8421
7285
4141
4482
2293
5016
226
2590
5372
7947
8263
6993
5751
1478
7535
1136
5808
5936
1568
1048
6400
5765
3685
1321
6047
8033
9406
5418
4433
5685
935
4525
5975
6447
9199
2567
251
8104
2427
7053
3712
7786
1370
4943
5352
7197
7736
6534
4922
3983
7234
7399
6589
5910
8799
2655
3599
2820
8434
4260
5609
4808
8156
9686
7012
3737
1018
9304
2278
4967
885
7703
3509
4515
7335
8613
4395
8742
5968
8849
296
2872
495
449
8451
3535
7936
64
7648
6544
8968
7430
9669
8166
1443
8904
9629
1683
7930
1615
6178
8432
4255
9954
3098
9530
3890
2073
8575
185
8260
4857
6852
9584
3964
2737
4312
7707
1235
3477
5800
954
1655
5734
5999
3455
8034
5342
3072
8430
8984
2711
812
4353
2671
1864
8616
540
7351
8920
9645
5863
1488
7463
8283
4111
578
84
4202
8706
4592
1922
447
4452
5814
5224
6776
8521
3955
9642
1496
8547
9000
144
1201
5548
4044
2498
6913
2099
4120
3771
355
2315
3832
9937
9465
4192
7450
1888
2876
7949
1140
4366
3838
7061
2263
6359
8539
7446
5087
95
6585
7708
7424
1097
6862
1344
6261
2735
66
8079
3171
2102
4585
820
1566
8132
620
5876
5758
2584
1070
2066
6765
3546
7407
4634
6305
4139
3284
7685
3959
9466
7012
4024
7186
2646
4890
2734
3075
8121
7930
4715
1822
4797
4778
9037
9780
3018
5494
4131
5738
2662
1688
2503
9025
4518
942
3877
3690
2227
5038
2122
9450
2380
4119
3704
5090
561
3634
8920
3241
7885
2801
7636
4654
6355
244
1968
8768
8369
4854
3287
8644
9153
1947
1297
7778
4509
4999
2667
1703
1013
9044
847
3083
5807
5265
9441
678
1073
3946
9219
9383
6574
889
7852
9860
4051
7848
2669
4274
8974
5108
5320
7373
1750
3477
296
433
2821
5925
581
5561
966
7216
2228
8841
1954
4553
8846
1090
802
1290
7694
4422
5635
3903
2069
8264
4094
1437
3727
6660
2329
8392
2729
5904
3724
3473
1332
2329
4968
9008
7856
5148
3365
3657
8416
9358
8660
9011
7905
9497
9002
1579
3472
7684
7413
897
1738
7846
1408
2031
6338
1384
2198
3921
3231
2574
4486
6323
5116
8480
3221
6516
6121
1793
3433
2546
1057
1977
5486
2711
9603
5083
3531
4229
7658
750
4920
5045
8491
2827
1735
3485
921
2936
2670
6471
2950
9444
425
5842
4871
2337
3895
9424
6276
2485
5458
1678
4250
4867
9840
9761
2360
8696
2428
1255
7852
7968
6262
2481
7653
9441
7832
2289
6745
9735
5595
3184
9123
6962
9596
1613
1551
9643
7840
7266
1187
4106
7953
5173
5291
3242
794
3623
2987
1973
1125
2225
508
1415
8619
4981
3181
7944
8189
5429
4505
1605
2679
6540
6889
2274
2555
7288
5271
8226
8209
2716
856
5161
67
3745
15
1089
7190
4410
8647
4208
9302
4771
8610
3370
2675
7708
8342
4614
8431
3607
1454
2410
2761
9582
1427
1412
8283
3017
687
3506
8352
4760
3764
8408
1368
5347
1347
4873
4965
2091
754
3779
6782
296
2303
7907
7929
3519
9598
4847
8945
656
9794
4602
1262
8445
2400
485
2318
8603
2806
4172
3723
5141
5856
4541
1007
201
2001
7328
6360
3469
9649
6340
2853
7675
5628
2464
7278
3520
3482
4763
3418
5839
4561
7695
4965
9161
7146
2923
2946
862
2555
6362
9284
6581
55
1641
4440
7761
6900
7728
1518
2270
8486
5475
1007
3454
1749
3587
2816
9935
3207
8797
5120
8043
754
7883
580
8160
9576
1845
3055
9077
4381
5498
914
3286
7056
6271
7619
3987
8024
9516
6620
5754
3244
1148
7353
9085
6688
1510
7412
3559
106
3010
7654
3757
1242
1240
5826
2171
1060
6279
8185
5054
4672
2440
7888
2987
4561
7720
6398
5477
5967
8829
1910
3690
2177
9365
4799
9605
530
1494
1472
8065
4433
9495
8971
1371
7843
7156
2044
5815
444
5447
2926
1745
1331
1565
1081
803
3260
4365
4524
8967
5112
1935
7591
1277
1100
3964
1580
1876
6441
6221
1641
9566
4807
119
621
5177
3469
6517
5144
7404
5676
582
5032
519
5902
165
2359
611
8283
3995
6345
6164
6970
2504
2952
2498
1903
7693
270
3879
5576
167
9374
4223
3806
3360
6937
1211
944
5904
7333
6742
9221
7119
3290
4530
6902
7072
5375
934
1604
968
3593
2445
9875
5477
2595
2303
7167
8122
3273
5776
6246
1264
1827
5509
1207
808
6713
2541
3228
1147
9666
2379
6662
9602
6943
9850
9214
8422
5595
4831
2318
9336
2274
4608
6573
6929
4348
8329
764
4634
4044
2821
2630
1557
496
7956
5292
7780
3322
6093
358
2833
7705
456
1301
1214
5783
272
8533
2745
3089
8744
2527
8442
3457
6909
8990
7219
8936
4278
6460
8384
1777
8594
7103
6844
9748
5104
9106
8986
4558
1433
5099
9501
4472
9484
1630
1817
3306
5359
1146
4075
9795
8019
1545
5299
294
4188
8100
3586
8966
8072
8844
9044
9633
1974
1056
9111
3353
4456
1466
678
1166
9547
8186
1655
3645
3025
3969
3972
5278
7172
3912
3576
3132
2384
8588
3757
7048
1803
6550
5559
7004
5519
20
6486
2588
6055
9867
2498
8428
2518
8464
8849
3892
467
2908
248
9833
9889
1654
7269
218
4127
8307
1794
4159
5268
5912
7249
3385
7298
2062
1549
7906
5906
3674
5647
9526
1700
9067
7590
3157
1471
5544
2760
8708
5062
9683
2664
9475
8340
3924
7159
149
9281
5340
2877
7211
8226
2326
7319
142
2618
9112
1130
455
6914
943
7986
6793
7261
721
8132
821
4063
4111
8747
8582
5547
3085
9096
5584
3247
7773
5044
3373
4903
1400
8625
565
796
8436
1300
9374
1747
7447
538
2358
4413
2304
1794
4119
1697
5870
2214
7619
5792
6338
6086
5169
6593
4294
1663
5140
3229
1735
6894
4845
4068
7757
5552
5514
2317
7420
5996
8824
9420
8758
9073
6615
3572
6388
4168
3243
1291
4977
3887
7377
5558
7425
7581
8565
5314
3456
3972
6502
6773
6160
6144
12
552
5692
8290
6656
6751
6280
1801
4276
9874
3390
8199
7033
7264
9470
1596
204
125
8419
3848
8251
7848
9517
9287
6643
176
6987
199
8861
3448
9494
2050
3259
2613
9061
6063
7880
8098
7512
6492
5011
3175
9610
7502
2167
9225
547
1300
5844
1859
3768
6376
8354
2311
7893
2163
1035
6405
1647
6480
9764
6080
2940
828
380
1339
4939
4420
8203
3406
3716
2106
2613
1927
8837
5076
8238
2014
7120
7417
9628
5686
4355
7002
9679
3117
3696
948
4720
6897
5028
1475
6450
1031
6727
8931
235
8781
7122
827
4286
6127
3097
2437
8143
1662
3762
6427
3474
2816
3925
9020
9284
4230
6851
4078
1724
5937
1148
7262
7643
3991
9699
1305
8378
2241
5655
1582
5199
9905
4841
9456
4891
6292
3130
3501
2588
1918
8859
8017
9354
7269
7473
1903
2972
6007
2190
2220
4179
2649
7207
4297
7632
9860
3183
294
6427
1792
4058
5901
6006
2180
1227
3568
7975
4468
4128
2991
1099
3350
1489
9805
7078
3131
7907
374
6518
7795
8332
2370
50
3434
7402
2549
2698
543
1823
5031
3108
2835
7073
795
7860
2957
2010
7173
6041
3904
3928
8504
1879
9198
1121
829
1159
7401
7219
4501
1952
2809
3776
8631
3460
1687
5850
2571
4778
8677
870
7432
2644
9096
9882
8263
6276
694
1945
4121
1120
733
4332
2613
3867
9828
491
852
2313
6573
1390
5297
3324
7322
3078
299
9059
8442
7335
6172
7106
9438
2395
7363
3033
6496
5859
2782
9315
2857
4552
465
5456
3098
3381
1218
8477
1163
4764
3631
1196
4998
258
8204
7287
5573
4107
5322
6017
9583
9204
7834
3358
5772
7014
1681
8337
6968
9579
7371
3968
7708
1536
9456
2021
924
9840
226
3941
1860
1821
7895
3678
3703
4976
2107
9180
4191
76
7460
2388
537
6765
9731
3653
6718
7107
9684
6083
1699
2880
1508
1583
7392
9663
3487
3461
801
6183
6363
5732
3881
1381
4157
7761
1308
4156
9654
795
4906
2500
4146
6892
2119
4983
3431
943
1805
5803
5302
3817
156
4142
2241
8979
313
6312
6285
4040
1488
8646
8378
8008
3713
1727
8507
9156
2607
1969
2344
2562
7452
8888
1177
9198
8734
4616
9464
2409
6231
2544
1656
4998
880
2546
5576
9738
9139
5178
7448
4996
7870
5614
9306
6260
4121
6137
3179
391
6475
4275
8335
9835
3458
2740
6364
1267
2965
3043
244
5696
6848
3875
7809
8944
6989
3380
7127
1166
6151
8768
16
7428
4521
7348
4691
1838
9581
4916
5076
2596
1437
9072
5933
1955
4208
1821
1540
8140
6181
4308
6773
6096
4934
1751
8147
3995
7805
362
9271
741
9010
2012
4239
7707
4258
906
5313
6109
8049
4526
1686
8048
7966
7647
4259
7775
7941
5853
4735
5167
1839
8987
4985
1843
1995
3920
2494
2769
9200
695
4032
9219
5645
4334
3586
9424
4832
8226
7697
3302
6507
5430
91
1654
2622
8724
8129
7286
7492
372
6053
1951
5627
4103
8901
23
7026
2396
5712
338
8411
2544
6908
7353
493
2467
2402
3631
4061
4834
2942
9715
8156
1432
8659
6409
8896
3330
9220
3270
5790
5208
5277
8828
4642
2081
3591
1542
5433
3563
2398
2435
2514
7358
4890
3963
8521
2737
1160
155
6321
4498
3225
2657
7429
6338
3795
4194
5443
2492
1126
3696
3176
2441
4547
3203
7267
8080
2711
8412
8875
860
8198
498
2436
506
7201
797
6542
4696
7887
6158
2169
9065
6949
1291
1983
2619
1399
8304
8285
9397
6098
2940
2436
8701
9259
73
2810
1687
6696
441
26
2748
1279
5461
6300
2727
221
6922
9136
2997
7652
747
4605
4968
1526
4110
5491
3255
1220
4647
6680
4407
126
9478
4761
5258
8061
3734
1247
7128
7986
4855
8000
7446
6132
9421
7785
1487
4991
9256
2398
4476
9167
5287
1745
5351
8335
7468
7175
5149
4581
9554
466
2048
3760
5619
2621
1801
700
1042
4665
6486
5675
2008
5010
2796
2746
7158
8836
2105
6324
4004
8264
1964
2249
2203
5239
4838
7733
9409
6922
593
6559
6097
2547
8432
4388
5951
3685
512
6799
5984
787
3949
4591
5912
8801
7159
277
8948
2604
1176
8631
5069
8824
576
1290
8502
9799
1556
379
7782
4068
1290
4119
4071
9926
9577
9461
6578
8407
6795
3473
8323
5305
340
3217
4314
7373
6336
3402
8080
4561
8784
6804
5746
1961
1489
7273
1970
7141
5886
6152
2128
132
9017
1916
9496
9830
519
5985
9224
7697
3698
540
5809
7702
308
9764
8484
7359
6976
1129
3462
8154
2299
3220
5283
4485
8372
2109
8436
2304
7490
9437
2521
642
1344
8190
6288
8423
3720
4484
6853
350
4177
382
863
8243
994
8043
1653
1725
8788
4611
165
4756
2689
3974
7833
5796
6632
5010
1457
8410
7549
6920
207
4261
8018
5167
6358
2117
3475
60
3639
2491
4276
3111
3976
1916
2357
7039
3490
328
455
6710
3515
2879
9271
7765
7953
7369
357
491
1791
8709
3026
8443
2801
7257
175
6602
225
5827
1684
9536
8249
8727
972
7673
480
9577
9998
5916
3439
9592
1520
1128
7954
838
3404
7328
4989
253
7213
8989
1760
2984
8268
4929
9465
5832
309
6718
1741
5755
6814
7662
8643
919
8461
4787
1907
1598
7285
8375
7371
4440
7052
2199
7189
1897
489
1963
3853
2847
1612
9971
8614
2695
7775
5265
458
6042
8208
4647
9268
3279
4175
7683
2777
3857
2484
7034
2377
8616
5420
3391
2968
8838
1617
7319
5931
6069
7740
7567
5343
8346
2865
8894
4142
6842
9048
5947
3143
3195
4328
5864
3389
2637
9107
4092
265
9368
9421
3331
9412
3454
9586
5236
7426
8220
7003
9775
1078
456
9333
4389
8301
641
9304
921
413
5281
3540
5934
4808
6537
3890
9181
4287
9555
2
330
9731
7525
7054
6562
6647
4408
8154
1888
8760
7629
1467
5921
9838
9273
4869
2687
3861
9939
7562
2748
3333
8185
3678
4983
5827
3486
8523
2875
9564
404
948
7870
8218
6673
43
3553
3401
2771
7741
3893
2486
7415
2161
2784
3813
7619
6096
5535
1667
1202
5320
4348
1992
7253
6997
1546
3846
2071
735
3160
5885
5278
2324
8356
6680
3597
7703
3165
9229
1316
9286
1090
2198
3669
261
5917
6024
893
1170
8208
7390
2988
1208
8361
5083
6600
5877
965
9675
8497
9706
1330
2035
4580
8008
7207
5091
3805
6104
216
9916
2930
6305
351
1915
4229
2150
8323
6992
1079
5521
2953
900
2526
5770
2896
4070
3962
3272
79
7719
6737
3489
731
1609
7956
9054
7617
5661
3054
826
2219
4788
954
8292
4459
6682
856
6445
853
4450
7554
3973
8596
2976
6753
429
9509
8810
5111
3136
1128
533
6024
2496
3178
9440
5573
8742
3959
5175
4532
2662
3937
253
3302
8164
9946
4233
1310
6213
3214
7516
2418
5629
165
2764
4893
7755
4856
7527
9545
8807
549
9917
9697
1686
8764
8457
5114
5019
1109
2114
2486
5678
9917
4892
35
8342
9673
8588
483
5275
7499
8897
9922
3611
8114
395
2331
413
4547
7817
3885
6432
5630
5725
2112
4019
556
1616
9400
1488
9119
6291
5104
1099
5030
6739
5711
5272
2729
6551
8082
6267
7043
4269
1307
1652
9995
6085
3571
8368
6126
4701
471
3291
8228
6053
48
4192
2780
6015
7786
8056
9188
8994
6156
1208
3793
8822
8581
1375
4684
7058
7683
7996
9735
7618
9388
1361
4418
459
4024
4470
8045
1032
5362
4417
5819
1812
2871
8976
6691
1519
2492
6714
8765
25
7078
8049
8112
98
7859
1172
7504
2196
3683
9067
7017
2475
3556
609
6665
8687
9773
2320
1990
3315
11
8156
3632
1738
5388
1980
5951
9604
4683
3164
4565
969
9231
9709
540
1339
3248
4320
2600
2851
6966
5849
7348
6294
7400
3344
8256
2261
2311
8004
1745
172
4723
5449
14
8922
4416
6374
4709
5878
5221
7899
7512
519
4502
6048
3244
3846
69
5326
5438
5453
9719
9138
6348
4162
808
7338
4338
2044
3724
3689
7293
6678
1419
4393
6246
3781
9695
1618
6922
6873
9610
6722
7630
9066
8336
6829
1792
1352
99
4409
2192
6985
2565
6292
453
5584
9100
5851
8113
7078
2035
2664
2154
1531
606
833
9099
108
9801
9463
4151
8451
8403
8565
5842
2997
1508
7282
5825
3979
5545
2986
1944
9315
1497
308
4113
5126
3940
661
4680
3843
3504
9843
4838
6945
4567
6099
8460
7503
7729
1683
1550
636
258
3740
8581
4000
449
7455
4076
1818
26
4134
1533
9049
719
2839
33
298
6720
3973
6168
9140
4782
307
4946
8559
3727
8896
8429
5408
8821
8322
6250
3862
1435
1308
9056
7757
1726
112
4676
6484
6585
2861
3816
9370
8310
5788
6226
1728
6065
8161
782
3755
5514
2410
5854
9950
8793
21
273
1553
9026
8667
2996
1704
7884
7670
7613
9411
3782
2276
8571
6607
9296
9684
2554
1921
6490
5576
249
7938
2670
6701
9343
660
7539
2494
8347
9025
5454
9105
8963
1704
9839
3123
7457
7917
9864
2112
1485
639
8174
6814
7945
3788
9589
4174
4459
5830
9855
3933
3460
3216
9772
2335
8882
2325
9324
2336
4165
5389
9323
8588
3957
4676
3313
6867
6768
6172
2226
4637
2056
4378
4090
9609
9763
5855
8755
5554
1070
3364
8034
2517
9170
1520
5645
5746
1932
7503
4240
5132
8593
7527
7946
6096
1316
9586
2857
3269
475
2722
7406
8286
3603
5218
1876
9082
9126
163
2571
3027
3570
3769
1266
801
7355
6806
9418
2436
9031
7567
4935
9264
1931
7093
6044
4528
6431
7994
8292
177
2998
5486
5079
8347
5957
9748
8913
3951
9644
6562
6620
1768
4932
1213
1562
4823
6261
7145
8741
4510
168
420
4237
2908
7787
8141
6354
6509
9174
7348
2650
1131
1870
2394
28
8083
8690
2919
4843
7606
7892
5466
2792
2468
946
3166
4332
717
5531
1220
8267
9285
9253
3782
8
2577
1248
2170
559
7816
3393
2403
4777
2295
3912
5489
9898
2538
1185
3478
6133
3341
2302
1134
6617
4702
7628
1769
1961
4621
3809
5636
978
7953
9080
3364
1877
8087
2385
7451
6835
6519
2359
7026
4213
5488
688
496
8556
5457
3267
1793
9532
2052
5086
4925
6983
8119
7164
5306
4948
9479
209
5938
4007
7757
1425
6824
3215
547
3611
1810
153
3734
6643
9614
982
5275
6921
1129
4013
7132
3212
6503
1353
2015
6104
8925
2866
4155
6381
3757
923
7078
2502
7355
6310
6421
3019
6456
4063
3864
7281
8009
1846
1457
1640
5798
5409
5472
3943
1708
1198
6035
1293
7816
6266
3705
4584
1991
1652
2500
3957
9059
4166
9853
887
3074
1231
9287
3303
4560
2255
465
7066
149
9851
5203
4657
9895
375
305
3515
7394
211
4672
2559
4887
5785
4686
1088
2604
1836
1028
4803
1562
9906
8221
3843
1992
570
8566
4566
6122
2168
9382
9452
732
8969
1143
7965
1063
9047
4689
1615
1347
8984
6563
8847
9493
7293
5999
7288
6545
8198
699
2724
1227
5662
5503
242
1629
1360
2665
9325
1809
5738
7393
5225
828
5220
1827
5918
4642
6720
25
3557
7147
9412
3455
2578
3343
9373
4349
4698
4571
1277
8020
7923
1469
6658
8225
5070
3466
901
6335
9703
6382
5363
9806
5608
1590
1337
8018
4273
5466
81
2646
9824
8173
7142
5577
1814
2206
2924
6898
2256
7010
7967
4753
531
7717
9469
3755
4170
6994
6756
2451
3741
385
321
7174
1783
9605
7846
987
2005
1354
76
9231
4489
8631
8196
9750
4327
1081
6410
2863
541
4002
4079
2693
8415
609
9275
7891
2121
7582
3848
7278
8710
7629
8905
9439
7851
9967
3793
2209
4360
1937
4892
901
6933
8735
264
1900
9521
9718
9428
3089
584
3893
1910
9738
6306
7628
8759
1173
330
9955
8865
4423
7506
2798
521
6860
9725
8756
1899
4359
7287
4201
8503
8603
9109
3177
5759
9679
345
7374
8369
2402
8153
759
6693
4817
5719
9166
3132
222
1207
2620
1878
4404
3071
469
3395
4135
8214
3403
2175
764
7819
5068
5801
6383
5389
3306
629
3128
1868
9080
827
2956
1586
6463
6269
6746
6104
5703
1141
558
5624
1676
3152
4667
2322
4098
5532
8640
9782
1624
1464
6942
5199
7604
4583
3084
4957
310
9427
2413
8537
3
8354
2127
1792
8922
2818
6608
4199
6648
8030
2510
2262
1616
5140
6143
1916
1134
4060
1290
7773
1988
3346
243
7615
3885
7756
3981
1880
3184
1789
5794
6276
8727
2021
5620
3321
1024
2874
3400
1280
8924
4440
3133
3594
8954
4679
3582
2463
8440
1168
3823
6249
8136
4639
6548
6657
8110
4512
7907
1165
8836
4727
1014
4859
2235
6234
3534
9595
9520
2821
891
8259
660
9
8849
7548
212
6649
8661
9205
4173
1518
3440
2016
7965
9545
8139
4088
5472
8962
5211
6512
4966
2234
2444
4196
3426
8274
1359
2719
1145
3987
2942
5619
276
5564
5588
8126
5789
9000
6444
1461
5850
8702
6991
7317
1287
8997
6894
2689
8095
9446
4122
557
7609
4378
3292
8426
7565
4653
4121
1937
5289
5941
8060
186
8575
7821
1739
2400
3957
12
8298
6471
2518
3749
661
6264
5242
5126
2908
4428
1380
8669
4624
1698
9864
2385
8009
5897
2271
7161
561
1136
4878
4506
6171
9909
642
6805
8742
3466
7258
4493
8732
8082
1147
7650
8039
3859
3717
7028
3184
2438
1744
9693
557
6620
1317
6361
321
6190
9811
5841
129
6795
9450
7162
1593
8011
7578
752
5621
8436
6384
9441
7170
6887
9936
6541
551
2214
4345
4149
2180
5243
3977
8122
9391
5185
3949
9551
8592
4281
6484
2552
3654
1416
4364
1937
8632
3985
6057
28
6281
2964
1406
4747
6054
2302
2522
3670
6683
4775
5809
8107
1845
5662
3661
4886
2817
1328
7770
6407
4061
8027
2159
1340
1951
3831
5787
5754
2523
7998
7909
6566
6156
4316
7867
9216
3836
9229
2067
7088
2662
279
2867
3816
8471
8377
707
7992
7755
9477
9120
7303
6214
9649
5966
8254
804
66
2796
2223
6515
6768
1146
8685
6866
9243
1950
7528
7794
4444
1049
3587
9260
682
3745
3782
5159
8342
2868
3573
3124
7794
7998
3045
8878
605
351
6506
8349
9613
8411
3770
6433
9844
572
5893
9132
4182
6950
9228
6426
3178
198
3310
8428
5532
8043
5532
5904
2184
3094
2461
7197
9222
9098
8721
8770
8101
9806
6261
8892
5444
9178
8181
6033
7279
7153
9415
109
7851
4650
977
1392
3640
7147
9945
7596
4688
4616
3345
2561
4819
601
6165
6518
5949
6572
7211
746
1850
7123
1030
4375
689
335
982
3999
2016
7276
1148
8379
8627
5422
8053
7533
2117
1069
3557
2075
9152
1125
4081
3484
6460
3699
4073
4842
3012
1663
83
707
9941
8669
8258
728
3619
6601
702
3304
6164
5946
5579
7411
3468
4966
3933
9396
2548
8631
4400
4880
3014
5136
1593
725
3041
7546
7914
6990
6262
6140
986
353
7192
441
8437
9958
7163
7324
3914
5515
366
252
5910
3206
5545
6670
16
1494
9765
4676
2293
4380
7262
5203
7692
4805
7076
7533
7686
6072
8687
3712
7041
24
4959
5225
218
3026
6529
3975
2232
5224
4717
8885
4513
2762
9226
8386
5179
6371
7529
6420
7224
1586
3846
6606
3091
1988
2748
3631
2882
9630
9638
7841
6828
6654
3210
5886
8247
320
6451
6989
4965
5789
2443
7069
9663
8376
690
4930
5579
8689
2353
1314
8543
2266
6487
5455
6177
8353
2134
8229
277
2897
1093
2602
5585
6875
2057
7859
9551
3339
139
4859
9920
540
1454
1434
9142
6777
6942
4715
1298
7818
8052
4192
7277
8323
9298
4561
166
7755
9708
9894
8186
8221
6711
2068
4696
9841
1483
2788
6318
2831
5379
2239
8549
7493
1394
8002
812
5052
6312
9400
1410
7418
6931
2459
4844
6900
5324
7262
7576
7496
7693
1795
3631
244
6673
1698
3828
9386
6738
9301
5293
4153
8396
8467
2439
5812
5643
9783
6928
1296
3749
5113
1442
308
8483
767
1290
4252
7223
7796
4516
4221
5211
8822
5138
3583
8608
8304
820
9696
4174
1425
8314
7011
4106
7256
9022
8464
20
9032
1257
5540
333
6280
3747
2579
352
3322
1761
5905
408
9576
2162
8941
4784
1072
8941
9574
3329
8855
7204
7338
8963
7232
7121
2323
6799
4431
6201
1226
1745
2826
4232
8191
6539
8975
3887
8931
5074
2558
3230
5285
6543
4914
9288
4598
9262
9372
2227
3034
8315
9447
5134
1164
1827
3919
6577
3101
9158
1424
5780
5921
7121
534
4160
7582
5343
3971
2402
5808
7184
10
4499
770
5625
1918
794
4048
7944
2523
3060
7426
2203
3166
2911
2297
7691
3068
6363
2619
2398
786
9772
3650
6778
7309
8164
6008
753
1705
9254
5291
6969
6419
5850
8304
4948
4364
5539
9909
3124
2529
5157
6634
8363
8353
3717
3954
7623
1863
9890
2275
7607
9782
3410
6398
237
848
3992
8315
3754
4785
3295
6238
3269
7769
456
5784
7316
4607
7348
3326
7528
6454
9495
9869
5629
3137
5287
8424
3591
4209
8385
8889
1815
6978
7683
7186
3009
9452
8066
4099
372
7223
6154
8338
9233
8918
3365
593
7896
7933
6637
3016
4514
6563
4747
1153
287
3540
768
7099
5561
5567
4724
9544
6400
4405
4423
6291
86
3270
2775
7864
6540
3249
2954
305
299
1156
635
6710
9772
4694
528
5658
7572
5369
4374
5251
2231
6530
6899
9468
8683
967
8538
4805
2498
6610
1938
4828
4495
7073
507
4626
5157
8773
6475
1265
3609
4441
853
9130
2905
4058
7327
867
5038
9066
1972
1030
30
9172
4060
3555
6370
3307
9181
5572
4711
8149
7806
3689
9218
5806
2215
2698
4186
5902
500
8798
8893
3109
1641
7789
5677
7768
6562
4625
3640
7670
9766
3432
4638
907
4798
5322
3013
6951
8255
1850
9592
903
6554
5459
6634
7164
9912
7099
1842
4628
6680
9136
8565
3173
2136
6920
7530
6270
7878
8602
6744
4555
1932
7040
8382
4374
9050
8310
1007
6892
9685
7234
7646
8650
9206
7990
6554
6181
1154
8513
7856
9463
2782
9012
990
630
4866
1464
8770
7878
7792
6742
9073
9653
5105
5036
8970
9514
7077
2259
8113
1601
6091
4949
4942
9446
1489
9914
3967
4146
366
1349
5116
9365
745
7281
1772
2920
6050
7752
9507
7586
9539
3129
9100
2943
8160
7993
3545
4169
9020
7040
9104
8895
399
6254
3371
7833
4069
1544
9140
4951
7497
4624
7511
6443
1626
9708
8907
7823
3264
6050
3464
9324
2752
526
2062
2962
5849
1998
1285
3496
6369
9797
5126
3325
2244
6220
8965
4491
3910
3939
8850
4506
8612
4556
88
4915
5617
2657
1317
8452
9086
5722
905
2970
3576
9780
6142
9873
4192
408
1984
2070
258
5643
8582
7699
9498
4186
4198
5405
743
4415
3912
9325
7199
8957
711
8195
437
7146
7345
3191
681
2832
4410
647
8892
2155
9749
2464
77
9092
299
3501
1955
6779
4247
2969
5973
2389
5416
1431
8459
5911
7709
4670
1809
1580
5770
4618
9068
7946
9435
7045
3063
8792
1388
7426
1232
7935
8807
7342
4436
1734
5327
1650
4116
410
7369
419
4710
7742
2222
8048
1730
5914
4732
4769
5123
9740
8838
7311
6385
5130
3395
2131
9657
3253
438
3162
5390
6820
1736
8038
3581
8074
6994
6725
584
6058
553
1398
4210
5351
9907
1326
5724
1386
5315
7149
4060
6619
2303
1492
9097
1495
957
9306
8338
3196
1993
862
9972
4207
5028
7889
6005
4183
4467
3655
8920
8006
4185
9064
9186
7439
3101
1033
5222
2069
6406
8270
7938
3289
9101
8771
4517
244
8941
2085
7117
7687
8387
7388
4064
9690
1425
2
322
2017
5320
1540
6919
1659
8228
6053
2433
3239
2305
1657
8394
9923
4083
6268
6789
3723
2924
6682
5106
6256
3372
5761
5242
2381
6538
1232
9619
6796
4999
9495
6013
3098
710
3205
6748
4865
1351
6278
5060
3047
6337
1278
7938
7283
3691
7193
3604
2118
598
341
6766
4743
4896
4066
8645
9559
6297
4537
5120
6996
6433
5637
8239
2810
5643
5295
9212
878
9519
1924
2372
6645
1622
2058
9918
2094
7822
7958
8690
9345
7627
7501
6198
4657
2729
1270
8202
6644
4559
7189
8567
6813
1157
8064
6613
700
3038
5128
1640
8395
7981
2726
2599
8674
7969
120
3120
2837
4147
6550
1736
8339
5847
5775
9368
8932
9439
3581
81
4372
7092
2567
6318
2329
3356
5558
5488
3558
5445
9218
9055
2694
6318
294
1363
4901
4901
7523
6688
2608
8149
5365
2496
8009
5452
228
966
5382
8695
7680
1261
9457
5047
7267
1303
5413
6407
269
5318
2410
4632
9562
7391
4929
7495
9042
2020
5552
4411
4467
4031
1915
6893
7472
6222
1726
71
8309
6877
3127
4592
106
4862
7764
7956
9598
7647
9050
8991
5950
8493
4632
2205
4278
7976
8587
7974
7567
513
6410
8208
5414
970
4228
3649
9345
2564
7574
1044
9576
5342
8098
3392
2190
7818
4526
4700
9627
6972
7896
1394
2969
6560
8461
5973
9399
9710
2615
9496
7635
3752
2503
7795
466
4919
9177
9135
634
4115
8610
7034
72
8005
9415
608
395
1239
14
6459
3449
3887
8347
594
2617
5016
5238
8854
2508
8254
4250
9635
9949
8078
3409
5823
2838
302
2925
7271
8640
5390
4065
5511
8362
862
1321
4963
7144
7852
5578
8159
9695
6155
6046
3748
5405
1909
5178
5450
9681
323
6627
2379
9864
8974
7085
1994
4596
3591
7770
92
8314
2743
7819
8059
9821
2835
2232
1754
3694
274
1709
4655
2676
6091
9940
3793
2031
9660
418
928
5124
7475
7590
8316
8763
1686
5647
9387
3776
9326
367
3552
82
5486
9845
6951
8335
7987
3927
2570
9677
3423
1755
9406
8614
1971
9703
3773
9034
3291
9962
4935
3173
6841
4967
838
5153
9502
9295
8135
7187
2844
7977
4367
9907
8156
4573
7190
6246
2988
5457
4044
5733
7847
1251
1700
5719
8183
9702
6791
1982
1873
352
485
9363
5431
379
3241
518
9006
1798
8832
8691
5792
5382
6832
5445
7388
9499
457
7398
2513
7527
6045
7833
5918
9201
5326
5589
3267
5119
6970
9800
2504
6152
5313
2492
7492
5003
4475
7777
1331
6671
7239
1190
6625
5352
9941
2464
4419
6255
8331
8683
9245
9393
9469
4346
4307
2651
3445
6229
5052
7651
7251
3887
4828
9032
6187
9639
68
4340
7953
2384
5024
2679
6066
5841
287
4855
1208
565
9260
2861
1170
7012
6787
8286
554
3110
6682
967
8185
4840
1558
8245
2724
3680
9420
3352
6362
7592
9165
301
2396
78
8301
5946
3659
6566
3326
3628
4058
9451
1443
2879
6969
2191
6480
239
7099
6541
8477
3076
2957
9101
6155
3112
826
6778
9954
2386
6420
6935
8492
3616
1400
8958
464
1092
8710
841
4626
3988
9783
3053
6908
8733
3397
8679
1276
533
7199
9181
6252
9820
9114
6088
7343
3294
3923
5189
5120
6881
6612
940
7207
7122
958
7827
1478
8010
1726
5388
1529
6258
1914
4488
3292
9904
2192
7421
9714
2147
5502
9421
5186
7239
683
8672
4501
5311
1614
7170
7168
3520
5721
7745
7376
8843
5845
9785
7774
5570
7200
3265
8806
1811
7651
9994
7905
4625
2796
7439
1102
6501
5475
2972
1379
7190
5753
9968
6439
2286
3325
6167
6395
4556
8219
8009
536
4169
7112
4449
4058
2406
9647
4143
4947
2236
615
3375
9587
689
766
9875
2515
4175
6067
666
8044
2748
6366
185
3089
5877
3346
5487
2244
1032
6870
4249
3591
9642
9457
3736
7513
8347
3380
8695
6854
1332
8025
9142
6575
2378
380
5750
1520
3450
3652
2220
8488
7552
9964
7788
7802
6926
1359
8181
9060
4160
1898
3914
5366
6365
9783
9945
1231
7029
2361
4168
795
7372
3812
6712
4722
7223
3609
711
5496
7595
3966
8794
7380
4650
5760
6038
9678
1668
5933
587
6987
5198
9634
2694
9433
4111
3776
210
2595
435
4518
4491
1089
9483
1424
1116
3740
3252
3066
578
3316
648
2685
1464
193
3104
6533
716
605
3744
266
9562
1095
1774
7180
5596
7737
1118
7278
610
3447
3399
8115
5060
3077
9475
7704
7896
3225
4643
2298
6425
8602
5355
7270
6339
2512
