1951
5045
1180
6958
513
6956
9158
8539
8081
2962
1834
89
5030
6121
7498
4828
9334
3302
1041
4123
6075
2726
8818
9841
4617
1690
2421
6233
5851
7646
204
8597
6939
597
3960
5464
9651
9301
7930
4451
5476
6918
7823
8306
8534
8600
217
1526
6282
3687
330
1979
8130
2099
8537
9225
6226
1338
2340
8822
4535
2925
2688
435
2758
3236
3150
4433
2160
2033
5177
33
5372
6590
8647
9157
4902
512
1307
6017
1473
894
9950
2163
7315
8224
466
4840
2059
4735
9238
8312
6960
9107
9916
2551
4230
7388
5548
5298
5449
5783
9365
4248
8510
296
6607
1540
3451
9380
4323
5713
31
6323
7348
3640
2974
524
3119
4534
2769
8310
2374
7425
2795
6864
3072
6264
6673
6096
4927
7514
4964
6009
567
5689
1528
5702
3653
7018
1616
8925
1388
2679
412
3524
8281
637
1758
6276
9576
3705
4268
1013
2528
7139
3409
1940
1453
1645
7224
342
4867
7355
4453
6808
749
4022
5756
1659
2111
7272
6871
6100
2917
3844
6921
9695
7012
9270
8583
2435
4506
397
6519
1221
3246
3950
3481
3427
2280
9588
4248
2007
9794
1274
4058
4033
8225
3603
2775
4258
4880
99
4164
2304
6834
8167
8096
8683
217
3714
4927
2182
3062
4789
5836
4469
835
3231
3562
6799
541
2328
9378
2522
3023
4863
6306
1643
9785
2888
1469
3409
6495
4324
7554
4406
6232
4214
4387
5078
5853
4797
3210
8565
4660
2066
8944
5005
5437
9588
3197
4994
41
5975
3716
2552
720
1641
9281
1970
1861
6453
8898
7328
2245
1518
5686
8737
7234
1430
8236
6621
8844
8483
945
5744
9118
813
7861
957
5918
1300
6205
196
9691
6475
3367
519
608
5002
3685
4591
4933
2416
3217
9400
5898
5881
6320
3142
6379
207
7770
4007
1351
6575
6149
1557
5030
7972
3433
9907
3779
8323
6051
560
248
8701
7637
5769
8150
5166
8129
2232
7744
3645
1687
6427
5266
1544
9845
3237
4492
4719
4578
5711
3530
2197
8845
3115
325
1810
5489
2636
1568
3777
811
6610
6365
2657
9152
7197
8244
550
4991
1212
2077
5538
6263
7705
4888
9722
6290
3485
8126
196
5415
9060
3745
340
7030
8050
9856
4521
5444
6340
9677
5493
663
3966
2834
5077
61
2609
2392
2648
4993
3941
9727
3366
3633
7991
5934
1139
8227
602
5519
2004
4509
1372
8362
1750
2864
6025
5627
1102
7340
3722
5106
8651
1535
6584
4875
2296
4870
9810
9660
3681
1093
5477
5202
1473
9332
379
6706
9038
2115
8717
6294
4841
820
7673
983
9290
5604
1083
2212
4036
6981
1290
5307
1270
8835
1076
1831
7049
3115
3638
6268
8416
942
1837
911
9031
6169
6888
2418
2485
9318
6588
8986
8623
7428
265
7830
3861
5600
5585
6692
3787
7597
5623
6699
9802
170
3932
2638
8255
8547
9657
5923
8477
2448
7877
3898
8982
6761
1951
3120
8715
8665
9726
4718
393
2304
6683
3842
8570
3246
7969
1448
7530
6946
2481
819
5318
5138
1108
8861
2237
4250
4162
3937
9661
665
508
6175
9551
6366
8847
7100
3648
2464
7976
5121
7870
905
6306
7498
3486
90
4068
5009
578
8209
8392
1531
9967
7058
8580
3844
5653
3090
882
4464
4502
5789
5056
9728
1796
508
4290
2204
4398
869
7799
5065
8969
7359
2948
4413
8831
3610
5375
2147
182
9153
3359
1451
2272
8976
6207
2493
7785
5003
1446
558
1581
3511
619
2081
5848
6578
5702
2977
5799
1863
611
9709
409
3327
2562
2607
4109
4167
5012
2043
7715
8735
4282
5349
2429
3605
7456
2819
4300
1797
4418
9395
9422
7240
3483
5457
6740
866
8564
2253
7907
2397
6347
8318
8541
3649
1041
8944
6413
3599
8383
3618
9990
9403
2843
2846
9229
5269
9651
2243
9122
2882
8676
4001
7445
1216
287
3169
9843
7104
5867
3243
5602
2758
4135
5317
2387
5964
6808
8780
2563
8511
6405
700
3414
799
9404
18
4397
637
6228
1470
1214
6320
3131
5025
3720
2346
872
7324
3361
7872
9101
9309
7732
5140
8015
7231
5268
7525
458
3265
8461
871
9680
610
6476
7975
587
6645
1811
268
8772
9206
876
4396
2028
9282
9627
9109
1597
41
5091
9483
5418
4690
9410
7096
2968
8274
2784
2173
4750
6871
178
2963
3009
343
6640
2520
8548
5744
1758
4226
5513
3093
9100
9894
8432
3335
3111
8733
7604
6158
5928
416
8174
8978
5452
4989
1200
9380
5007
2312
3861
9638
5517
1901
9027
7913
1387
1684
2641
7106
561
5853
8282
864
3969
2325
5590
9515
8664
9632
5162
4050
4569
8592
943
9762
4788
4030
4891
1650
1320
9168
736
9446
365
5874
7575
7199
866
518
1948
1427
6091
497
5596
75
2134
7309
5008
3126
9399
1685
715
5374
7150
9810
5069
6925
958
9265
3124
7356
6792
991
5786
1392
5116
8836
498
8094
4749
8391
8648
8145
7684
3734
7959
4071
2995
867
7627
7479
9022
1764
2251
9635
8452
5362
2295
554
805
650
6241
1601
7394
4592
4634
5100
4711
4203
4958
3297
6810
6913
8377
1007
3036
2570
7690
3415
1851
997
3929
90
1637
5645
8333
5028
8739
6150
2940
9754
6541
9944
7289
4099
2150
7047
751
3091
9100
2858
9359
8791
5909
4330
668
2108
3387
1243
6598
5882
7671
8879
8702
9807
6720
6150
9963
1748
6258
9606
6360
8561
1263
5204
6756
6866
9624
4278
8857
5988
1819
4598
4315
8993
1638
5137
4180
7307
4976
6224
1641
7496
9551
7057
2082
7661
1241
7481
7378
5999
7084
9002
6833
9494
6497
798
7528
704
7574
3802
2484
9109
2385
610
4063
3072
4563
9709
8169
1583
1970
2656
6771
33
7965
8864
9009
4205
3121
9094
5624
2143
6899
2858
8904
2816
7765
4821
2495
840
7609
3476
9733
1174
3740
2531
5110
8941
2994
9010
3098
1532
9311
5795
4029
4428
2230
6799
1529
7632
1789
3322
7582
8479
8177
341
2209
9527
1705
1246
5307
9741
7214
7329
3973
8493
2922
5597
6293
5433
3754
67
1211
4111
5995
4092
2831
1104
8829
4476
586
965
3292
4862
9050
4286
5893
1253
2996
3399
322
5582
7236
1747
3702
3356
4317
1982
1821
5535
1505
6633
506
6095
3878
1721
2110
3471
2483
4085
7509
1105
698
7229
660
4342
6449
2352
8278
9686
2600
1669
2600
2893
5110
8172
2831
9464
408
2639
9774
849
9282
3293
2971
3953
458
7196
984
7328
2176
2421
8769
8911
5889
9217
4883
7
1087
9360
6907
1965
3703
2135
2934
9836
4033
7612
985
5706
8890
2646
3062
9844
4310
6660
1822
7404
4257
6707
3883
9252
1368
950
7510
178
2899
3688
7004
5893
3288
2824
8376
1048
5732
7809
7146
7147
359
3135
9920
2845
6211
5277
8438
9529
9359
8925
4601
9229
7394
7478
5749
4379
5476
7654
597
2753
4624
2755
6936
344
608
5091
2417
6066
4270
2014
4112
6501
9513
4675
7045
1122
6787
1038
3041
6090
2512
7981
819
3973
9087
7775
8499
5809
7075
3996
5571
8077
7211
4393
2522
7603
6198
9575
2236
1119
2860
2371
5259
7345
4813
8100
9715
2718
433
4626
7592
4438
4613
4507
240
6643
1936
2962
1257
2833
6592
6607
8991
273
6442
6034
9289
5120
2153
9441
4924
7211
8801
1921
3229
140
2722
3474
9160
987
8059
5781
5376
2448
6403
1132
3463
2704
4152
5879
5667
3235
8318
9403
4526
6252
3379
4986
902
8778
8810
4595
565
992
9701
381
5637
2692
1277
100
3921
8462
3802
270
4774
811
1231
6542
3869
5310
2571
6585
967
6273
3773
1689
8893
9397
7394
6977
6760
7735
2571
381
2176
3463
5215
4383
2747
6022
5495
771
1426
4052
1958
7205
9432
8048
4629
3715
5020
6837
1116
5591
6207
2224
3627
4291
7218
8012
1488
6239
5297
4300
3339
6185
5890
3420
8093
1310
5595
6848
3795
7846
9815
1800
5159
6915
4315
6567
2256
844
4768
3679
1956
9923
6619
6979
4174
9952
9836
924
7164
4734
4534
9255
5473
7125
712
5772
1315
6012
9955
3319
8119
8172
3041
3270
5776
4407
7065
6711
9975
650
5756
643
1471
1618
2343
3416
9566
8910
9246
8141
1474
4671
9683
9061
3311
560
6326
8033
6203
8542
5252
6244
889
1449
5559
3784
6882
3348
1203
9767
2886
3124
948
6514
8978
3891
7784
3855
4781
7296
6206
2404
6765
1813
1844
3448
8489
3980
9958
5216
8080
9031
508
1433
5398
9511
9753
21
6058
8559
6534
6217
7707
9479
5254
8349
3722
3169
82
9420
2775
2471
3252
8906
2335
2848
9478
9075
9604
2111
5295
2901
3390
5986
1686
3855
2615
9515
1115
9466
4138
7762
7797
6222
762
9989
4696
7286
6559
3495
9725
5320
3897
537
2440
5609
5779
1602
9097
2549
33
677
417
3946
3264
3632
2826
1720
7792
1398
5734
4207
2053
615
5282
5013
4674
7029
8144
2346
8151
2191
2516
6109
2386
9974
9003
2852
3546
6077
8075
1013
418
8565
9433
3460
7344
3851
2957
7129
7163
2976
9494
5160
7760
5517
3266
3282
5255
7427
935
8749
3458
6750
4398
7841
8161
4308
1559
3289
4628
9973
8174
1714
3322
4721
3789
3487
1182
1821
7668
823
4072
1014
5183
5174
2697
7355
8348
6869
6708
5721
7597
6119
5142
9326
7555
3667
4167
1591
5299
3036
2291
9668
2500
7189
4801
7779
1838
3039
1728
9779
2099
3433
9758
112
4677
2443
1567
9223
5143
806
5959
4690
6581
8907
2376
2055
6572
3996
7166
121
9320
9590
6522
4631
8531
4404
8513
7994
373
4918
5517
5309
5140
6928
3621
4163
6360
5030
4648
5111
2100
4943
6447
4492
7076
7601
3086
3593
4812
2746
1206
7841
5872
1607
459
2508
6910
5126
1580
273
3930
3573
8850
225
5289
650
9549
9652
5285
8212
5694
1541
9347
2054
8020
4376
3143
2030
7555
929
1317
4920
3181
7626
3711
7675
9436
3533
6468
1113
7253
1234
3449
4375
1181
8527
6093
6222
9203
6426
8051
3433
8307
6599
7051
9665
8493
3817
3586
6083
9365
4880
7571
650
8956
9009
391
1223
6513
7613
1213
6016
3184
4172
959
4460
8091
4972
873
9493
8283
6920
2826
1128
2878
7883
6612
6581
575
4046
9181
5618
9946
385
1747
2373
3662
2798
5419
2171
8135
4869
9709
1590
5213
2034
249
4135
5640
2590
1573
3521
2944
4092
7799
2445
2053
6443
7772
1072
2397
3810
648
2467
8431
5594
6070
2798
2425
8585
798
5293
9553
8702
1358
3414
7211
1236
5914
843
7634
2477
940
7985
2473
5660
2674
5853
2586
9302
319
7219
5026
4346
9774
4325
4221
7242
3158
9618
5964
7451
1709
7054
1792
6280
3968
4242
2734
4385
