6639
3816
6843
2172
5451
7060
7655
9839
6087
6360
2969
4048
3440
3837
7770
593
3325
7328
274
4089
2267
8167
6065
2985
7740
5305
6621
4207
9408
2013
8543
1855
2276
8752
8149
3182
4560
7855
1476
553
7225
2152
2551
8787
2020
4434
4889
2367
5570
1836
752
6981
7575
3526
605
8471
7750
3857
4432
145
438
3447
431
4074
7816
1114
1771
4688
5687
4588
6033
5469
5852
9720
6863
115
5615
7278
965
3306
416
4254
8636
7571
1260
1562
4279
8749
8146
9678
5431
702
3423
1331
114
3777
1720
8476
970
906
2662
200
6680
982
5802
5282
1129
7854
6663
490
2855
472
2892
1125
9728
6184
4811
2859
2814
6254
6834
3022
6542
6009
9156
5331
2046
4520
9606
3085
8394
7139
6308
58
644
215
7573
7654
1769
5977
432
6425
2086
7656
6822
4959
7809
2297
1602
3930
8966
8860
5662
4715
4072
9639
3658
671
1825
471
3236
6608
8248
3577
2095
5716
4163
2834
481
9513
8610
7156
1090
6837
5822
408
935
8885
9186
4197
7521
9748
2917
5675
4119
9534
1476
1593
5985
1004
6556
6902
5828
1297
2740
3823
8177
8508
5560
1105
795
4975
1816
2089
5320
1809
7769
8825
8893
3663
8703
4772
1484
7628
2950
3488
3690
2572
9458
2561
4240
2570
6848
9476
2956
1707
1328
9793
4096
1998
2231
2427
3325
8081
3401
2545
7931
828
354
2309
1764
2651
2699
2322
2300
1783
5417
8199
8347
9252
132
5604
9049
2999
6865
8225
8127
2339
9133
3612
480
7976
4728
6895
1432
6276
1447
3402
4226
404
5556
2862
2217
7149
796
1588
9870
4526
7176
1172
6290
3128
1446
4843
1865
6626
3377
325
1216
5175
4418
5591
1694
6742
1828
3788
7922
5804
889
6023
336
2014
3973
7942
3696
7270
3386
1900
2203
5276
8355
3601
5163
7960
7322
7351
6530
9885
5029
4806
2898
1121
2186
9051
5986
9964
1168
5475
5320
7007
3665
4065
3637
1152
835
4275
9155
3503
1147
4595
3239
1476
8122
5939
6820
816
428
3733
9420
4476
7258
8037
775
6082
3124
9215
9828
4921
1955
3731
6101
7911
6580
5196
1611
4290
9964
4010
7125
3046
8196
3026
8738
434
1566
1422
2999
6247
2230
5169
9535
7434
6055
843
9748
5628
3290
7554
8027
1620
4446
4233
1547
7415
8493
5328
4896
2926
4327
2529
852
6418
6608
6373
6280
4232
9298
340
4515
1702
6215
3581
2691
6786
4196
8667
1856
5736
5447
5983
1000
2409
5982
5504
8599
3962
1478
1323
1941
6238
6525
72
1919
9700
4317
3117
825
9681
4563
5516
6329
2949
3038
6325
5404
865
1542
4761
3218
9825
3472
9160
7478
8344
1529
8442
435
1104
7773
2318
2753
7975
8399
8277
5177
6142
1661
2990
2468
1079
7841
2174
1173
9931
9654
8050
9371
9657
99
7734
2419
6717
8104
2115
2766
7365
2594
3575
8171
5874
2681
9721
1908
2244
2762
8353
4549
4760
1148
9262
9204
8552
2293
2139
1984
1297
7986
7547
8690
3478
9071
778
1004
39
9899
6036
9871
6284
5511
7811
3548
8086
4819
6593
8398
8120
266
8928
7168
1300
3500
4610
8509
837
8529
3866
4423
5964
131
1468
9378
5047
4885
4692
6803
1902
8716
1868
2345
6726
8482
8265
9249
3336
5713
1117
3733
5699
3741
3863
1031
9058
379
7389
9977
4461
2268
167
1509
6032
1612
3907
6152
4043
8432
8501
3201
126
9790
6495
9403
8397
6582
441
2818
5235
5360
5172
5123
7412
132
8724
2222
6267
436
319
4668
7495
4714
2342
9633
8549
359
6313
5114
4574
2112
5205
4904
7212
7916
3606
5909
7246
4460
2634
2476
9937
4570
4742
9100
7096
5044
4097
5899
2887
1684
9885
3606
8112
3833
5705
5412
7447
6861
854
8037
269
5327
8243
3122
154
268
7911
9495
6526
2814
4976
1806
7802
7843
4730
2925
9971
3242
2537
3504
6261
413
2226
2890
2227
1599
6791
3378
2210
8194
8461
384
3606
4596
2207
4609
6326
1620
8945
6827
7132
4601
9373
73
6708
8078
5803
269
9102
2780
5440
4205
4323
7349
1776
9855
3101
5353
895
8555
3477
4532
7285
8331
4352
4591
8200
3206
5636
121
6599
8351
4296
5709
6372
1660
1040
2153
6182
4148
5795
6522
4276
9430
2753
4256
6060
6256
2820
2351
1508
973
724
389
3350
2600
7316
1041
5720
2116
9877
2597
4632
8981
6180
7089
9908
8613
977
116
8815
948
9170
6746
2759
6954
255
7855
5578
96
8530
1944
386
3284
8612
5626
7626
3906
2359
3771
4343
9998
6432
4065
4270
3198
1889
5295
3249
5663
4347
7446
5279
2703
3536
560
1802
3978
7630
6395
2344
9461
5463
5623
3586
7933
2211
1348
368
554
9463
6001
6254
7205
5772
8816
4515
5105
2475
9561
5065
4960
4605
9914
5748
1083
6664
7682
9747
8052
3824
3648
6276
5963
1426
4882
4535
809
479
6337
986
541
4926
2695
6200
8345
1192
8073
6931
4720
6045
6697
1502
8068
1330
7384
4855
5549
9874
2502
1268
4528
1600
2315
6730
5814
9725
290
5779
889
4281
3705
4625
6138
8574
4523
33
1910
3713
7403
9891
8591
750
5027
2007
7127
2145
8208
4632
4042
26
8985
934
7976
5069
6457
8940
2610
5964
385
8620
901
2294
6041
438
2339
2071
5364
9493
6806
7350
2945
1835
2471
2611
2676
3778
6573
308
9603
3669
1516
5658
1736
862
5295
2771
6649
1069
2117
5583
7423
5945
3327
8782
8989
6297
4708
4588
9668
5055
6780
8714
7826
6692
7080
7150
8462
5364
2392
2679
2366
2302
6361
6716
7103
5243
557
5178
5143
9568
5421
4295
7376
1223
9927
7000
8508
3688
3622
6379
9069
1985
640
4547
6888
2802
7831
5044
3781
8145
4308
1284
8676
9437
3216
5120
9583
6611
1679
3745
5740
9530
9444
99
9633
2485
1338
6602
6765
80
8641
4774
1742
6013
3610
381
1662
1814
9827
4301
7411
5512
1396
6998
5259
4137
5618
7938
8006
4806
7417
1896
2009
9876
638
9539
2540
540
4913
4403
1463
1229
8279
3701
9503
9534
9542
2663
5826
2835
3458
7769
6783
7377
6334
227
8133
2446
4840
5496
6866
3399
8596
1958
2662
6745
2764
1865
5374
4071
7840
1122
6900
5424
2838
6182
7233
7695
7495
5725
4594
2955
2111
5170
1348
9647
5113
4631
3542
410
1405
94
5700
9416
7536
8063
2632
6320
1038
2758
6769
7676
7289
1755
4994
2336
868
1359
4539
151
2994
438
4950
9114
902
3911
1288
3425
609
3014
1631
8133
8323
4963
2665
7746
5421
7483
7887
4774
3549
912
6656
4737
8956
6918
5665
356
175
9012
8779
3753
91
3390
7416
967
5143
6585
8514
3625
6775
9206
5711
8023
1126
8635
9352
2325
9089
7248
6914
3384
3472
9765
6601
2082
3781
213
158
3983
8245
931
3250
1597
4235
7877
8042
4933
7547
1697
2602
8836
8969
4261
7999
4343
5201
8632
3610
320
7565
3340
1266
2927
2098
5394
281
326
6788
5334
7186
4929
6427
4530
5379
5843
5956
4113
3788
3248
593
4418
4778
7391
4645
8077
4415
9210
1765
2258
6881
5149
6602
9837
6418
4905
9664
322
9498
8840
7596
7715
8145
2212
4511
7672
2408
4438
8882
2155
8386
1087
4844
362
9726
3146
8561
3874
8282
4020
979
1071
8560
4529
8453
2036
8327
6589
8112
474
6178
5633
4615
4947
5652
2877
6273
2565
2880
6972
5668
9976
328
9610
3871
5793
304
6240
110
3271
6344
5790
2040
5477
7861
6524
9155
3615
3759
2474
9345
5818
6325
8407
5977
2752
6472
9896
4709
6848
6873
5995
994
1309
8352
1002
743
8950
658
2659
1731
2086
6479
4841
4129
388
3593
9137
7085
9128
3722
2658
8806
405
7626
9849
3651
1920
3632
1118
9321
408
1531
3261
6398
349
4795
730
7125
6859
5781
205
2957
1100
742
7259
9339
1484
4277
5588
9159
7335
2811
5581
3126
4215
7189
588
3683
8502
7351
8823
5317
9539
3337
1323
554
3217
8443
3780
5592
2862
2011
226
3347
3517
9700
7705
9662
366
510
2166
7642
8044
1959
1986
7596
5950
135
2183
3159
4206
7047
8623
9507
6957
4887
3417
7762
9418
6704
6122
3040
497
9996
6296
5324
2584
2233
9609
4514
9483
926
3316
7991
5184
1180
7273
7580
1351
3727
4604
3082
6260
620
1385
5815
3387
718
6389
8629
6282
9943
244
3661
4388
9125
7145
8048
5662
6661
5011
3716
526
7668
3676
3280
3731
631
4323
5776
7614
5837
6410
5691
2100
3040
6780
9876
8610
481
1936
1866
5844
979
8231
9540
682
9654
3603
6058
4035
9225
1917
4689
8715
888
2555
8591
6944
8105
2083
2755
6395
612
1015
445
3532
4552
1561
1348
2345
7268
9437
5180
4725
3145
7871
9547
9437
4135
2598
4077
7027
8264
1741
8388
3919
1720
6976
1212
484
8188
2931
504
8398
9180
5470
5232
9963
7785
6007
6129
8093
2255
3713
6766
9787
6737
9964
5569
3016
3008
9154
2808
5506
8006
5728
8131
8871
2626
6526
1811
7575
348
863
4156
4337
8932
6782
5544
7675
2639
9583
1651
8128
6468
5983
4772
4550
4974
8601
7182
1756
1407
8196
7475
9034
122
4998
391
3452
7338
6360
7337
1259
4196
8554
7744
1392
9557
2429
854
9954
4420
7893
376
3425
7503
4680
9037
2022
955
3581
3897
4025
9343
55
6168
2152
3387
5121
4214
3934
6391
2091
336
6279
2246
391
3932
7914
8239
3379
4992
2544
7746
7228
7335
3513
7819
4050
1530
5442
5960
8369
2496
3757
2463
3311
1915
4140
2385
5591
8004
4435
8215
6919
3563
2328
7557
4097
1179
7111
748
1123
3782
7575
8588
1352
6278
2115
2719
2655
4333
9337
3591
8771
7974
8021
9594
6579
3815
8934
8475
9791
5529
2648
5375
556
4329
827
3664
5007
5955
3722
2871
4419
4694
4837
4586
4920
5168
1111
7033
9799
1420
9730
1258
8666
844
9443
8945
5541
2734
978
281
2244
8635
956
5593
1134
2200
8031
7022
5450
8451
7712
6699
610
6465
9172
4077
3137
3435
4673
1410
2704
1900
8676
8371
5799
1390
6709
9712
4886
1882
8123
2273
4977
3440
626
5783
3737
9243
3452
2720
7136
4089
1582
1348
3707
3030
647
2200
1672
5365
5807
2105
8060
9567
7577
344
9959
2584
9794
9744
5490
8319
2135
3568
327
5439
1721
7169
5839
3388
339
3894
9983
1952
4273
8615
317
7327
4663
2768
742
4508
8039
9521
6074
6018
4212
5409
5863
282
5823
1152
9448
3707
7230
8817
1953
8014
1021
8267
1308
3477
6361
8283
5025
1913
2122
6107
5294
8962
26
2632
7920
7025
9001
982
280
2614
7494
4309
1226
6311
1306
5556
7565
9186
4445
6275
4722
5456
6661
2303
6306
6396
1459
7264
8147
9755
4495
4160
3895
8105
115
6900
255
3190
3232
2422
4706
6248
8537
9338
519
6711
7040
4997
2171
804
718
5838
7468
5846
1384
9838
2300
7723
6326
1524
5565
1737
2834
524
8118
3333
413
3121
6196
4406
5300
4374
5954
2022
1569
8474
6918
7322
1783
9594
9355
6462
5093
7342
9037
8656
6692
8049
6720
277
4599
2532
6864
1707
6856
2968
3413
8012
1220
7185
6298
3919
8801
7764
5504
6343
9883
5445
4277
2910
2919
4977
5939
6732
2169
9103
6643
5492
1486
9461
6640
2364
6401
5918
9806
2768
7510
4247
5165
8600
5061
8906
6102
4597
3295
5435
7661
7328
1838
2694
8773
1247
3771
3810
7357
9621
6593
132
9537
7753
6324
7920
6525
1758
544
3933
7518
2882
7958
2735
8832
5636
279
5676
7848
4013
8875
1341
3436
6733
1441
9315
3654
8792
688
5393
8592
2590
8561
184
6175
7378
4710
7412
2275
7140
2380
4344
4052
9362
7917
4779
9370
9102
3862
3136
967
8095
5961
3344
746
5251
6695
2803
6311
7009
4265
7733
1069
5151
5340
4927
4320
7774
6560
1453
925
2867
3400
707
1633
4531
7288
4074
8815
6662
9945
4552
4930
7551
4425
497
6629
5216
9437
923
682
1906
1100
5265
2875
4646
3274
8901
4021
2990
458
1596
2542
2408
2210
8100
4694
5253
1711
6215
7963
2621
3987
9649
7064
9713
2803
3517
725
4843
8298
9104
8336
5636
771
9019
1767
8134
7832
6986
1256
8386
53
5825
6203
8349
2009
2521
5340
6325
5803
1375
3505
3222
2960
8061
7918
1451
8201
3162
1842
9756
8176
9177
4692
1354
3259
6905
1636
3191
6332
6559
7420
4724
4958
9576
2568
8162
3445
8715
7703
281
8176
4399
9040
6922
5598
5113
2676
2709
1100
315
9933
4670
5144
1500
210
875
1133
4849
5089
5104
884
2149
9992
9243
3954
8781
8263
3383
5492
9756
8005
9485
5458
1560
1579
3776
137
7769
5756
8145
4229
8926
2091
6017
6625
2750
9579
3458
9365
1692
7029
8596
3626
2599
9396
6027
4406
9796
2967
6816
6850
9293
7217
1343
2310
447
9211
3583
9921
6434
737
3363
9092
6943
875
1958
58
3975
2617
1204
9201
4805
4017
3800
2727
9409
5859
2859
2163
5551
9369
340
4802
8939
1295
4935
1709
747
3706
6178
3538
5995
3537
2931
954
3665
9503
6682
1723
7438
5969
430
7178
1763
7614
2044
5275
3416
8616
2900
4588
6351
1419
4369
7064
397
8560
153
5648
5939
248
9310
269
6439
7665
3206
1268
1085
2845
9061
9906
9177
1135
4724
9582
8939
3162
3039
1325
9250
9660
8292
2130
806
1589
7186
4575
9167
5867
557
5104
9349
1034
5784
7190
6658
161
738
4097
4408
776
4189
571
9554
2994
5411
5215
6695
4786
8125
7234
5521
8828
6397
6279
1955
7180
9462
4850
478
8630
2100
5218
2287
3957
556
8142
5351
7534
2924
8777
2423
8941
6916
8474
5470
7721
2576
7811
6178
1971
7880
4381
7742
3323
9583
521
4636
9505
5235
9478
698
5888
3619
5778
8675
8971
8284
5597
2437
7268
9864
9160
1862
9347
4810
6580
1911
7922
808
4233
4603
1650
8671
8507
749
7719
7475
8963
4374
34
3506
5846
2298
3445
8079
6535
5322
1137
9799
6498
9436
6978
5374
8910
2106
8719
2518
8395
8512
3002
8610
6714
8696
1001
4874
9047
7217
5111
5029
955
1495
9320
1223
2403
3761
4018
6862
8416
1268
8275
1257
773
8123
4310
4797
7625
6276
9760
6400
2029
5200
9080
451
1371
1424
6792
7150
1296
8571
9031
9318
210
6108
8843
5002
115
5755
2970
5148
8088
1857
4102
7126
237
1745
7836
8590
4385
6204
7249
2771
7456
8710
3000
5755
2415
8869
9852
978
6969
6868
5566
9845
2237
8957
1047
4665
9279
9307
4681
1869
3305
4611
8312
171
1098
1953
213
9625
3588
8201
2764
5092
1322
6260
1861
1499
3107
3087
2587
1245
5903
1992
8179
1220
6291
4257
4889
1280
697
3170
9311
5077
1522
5379
9465
2845
398
2828
4657
461
8655
226
7390
8768
4103
473
8523
5976
7095
9547
1557
6191
6720
3435
5966
1313
6432
7092
3880
6840
7063
8933
8927
417
8890
7686
3570
5942
6795
9016
1101
279
8430
2125
2590
5676
4602
9410
7116
5817
5734
8912
4184
1150
1612
3119
8357
8086
9412
8151
6412
3306
8948
7816
3397
9722
1298
6972
9878
6417
6903
2580
9181
8079
8446
1278
7761
4595
845
290
6711
7021
9975
8062
1106
8150
4748
7777
8805
5770
9329
5483
6529
8643
2603
7795
1331
614
8727
2867
4378
7629
9532
699
8914
3153
9731
6105
2704
334
5358
3761
7240
9122
1439
9391
3330
885
6709
5246
4974
3520
8167
4107
7088
1419
6051
538
5475
651
9947
7146
5867
7978
5911
9081
7489
9276
9148
7953
8419
8642
5073
8470
412
5567
8243
7406
7203
3212
4464
446
3904
3480
7892
857
9462
5424
3610
7494
7102
9192
629
2053
387
8211
7894
9261
3211
2358
1901
4053
1736
8756
6827
6331
8447
9696
3694
1521
3176
8644
3334
2263
6186
9501
3242
2387
85
5054
9619
2064
5665
1654
851
9227
8012
3019
8083
2201
7673
8981
4195
4845
1310
410
8709
5148
6653
1561
2409
9766
1729
2089
4318
8457
5858
8366
5866
885
4969
5506
9175
8156
2739
9837
8387
82
7904
7599
8318
5427
1612
1493
3848
4194
4448
8488
952
5775
791
8093
5733
8524
2644
9852
334
3576
7336
2393
3368
9646
7153
7197
7232
2166
9805
6038
2106
1473
2023
8627
7243
9053
3242
6982
8153
236
8241
123
4008
7369
7413
91
94
6875
9772
651
5512
2886
9502
4811
2745
5511
4231
8672
8274
4415
4261
1681
4388
8410
6381
9479
3752
2163
850
6680
5282
5662
1699
98
5335
7212
8385
5998
2232
7061
7103
356
2393
9154
526
9220
1970
7211
5881
1732
4822
4569
8707
3738
5974
6559
5734
5598
988
7933
6338
7930
6025
3092
5368
9850
1187
9403
9476
5533
7125
8232
6439
1212
7311
3904
9288
5234
7883
7161
7508
6540
6282
9117
1858
712
6954
7960
4123
8775
1478
2786
5010
4298
722
9172
4331
9300
3785
676
8033
2566
7735
348
4606
6589
8129
7494
6426
2070
7270
500
7714
3826
425
9797
1648
6908
1234
4656
2895
3226
5280
700
4054
4339
3221
2140
489
8138
9573
9987
1448
7207
9128
4941
8805
5933
4510
5268
2582
9460
1534
2053
1504
978
5072
1184
3873
925
7524
7423
8066
9129
7781
4807
7286
7034
6293
267
3368
5989
7004
8287
2496
7283
9051
507
4698
5483
992
5714
2397
5965
2073
3434
1691
3226
9195
3076
9267
2037
8267
9564
614
2150
1921
2319
9426
4320
7655
1770
9639
4243
1900
6593
2455
3247
9557
4221
1926
4564
6485
8390
9932
1810
5025
2100
7055
4346
3115
4060
7838
3216
1000
1330
7721
7439
7673
346
5361
6731
1081
377
7827
9221
6074
8154
4065
5479
979
8444
3669
4974
1149
4702
5552
9876
9632
8803
7124
9821
5263
5079
1204
3594
3931
6422
3242
569
8871
5015
5574
9211
8860
5195
3483
6107
562
710
5735
6871
8034
1576
3367
4671
391
2864
2067
6298
5778
7845
7807
8869
3221
5540
1467
6001
9172
4233
5290
9651
4911
3495
6607
5963
2870
4457
6114
5954
1218
9444
9313
8921
3068
252
1786
3687
1712
6533
3203
1067
4355
6944
4791
1026
7208
6704
5989
3320
3727
7482
6934
6329
5420
6083
1960
4539
4968
7403
1801
5933
6750
6112
5079
6333
8531
8885
5800
2968
3753
7780
4288
2639
1030
4223
5295
7967
8703
5581
8755
6165
8468
2794
2226
3735
2510
2984
3501
6984
8292
7247
8719
4309
4731
7269
4316
8243
1864
8458
2494
8322
903
3020
9566
5947
3194
4294
5299
1197
788
3992
5835
9386
8648
5636
7465
3956
3885
1344
3822
5547
5384
8816
4676
6506
9061
9978
7907
3760
9906
7052
6102
245
3087
432
5261
5447
3227
6279
541
8215
7684
2304
6196
4299
1412
9332
5661
9095
9804
360
4357
520
4635
6946
2938
2087
8344
3059
6885
3215
6386
1539
1290
3735
7889
5589
6299
8215
374
2017
728
7605
802
5607
7862
3079
2620
376
5094
9728
4317
8812
3956
9546
2695
5582
5609
6140
7494
3174
7102
167
9393
7325
1828
6145
1013
2460
6409
5822
3033
7445
8720
7786
9631
6751
9717
9028
9084
9858
9466
7968
7965
7157
8897
7574
7582
1744
1040
2307
9980
159
720
7200
4914
560
8212
3477
3778
1716
2065
160
3966
9272
6695
6872
91
6169
9914
5943
5865
6581
7056
7635
3707
9134
2202
2236
8427
4253
8562
9269
1419
4102
5841
2874
6724
1520
2871
9070
8539
6240
5249
7367
7792
9306
4001
8693
462
2025
7483
1413
1829
5097
6441
3398
3102
3084
3492
5780
8358
5975
5049
9524
3153
2796
8740
9863
3430
3821
147
8571
3298
843
7404
9625
1332
9688
9843
4401
5133
3508
1774
6401
6770
7149
7439
6322
7661
2443
9771
3639
8027
7091
712
2563
1190
5724
4213
4996
565
4138
5263
6640
1878
8912
8114
986
7693
6816
2066
3414
3241
9091
646
4850
4201
8647
2754
6004
5356
2417
2202
987
4049
6507
543
6206
131
4840
8434
5607
5475
4846
3835
995
8245
5133
4523
7858
9034
6453
8629
844
376
6357
398
8935
6444
5861
8362
2542
2969
8208
9639
8148
1935
4275
2591
5371
8368
1908
854
2852
8381
6458
7938
8394
5256
9651
6604
9067
4124
4896
6969
8903
3788
1357
610
7692
6109
1608
9762
4269
6477
5891
2637
7266
5206
5687
9059
3969
2542
9152
9490
7126
5598
5776
2463
3917
8418
2003
3679
6792
9256
9295
8418
8073
1239
736
4359
577
3665
4898
9261
6760
2145
6585
6375
2489
3821
672
3187
9569
592
2635
6524
4972
5406
9843
3304
8011
8894
6692
9274
4106
7928
2970
5012
7181
7473
4563
6027
4470
1327
8481
304
7643
9890
2729
4981
9013
9401
9973
96
7746
8815
4110
6200
6621
2770
3445
2667
1396
7431
6348
1683
6972
5624
5155
8831
9175
1572
9193
5016
9257
4644
8717
8241
2110
2331
8881
5082
2676
4861
4291
8610
8921
6596
1527
5291
3818
6770
8390
4411
4027
1896
4631
7038
4978
6798
3331
2019
4735
3898
5806
7440
207
4956
839
3101
97
5868
4089
4290
3889
8363
9991
6534
3139
7737
2762
376
4096
9863
5013
2404
3181
4782
988
7360
13
1678
3262
5312
8999
6861
346
8777
9055
6850
8403
3964
5757
8426
5193
7949
2680
4100
521
5664
1905
8097
3898
7241
4036
2955
7922
4871
8885
3401
4259
5424
3968
3478
3087
8419
2605
8776
5291
7027
8016
1213
7478
6289
9334
8797
4618
5670
4670
7063
9723
9081
4260
5324
5455
1916
7779
6021
1276
6043
8938
5475
9892
5654
2591
2978
9995
2278
5339
6774
5344
3904
8809
3494
7647
691
618
7609
7906
5238
8336
2252
200
1821
3677
5178
1163
8644
8022
1170
639
6583
7500
9247
8088
2541
1321
1823
3697
6355
8801
2339
331
7896
1719
5819
271
766
7676
4763
1297
169
8115
6037
7707
6686
5274
8070
1977
7413
1814
1351
4256
4168
6134
8760
6403
9562
5405
5105
9370
8795
3912
1550
6437
5996
1921
2304
102
7857
4906
397
967
3258
9873
469
8468
1463
1540
1402
7267
3250
9846
6283
4541
7449
8083
6162
1761
2958
9416
709
5361
2570
5393
2502
6257
6564
9600
1710
4764
2969
7967
4120
2506
1417
384
997
4295
5664
292
4940
8021
4002
7838
6120
8949
7628
7009
8987
7913
5758
543
7144
8441
4196
5035
8396
7865
7370
4212
1903
1862
9830
6637
4297
5282
5726
3777
3123
7065
7086
1867
6096
2666
4475
2687
1359
4732
9273
3553
8628
9555
613
3797
9006
2426
823
5679
8310
6381
1988
3131
6924
1452
8389
3077
8191
7364
3541
837
3223
3851
3885
1921
826
3890
4446
4477
3965
1508
3676
3664
8592
3817
5584
2348
1249
6032
7631
1871
4459
46
5466
6742
5077
3954
4943
4644
4277
1398
4496
3994
1191
8436
330
4776
5669
8691
2970
5115
7979
6345
1713
6801
2705
8323
4539
3107
5867
6040
1828
2158
9732
1669
6377
3176
8384
7143
6844
6872
8947
9802
200
2567
7012
9681
2473
156
3486
807
6678
2557
3062
2516
3892
8113
8333
8665
4037
6753
9414
1835
8776
8236
9569
2337
4262
9521
2058
7154
6392
8525
1847
6097
6167
8177
6145
9146
9788
3023
5850
4383
9620
5059
9362
9271
9096
7215
7777
8264
4842
9718
3106
90
7457
7111
1025
1963
2997
4675
5419
2951
8097
6332
4415
8153
709
6964
6348
5715
1967
9186
8877
1013
902
5030
2214
3716
8874
298
3241
7046
1743
3793
2311
6673
5418
1757
8640
9056
7151
4181
6148
5113
7603
2899
6286
3288
644
1208
8561
2131
867
2062
6296
5655
841
2093
9187
2426
4897
7308
3089
2699
1433
8372
1207
4303
4020
7741
2734
8952
8324
7292
8563
7785
3038
3764
3409
8003
8744
8925
3072
7665
1737
1109
6179
9681
7497
6655
5832
3325
2569
6213
4159
9843
1092
3449
3679
9230
1691
1982
9268
2903
8474
9608
3807
3574
3499
8511
2617
7077
8683
1184
3682
5971
4236
5423
961
323
2193
1526
6806
7364
1909
9408
6382
2111
3133
8720
6693
9588
84
4178
6312
6762
9657
169
9191
2128
7302
2604
6182
8986
4037
8755
4642
1385
2531
8187
5607
5668
2487
3355
7037
164
5176
1903
993
9065
3226
1695
440
4778
1817
3029
6992
4504
4871
6920
6313
4066
6232
8833
3020
9589
5344
7820
3327
3154
4766
4996
9579
4945
3112
1024
7100
6729
7141
6147
1585
7754
9175
125
8901
5606
2163
1403
7168
1008
1762
137
6513
5610
1874
1540
9436
3654
334
7448
4820
7355
8576
7839
4299
8229
2115
5495
1666
793
5928
263
7362
8724
5334
8559
4891
6107
9931
7413
7425
3941
651
2318
1391
4628
8483
3968
3071
1572
1588
3446
6394
9693
1326
4229
9178
1336
5825
672
3491
6668
9737
6375
5079
1499
2775
7788
276
3315
6648
3328
3722
2920
22
879
6703
6257
6447
9671
9746
8146
2423
93
9204
2482
3868
7669
7398
1104
9380
3555
282
9259
3922
756
4204
4276
7239
9892
1853
694
3692
9755
4923
8259
9724
3474
9670
447
7525
2920
4888
6153
926
5344
4244
9643
7170
2596
7630
5105
390
9172
3934
3093
3046
4463
8997
9265
6674
2427
9017
6555
7818
9051
4454
2668
5169
944
2758
394
7998
6950
3578
6459
8666
4128
8332
8578
6512
4560
7106
4642
2261
6747
303
4520
5821
1829
5213
5260
4476
405
3772
5098
3903
8332
8335
1875
889
1576
4474
6225
9838
7236
7107
3440
5593
7474
4427
8918
6130
418
2753
2114
5320
4375
4294
1070
8747
9934
6846
3339
5731
7497
5918
7593
3177
8479
2556
333
5792
6457
7689
4935
86
880
4803
5024
9640
6863
8926
8346
7402
6294
9130
4057
7651
1658
9777
9527
4038
7264
3127
954
4729
1134
494
2341
1318
9514
262
7113
4917
4093
3125
9672
2729
7817
2028
4440
9571
9269
1430
1884
1008
8500
5937
9436
8366
1860
9941
1519
8701
3028
6295
8528
3330
6734
206
8951
386
2462
3706
126
6601
1812
3428
3309
3169
9458
1328
9834
9629
5337
9956
4768
5833
1243
9946
6229
5197
1057
3974
9457
9572
8742
8411
1888
7797
4597
6342
5994
7611
3076
4054
7108
5562
1304
5282
9196
5071
2627
6267
8908
532
107
1890
3364
3072
1526
2694
2087
6788
3977
3754
9328
8488
4249
553
7859
3400
1539
5511
8571
3115
5334
2223
6553
1283
2848
9206
4529
5960
750
1158
2569
4789
5065
8925
9464
6852
5047
8816
6271
1902
4254
9205
3633
9321
4725
8620
1312
751
7423
5795
3531
7116
7695
5792
5198
7884
5336
2081
223
2320
8165
6126
6038
2819
1185
4538
3422
5324
1088
1007
8352
2723
9240
6668
8861
6128
8589
7231
6557
4228
7893
3777
8536
4954
7626
5452
7094
9273
3727
1580
1515
2965
8592
3951
3737
8128
3167
814
8136
186
5197
5988
9662
6416
7442
808
7876
1026
6931
9069
9295
8105
5524
5995
4426
4387
7589
1083
5192
5732
7444
4148
1597
9508
9491
5387
4130
5288
2931
732
2960
7774
9094
6371
9030
1904
4115
2120
7511
6818
7576
6067
2341
4657
2285
3409
7441
2596
9524
9349
538
2083
5622
2404
2741
1049
4391
154
6924
2055
6677
2587
8095
6198
6109
1520
9010
9152
6965
2521
271
5469
3572
8374
8155
1377
1807
6939
7223
6082
7945
1533
5764
3581
194
877
2152
6690
3629
7980
7512
3961
5195
5456
140
4989
7971
6142
8548
764
4399
8288
5631
7002
9077
5068
8511
7248
4248
1363
9242
7452
2930
842
4109
5144
6822
4513
6004
5231
9368
2320
5523
8984
5008
6310
273
8116
8233
3166
3406
5664
8391
6458
1683
9656
5902
8761
4504
5125
2365
4904
2441
2265
8738
60
1030
4353
1346
4995
8166
3458
138
3316
1395
2079
2765
6646
1993
2767
4795
395
9014
1082
7957
3578
9060
6472
9159
4452
9242
8061
9
879
2866
4464
9878
3258
246
4948
5279
5920
6769
3237
4999
9947
5525
5075
5063
9603
6891
9255
6767
1736
330
1970
5889
1358
4307
5160
1000
4558
5194
6893
5753
105
3449
9259
450
6931
2200
9506
6400
7045
7487
8874
3625
5777
6083
8010
8052
3985
1409
9555
7561
9986
1293
8272
548
895
8575
8519
8950
5085
3947
721
726
9876
7484
4894
6498
6266
4624
8131
7403
7385
2855
9722
4249
1455
8345
112
5275
6297
7108
7014
3149
5638
9332
5766
8811
5176
8710
9554
8356
3680
555
1314
3097
6766
8148
3748
8292
1188
1511
1786
9360
3277
2151
175
7130
1571
4022
9093
2549
8462
3244
2653
7976
6933
7571
5087
544
1717
6082
1321
7555
5069
9775
3722
6829
1540
6624
7483
3306
4596
1819
4086
4785
5322
7654
9871
3487
9156
8636
7240
1154
9616
7005
9893
436
7901
3337
6164
9194
3061
3204
6575
5105
189
4230
4290
3502
8429
3346
5589
4947
6539
5787
7952
6643
9157
7867
2654
9279
7700
1600
1387
3080
8842
167
7939
8064
9881
3286
8927
8202
459
8288
244
1392
5243
8980
4596
1091
3363
6369
5057
5809
3046
2292
4614
3829
9052
3250
1278
34
683
6885
1494
1461
1816
3494
6263
21
6291
6225
3620
5142
4418
7386
4487
8250
5542
6560
1399
177
3271
1563
5915
1330
6542
5578
34
6549
5553
4109
9012
6631
2007
8893
7519
3573
6794
8783
9576
1748
2717
4574
4800
7137
2749
9915
1391
5659
7805
6364
8287
2491
1851
1101
6762
9119
970
164
4918
6238
3460
9713
4468
2181
7213
6989
3134
5525
9866
913
1455
6758
6983
9650
7459
8696
6763
8777
8580
6627
4186
4375
8744
9189
5822
6520
4779
906
2130
8400
2603
6630
3864
3338
8288
3004
106
2618
9924
5760
6780
5865
5792
6891
4908
1528
5507
2200
3641
8065
2356
2192
1583
8291
2051
9084
968
5279
6359
692
2209
2228
3394
1466
8309
4825
2894
3645
1361
4455
8590
4144
8853
2820
9846
8321
8582
1852
4280
4294
1013
2579
7264
4064
6043
411
5046
5572
1286
9203
2035
4826
6259
9232
3551
4551
2471
4325
8581
82
8634
1862
839
9186
9475
8212
3338
8763
8444
3729
502
9115
998
2064
9679
9630
4964
9329
5423
7897
9778
7321
2358
2157
2419
3763
7885
9620
9268
5295
5850
4256
3270
4197
5660
9151
1739
8077
4589
7831
7072
6283
7127
7556
8701
2919
3828
4194
9553
3920
9587
3141
8902
684
304
1312
9503
8681
6767
5712
326
3718
9494
3149
7879
6245
5844
6800
6404
528
7890
6886
4740
7592
825
3495
193
4801
3456
9499
9934
3691
67
5348
5707
2708
5354
2586
3893
4347
9647
3058
1310
8877
7504
3354
6788
3978
9677
2456
7074
7027
7789
9025
6030
2701
8401
1310
9858
6808
1119
4701
5225
7267
5777
6635
3651
4146
7442
5171
890
3258
2907
2057
880
4832
5575
5863
87
7470
6707
6215
5124
999
2424
2907
5901
1041
9317
3006
4307
4044
2727
7084
3228
4946
7832
4043
3099
869
9703
2641
6536
4506
1565
3816
4119
5731
8145
1198
7125
2538
1222
2388
101
4903
9576
4225
4842
2869
733
2609
4828
4436
863
6846
530
5823
8829
5933
6999
1532
2763
9218
7767
4065
9679
618
9433
8607
8787
169
2896
8119
5880
1769
2821
339
6982
8324
5370
3606
9201
229
135
7093
7813
2099
3642
4719
3286
8296
6902
2212
4198
5593
9774
2004
4620
6036
5224
8957
4792
6234
4082
563
9713
6708
8555
9094
4024
190
8840
504
562
3392
2331
2533
9082
674
6252
7579
6975
4714
5321
490
3267
684
3920
286
1995
817
5719
946
3100
6412
8814
2966
6147
9572
7379
1104
3543
4548
695
3096
9456
6398
1649
806
3262
7240
2922
3945
9783
7645
1982
77
913
3592
7296
9029
2788
8269
7099
3207
4470
7893
7404
4150
4577
9364
6386
9510
3294
5148
4035
2427
4018
2224
1033
6868
9034
3114
7023
4754
7894
1773
1163
5454
4430
8736
2053
2555
2275
8350
8315
5274
7449
7487
8626
1563
8994
7498
6229
3898
853
3412
651
4635
3609
9554
6059
8689
2558
427
9994
9674
1245
2344
5312
2697
6730
1949
9720
5840
7311
3831
7234
4944
6832
8761
4977
6531
3598
9470
7874
1536
6884
3125
3900
4482
1122
6528
1845
4875
2677
3363
9996
1848
8355
8641
4028
5104
2175
5929
4833
7044
7778
388
6586
7022
6178
5706
7802
4848
4576
9528
5091
3087
2553
8458
2789
8120
8443
829
1574
201
104
4844
3162
3947
3834
5386
6588
8190
4732
9873
4355
7668
4637
830
3758
6495
6539
6878
8304
5415
8725
6996
298
3149
8272
6909
9294
9897
5852
5908
6660
1345
4354
4631
6939
2933
7226
2638
3187
792
9117
9611
116
4703
5172
7422
8450
1723
4700
6293
1580
1565
2525
6158
1475
3108
4546
13
5675
6925
6091
6691
2338
8823
3212
3009
3314
5
3890
824
9269
3900
3690
7512
6297
9114
6880
5594
7977
850
8458
7571
5197
9558
4327
5095
8820
8195
3155
3831
8386
7213
6963
6262
4700
2426
7272
1292
1491
2162
4107
8445
7832
3875
7023
7680
7875
5012
9861
2361
6228
8951
2035
4824
8466
8519
1494
2779
4496
8117
4189
5118
6849
58
2437
2056
6937
7428
2811
3871
1842
5587
4103
5814
6742
13
9738
1321
2535
6647
7220
3807
8334
794
7603
9435
5177
2138
7795
6180
931
4492
6796
3374
7973
8988
1595
7774
1437
4966
743
446
2200
5989
519
640
4848
6221
8081
8453
8781
172
244
7848
897
381
6784
6054
2455
3002
6879
4798
9632
6631
2939
7349
8791
729
7841
7753
8417
1964
9883
7568
5904
6773
1607
2345
275
6963
4586
8955
4057
9342
7399
759
4248
8947
2476
7591
2204
5541
5319
8435
8087
5944
814
5569
3049
3169
1848
4119
8379
327
35
6817
289
2676
1944
4124
8774
4438
5778
5491
8416
7923
740
290
9231
2180
3101
9844
8252
249
5549
2876
6645
1448
9481
9959
5958
6037
9295
7106
5114
466
576
3729
9306
582
470
1571
7003
8352
8817
7765
9762
9827
18
163
5203
524
6337
868
68
2004
5867
8130
4778
7159
172
8840
3194
1984
8165
2736
5143
8672
377
7949
7347
7011
983
8649
1710
1529
2840
9899
1432
7783
3113
6817
1429
9317
4755
5434
9699
8427
7037
3110
4599
2445
8950
2146
410
1629
8377
5019
187
6080
2622
1089
9450
2069
2815
8192
9540
7688
9157
8539
9163
5967
6698
6994
4045
3354
7410
3876
7228
2731
3036
6715
1635
7266
3349
4902
8060
8837
8239
81
3152
7821
9712
5351
5161
2024
7367
9359
6501
6563
5894
2011
9269
8498
3946
8632
5747
1956
8100
7055
4218
4500
7790
7456
3044
5906
9454
2183
8720
7913
131
702
9448
9076
5386
1341
6255
1347
1833
2021
5986
8050
7374
664
6836
1024
7446
3136
3319
4717
9154
6104
736
1183
5862
8651
30
2256
2306
9254
2569
5183
639
8588
6432
5191
2563
193
3111
2605
2376
4399
122
6079
1068
6167
7125
7125
619
2019
8460
6317
8863
4002
8759
4026
9966
8264
3214
6734
1310
3998
9040
2579
9452
803
7411
8786
4232
1645
8461
7253
25
714
2340
4754
5981
4657
115
9694
1526
2905
1636
287
793
6251
6320
6637
9829
2405
5224
4299
6978
6376
1294
8377
5359
7543
6627
265
8756
8338
2892
8973
3558
1207
6292
8149
1661
4004
8045
5309
8149
3519
5208
8405
2361
8752
1785
3200
4483
773
8957
1827
6420
4162
274
3649
9420
3962
9395
8438
8029
9849
937
3188
12
2663
6729
9586
9959
8170
4975
5824
4360
9915
6150
3459
1168
2888
6015
6606
5758
3426
5782
7983
9380
1064
2552
9396
933
2643
8728
7698
4609
9606
7279
8299
2581
2020
8393
9698
2023
2199
3240
6312
5797
3133
7467
6505
8012
6814
2480
6531
7946
2788
2680
4603
4067
2954
3807
8947
110
7333
8652
7316
9441
7277
1215
4753
2635
7850
877
9148
4495
6317
4583
3558
185
9470
2185
6247
3597
6047
1383
4118
162
2196
9751
1820
6926
2676
4231
9627
8212
9445
9588
4690
3546
5924
6870
8520
1917
2714
3870
161
5936
3332
2036
1629
8205
9121
4417
4597
769
7560
5350
4063
5949
4533
7153
7245
7525
9395
7826
9958
3618
1250
935
5049
6728
9892
12
4261
2599
3664
4330
882
2176
1222
8182
6829
160
8121
3615
7805
8259
9634
8858
652
4095
5525
8741
9012
8770
9625
995
2522
4887
3911
6542
4686
2397
6987
4901
8312
9108
155
1997
7104
3229
4467
1886
4726
6351
324
7084
9403
5780
21
1698
3984
2392
283
953
1203
1151
999
5490
2974
2669
1808
5995
8264
4680
3495
4432
3172
3220
5302
8696
8103
7637
1754
7422
9627
3638
4014
2660
8446
2540
1591
6741
4865
2213
2558
2293
2113
6033
3697
7161
8108
4665
9022
4434
1421
8472
3621
46
2855
5892
3911
6182
478
1325
3594
6346
638
2860
1326
7564
7136
8339
7044
434
1078
5066
1129
6051
2121
1202
2318
7139
9523
8140
587
3438
8614
7319
6000
1155
17
3968
9804
2554
8628
5408
6263
3540
8618
6211
1655
9252
4707
6133
25
9769
7620
8588
3355
6355
7342
7570
7924
1653
3573
6772
6659
2338
738
156
7731
3318
6860
170
7547
3167
8534
4489
1805
5670
8802
7589
7433
5910
9547
3065
2432
3390
8114
817
5817
26
3964
9645
3812
2446
6044
8151
8980
1856
8748
3925
2802
8462
8479
8336
2392
4536
8585
6858
1235
3130
6782
7685
7552
9753
136
2013
2106
507
4339
3269
4223
9920
4338
7705
9353
7214
6358
5100
7123
382
5508
9949
6921
4877
4787
8971
7430
1210
673
7896
4804
1255
9582
2686
3244
6279
2093
4058
2310
4030
6045
8473
7516
5479
9701
2881
4123
774
8982
5178
8177
3485
9735
852
7621
6833
764
2675
4966
1165
4582
895
9834
6443
8465
2968
338
1651
4461
3074
5121
2300
2790
3092
4337
7035
2432
1441
5175
1905
4847
6656
2227
5494
9718
1319
1520
8729
5065
6410
5514
9417
9092
1145
9447
5149
8639
1073
7014
6733
2543
2472
6313
5907
56
5877
694
6642
6514
586
4401
9322
7499
3060
6317
7926
8667
4339
6724
7145
1447
1608
6586
8050
7560
5703
3207
1645
3645
9188
8396
1358
4427
8442
9361
2375
342
6319
5437
3841
624
4878
2215
4478
2009
6192
1918
6031
4827
1520
6481
4299
4349
9868
5285
935
5886
8263
8347
4353
2669
9049
2997
7326
2190
3042
4894
9056
3699
3942
7584
2347
8901
2882
6521
6569
9392
2107
6041
1367
3784
7176
6817
2124
2706
4096
7009
4559
3156
8426
6489
2079
7972
1084
1172
1574
1880
4889
2288
8967
1297
2861
2332
885
3936
4133
5397
1466
3346
8716
1542
3778
2221
6980
568
5492
2231
872
4619
8093
6032
335
5899
5272
7453
5504
4375
7817
1710
4947
4688
4503
9819
7074
69
923
4844
5932
8188
8573
8699
5543
1212
4440
6883
2710
9857
992
516
5679
9342
1008
270
4194
2934
962
6961
7059
3431
8431
9757
7580
9756
8399
4027
7039
3958
5147
6910
9645
648
6299
2684
6045
9394
489
9122
1459
8389
4742
5646
3383
7300
6031
5604
3680
4233
5624
4139
9107
3961
7785
2500
9756
8815
1118
5787
2813
413
9844
8752
4709
4081
871
5031
3043
8323
4224
4800
2444
1840
5502
8670
8689
2784
6374
279
3724
2795
346
2805
8334
1008
7803
5683
2863
3798
2928
7230
8275
4702
6308
1046
8544
5990
937
9301
6429
1000
2561
5356
9
823
1694
7266
8458
9115
3811
6971
2441
838
2062
18
66
7039
417
3701
6278
5187
2167
9244
5395
6994
6525
7742
5532
4456
125
2699
1847
7072
3850
2724
234
4990
2796
7510
9313
536
7225
3747
9987
5956
4788
7436
2640
6290
980
1505
5572
7235
3022
1242
8832
3316
9961
3014
4298
3952
1734
4002
8989
1112
5123
5368
6988
9337
9784
5075
4243
2907
4388
5741
7961
8419
9257
9438
2205
9089
5101
9241
3476
8620
7126
4612
4049
2608
3892
6918
5029
9781
3212
5360
8802
3222
4758
8875
833
9420
447
3303
6506
5904
7262
2665
2846
7280
3280
412
4058
522
809
5209
8850
2492
526
369
3985
510
1318
4380
5444
2866
46
4462
9695
9027
6939
4738
3661
382
8605
2785
8641
1798
2735
7571
1358
4461
1766
6769
9327
3480
2859
4506
8971
8003
6510
6309
2696
4389
4889
322
8101
6067
7858
3639
5857
2800
2970
3818
341
8541
6750
3675
1916
8023
6567
7051
9757
2954
9010
9523
8744
4549
5052
1964
6
5540
5490
1691
2517
629
2042
9272
5492
8283
4684
2574
3940
9095
1714
8558
1491
7947
6427
786
6729
9184
2590
948
1435
9458
6552
9742
5378
5366
1577
3551
1014
5894
3633
317
7309
1278
1301
9711
6499
7478
8182
3633
3339
3993
3111
661
1239
452
8031
797
8121
4266
5234
822
2949
4542
256
3058
4076
2299
3893
126
6705
1132
1559
8045
5462
1397
1248
213
6645
6715
4287
9251
1001
8956
7608
7441
6347
5891
8502
4925
7334
780
5429
6748
659
2810
7367
2767
1021
8243
5635
4199
3584
8056
6928
2206
2433
5065
5198
9842
9204
7818
4151
1405
9978
5983
9821
3993
6933
2814
6710
8185
3796
8968
2792
5924
5702
4811
7385
2651
4030
8480
9192
8402
1080
88
5666
2945
2028
5401
5008
1281
692
8660
5720
9516
6629
4024
6769
4676
2989
3374
5834
8206
1532
7449
402
4616
5264
1003
6504
7621
7680
2547
5812
724
8626
5749
324
9890
316
6876
1964
1531
7806
5429
7492
5136
3247
3276
9295
1678
8042
2709
9661
655
2646
985
6869
3630
9685
1050
7681
1025
8897
7386
3601
8145
2848
4996
890
879
3699
6879
4359
6113
1409
4302
400
6103
9957
5266
1368
1988
1707
4825
9579
4970
2885
5156
8077
7640
8880
6694
204
9266
9195
938
2634
420
1827
9347
2287
8250
2385
8416
7979
1163
8349
3548
9245
8343
585
765
3673
4419
9681
5693
9317
4071
7806
8630
5259
7692
6919
3249
1999
7005
6674
5093
6918
471
1668
9980
4276
610
2978
3118
9602
3291
6846
8416
6621
9337
5910
9733
7055
8114
3020
5785
9585
3502
1621
8562
2613
3196
4087
4595
1331
9136
6416
974
4488
3256
6630
8774
6675
605
6489
3063
1441
6562
6090
6025
7225
9390
2009
5922
1781
7185
6193
3884
3984
889
5508
3416
8849
3105
7366
1079
6523
8382
1787
465
6874
5871
3928
3365
2706
7135
3058
6450
1625
9957
4344
3022
7411
5595
1337
3223
1187
8164
2814
4146
2942
2532
6989
3599
7748
3213
9924
3570
3238
5409
6539
3058
4775
5625
9150
1353
5462
8643
3215
4645
4127
9743
2258
4027
6545
2485
6005
3254
1768
4143
9891
8358
5568
7641
7522
4342
8881
328
5617
9493
7210
9487
3211
6215
3417
1285
8246
1785
6444
9983
7760
2543
4948
8168
18
3199
273
2962
7054
5262
7208
6670
1802
9094
5518
8181
7490
7134
8102
4808
2471
5133
3026
3722
7435
4639
6531
6043
609
5259
4239
4219
6810
1784
6382
7348
3409
7400
7622
4323
4069
5919
3274
354
2284
540
7684
4116
697
5236
3795
1111
3683
1636
7512
2627
9517
1225
733
5378
6667
4230
2353
1794
1023
2989
9859
18
2711
8169
4771
90
9512
3778
739
6552
1858
2671
1438
6894
6954
2414
5345
5373
1463
3127
536
5174
4272
3755
7830
2184
6666
2243
7656
9838
3565
1479
9331
9294
680
7666
1405
2527
464
3705
1598
9904
896
959
768
6845
9787
3839
8424
4252
8884
6979
330
7895
2453
4685
5746
8956
339
2587
3423
7269
6122
900
2986
378
3339
2143
6213
9288
1009
2817
4908
7758
1528
632
4277
3312
2987
985
2396
2827
3819
3403
953
6585
1149
1436
6841
5995
1920
2448
2188
7877
282
4329
3781
9996
7973
389
3505
7643
7625
9135
3242
6066
2071
2572
6366
1820
407
2433
5968
9353
190
595
3450
2718
9946
6400
9229
1903
5301
217
7367
8561
629
7031
7475
7199
6850
4281
5339
2597
7480
4752
5201
4683
161
4886
4514
8576
5070
5021
5587
9486
6479
2835
7686
9686
879
1063
49
1572
1159
1602
2342
7408
1768
4681
5437
5039
5096
9167
4970
6126
7094
3371
1873
5438
5394
8766
2557
5059
1886
653
6833
280
4630
7880
2081
7794
9345
7789
6319
5787
4232
3767
1438
5877
2410
7793
2915
5479
9449
9475
3479
5902
50
9461
2392
3108
961
2248
4292
2112
8505
4989
9686
505
4768
2061
2777
3887
2600
7643
5693
7307
2847
9183
1893
3327
1932
5995
3027
7600
5851
7077
5610
2410
7174
930
229
5168
5488
8972
6832
7097
3497
4207
7281
9243
4081
932
1108
348
5015
9027
2879
1806
3782
6172
3055
867
7567
9065
1176
4966
9220
6692
6260
1428
9378
7275
3331
3838
1831
7609
8399
3628
810
8595
3809
8639
1902
2650
9246
1000
4886
2678
2584
6823
4198
3804
8628
1001
7875
9362
7601
6422
7796
1866
7876
6805
7947
5852
9864
6805
7600
7270
8517
7406
628
9251
995
5186
2362
4415
8965
4916
9819
175
79
6542
4107
9436
7230
5574
8647
2330
5962
2469
8
1976
5831
8944
718
7004
692
6049
2786
2440
3399
7615
4161
5177
6195
4947
2808
3441
8639
3460
397
2684
6603
7620
1786
1334
2697
8510
8622
4289
8157
5270
1307
6048
7398
8652
3419
2051
4467
5357
3722
2916
2130
7378
6775
2463
2380
8929
3241
2283
2766
5206
3691
2502
2071
7324
5373
8211
7157
9384
4307
2182
7426
8496
4283
8129
6308
8113
7779
7543
1527
756
8974
3281
9737
7481
553
9224
844
9322
8953
3767
5268
6339
1522
2950
1578
8804
3976
74
3278
5207
4894
5083
1050
1539
5489
3634
3094
8645
6155
4267
1150
5698
755
2010
6232
409
2765
4590
6770
6148
7367
7834
430
539
6913
1086
6973
1332
6551
7503
4136
7705
4264
6320
5862
3890
2230
8197
1991
6919
6130
2198
3166
4685
2617
9570
5584
9512
6718
1168
6039
9385
3303
7130
7840
7059
4652
510
4626
4402
6660
1761
2094
8652
131
3444
1434
4434
6148
2341
8179
4567
2598
9851
18
5168
4668
5744
7922
7343
5502
7461
4613
5382
1464
4750
4402
7133
8479
8802
9238
1719
3571
7588
258
4368
103
4514
4554
9172
8136
1149
3364
4377
2989
1471
6786
3451
7112
2671
2391
8908
2588
7283
8900
9199
7148
6712
7188
5380
9042
4300
5955
7345
3103
6459
996
5010
9593
5649
5064
153
1190
8749
9206
4352
4096
236
2392
9992
7964
950
20
5808
6411
330
9131
6288
8688
1059
7220
3391
7326
9174
130
3835
5194
6018
1274
6530
475
1776
3858
1462
7606
2237
7718
3839
8076
4547
5102
6911
4319
7195
7416
8091
4280
146
934
2773
7328
4708
6321
8533
8429
1673
2827
2015
8619
5371
9158
8078
8961
5862
9517
6187
7092
8558
8201
4173
2611
5292
8211
4140
5956
308
9071
130
1758
2038
9555
5047
5084
8501
9202
5766
5455
5324
3032
5933
9410
5702
5219
2704
5389
7024
7949
8457
7678
1228
999
5721
1945
6760
161
2036
6496
2180
2576
8121
2602
2696
257
6581
5816
4110
2993
460
6659
3750
732
1767
5525
2268
4762
6909
72
5506
8751
8932
2358
613
2452
529
1038
3833
3102
8324
8340
7166
9270
3274
2747
4911
3330
6714
5444
8637
6888
1278
4030
7489
1798
3927
496
9232
195
9677
1997
3251
1963
989
3428
3644
5763
1989
243
9727
5543
1982
1008
4669
2120
9493
4480
7458
9019
614
8937
8048
1464
1434
8618
7473
4901
4869
8815
8525
33
1805
3637
3425
6326
5088
5202
8280
9845
9103
9148
1341
6471
5717
3094
4905
269
9360
5368
2304
9447
3037
213
9581
739
3949
1786
528
2371
5955
8742
893
3173
1718
9694
3737
8345
7583
8343
7031
4290
6199
7612
9916
1466
7596
1576
5747
8339
3712
7204
5540
9500
6510
9078
6995
1592
4056
2685
2376
3301
4674
5908
3889
360
8254
8167
4753
6022
9357
6560
2685
1017
8336
8013
3247
5425
296
8114
3142
2372
6039
2188
8658
8751
3201
1393
6662
2639
2699
2144
4288
4897
5966
3730
9616
291
3723
9555
3212
9428
6823
9725
8982
7152
4518
4523
1163
8497
5830
1570
1295
5941
9542
3
7262
2485
7249
5138
7158
6860
1505
2113
3323
7213
2271
7787
5050
4606
8396
2956
1701
741
4902
3714
5549
6314
3206
1506
4232
8678
230
8165
6809
1128
848
8347
5354
5963
6468
7131
3041
8584
2396
6351
7923
4709
6401
1768
4880
6730
9472
6556
100
2874
9868
554
1038
5828
4454
948
9278
5742
905
8480
6630
3339
5304
2194
6365
3923
2432
9087
8138
1265
9914
3117
8345
8550
5791
839
9912
1438
6626
7501
9206
3673
8064
3934
1260
294
7308
9526
1508
5520
7853
7298
7678
3916
9721
4583
9405
4207
5403
956
4298
384
8418
8834
2959
6751
2209
2488
36
3614
1035
7840
9116
3403
9273
2956
5275
1370
933
6071
6615
2905
7579
2618
3412
2616
5438
4428
8828
1208
1433
5704
6035
5669
3203
8821
5255
9229
974
4509
8084
4820
9490
7893
4484
12
8181
4274
4642
6765
9308
8035
3273
9332
4341
1392
2805
5800
5422
343
1312
7780
3659
8828
2180
5331
1804
3447
200
452
7701
6045
395
6424
7986
1794
3415
9685
8133
3399
4434
1163
9785
2063
1900
3398
2430
6702
1328
1811
6016
9454
3807
630
3196
303
1160
661
5713
9152
8208
4734
4074
4190
9064
3263
7639
6849
1345
2546
7976
3120
7666
2022
5908
149
7994
1596
6927
8782
2900
5101
2118
8388
4435
8246
2237
9764
3228
7682
634
2753
3971
8981
5191
9700
7088
5595
2998
8637
5758
5581
5357
8781
3835
2895
1788
1784
4722
3046
2309
9563
3733
6930
6251
3106
2615
5686
9754
817
1025
7875
3620
3663
1912
5222
9148
8685
6831
6208
3061
2399
8597
8290
3023
7319
9744
3337
4553
1539
6457
452
5042
181
5373
1070
9020
7040
2729
2085
7084
1402
5840
2180
7611
7883
1960
1693
6869
8612
3747
3103
4953
8513
9985
9909
966
5443
3907
8932
3361
9278
1133
8214
4360
572
2832
3438
8289
842
6202
2107
5956
4746
9123
1658
6559
6417
679
5139
5358
8050
6467
5940
7792
3354
5499
6528
196
5463
104
3576
3133
3796
8723
7805
269
7625
7820
7039
5051
8521
3403
6027
2410
1639
7147
207
9389
8326
3350
4549
4764
8767
3573
5310
2810
5192
422
1005
5073
6303
3242
2826
737
2625
8974
2159
6022
1318
1389
8933
8596
3639
88
6837
4646
440
3529
6152
6207
5292
7139
1869
2113
5555
8812
4365
223
3413
4995
5076
7203
6814
1966
8747
5279
577
5289
9785
2665
4988
4185
8071
6937
4416
5952
1124
8678
6736
663
2370
1663
4270
4798
9780
9164
1373
712
5182
3812
4608
1936
2608
6322
6313
1730
1781
1673
1341
1557
4068
5151
3744
3486
1219
1107
9067
4932
7696
9602
7688
5686
3486
2749
2624
3413
2933
2016
2185
9582
3905
9865
106
5972
8057
3051
1576
1748
623
2686
4171
9450
7337
5178
6595
7219
7918
783
3579
8673
97
6441
3015
5580
6124
8921
8449
9859
3697
2900
8797
9765
9488
1758
7652
4203
5044
7772
5428
8167
9530
7318
4308
5010
5431
8237
8348
8307
6153
5405
5494
2149
8436
3511
9485
7464
6850
4526
9847
9136
4602
1716
8050
7723
3888
4406
9961
5579
7526
2392
2174
146
5354
5412
9142
2779
2133
8004
148
7886
572
141
3705
8292
7406
6647
1328
5976
2272
188
7353
517
7924
6292
3564
7814
9267
6584
1121
1025
8276
2769
781
3761
3230
5347
6794
3024
4368
6706
5330
8845
4377
1960
8563
4460
8011
9758
317
7241
3077
3984
3307
7338
5038
1656
2221
9061
1847
1328
3511
5548
6883
9123
9610
7803
9360
9943
5061
2058
9852
8303
1608
5566
4857
8507
6140
5964
7728
9104
9802
9508
6266
3880
7947
4291
9462
3443
8723
1573
3125
7733
1177
3040
3194
9782
1962
5254
2350
760
5099
8067
4696
8258
7388
4774
2376
7740
2481
6531
5516
6257
1332
2742
1525
4003
9282
3002
1175
5319
8341
5917
1220
3488
8933
2119
7126
8567
2371
5075
6545
885
3614
6968
4005
1735
4811
8007
6491
3173
1914
1721
962
2191
6057
6867
6400
8434
1514
9191
499
8959
4078
7030
2419
9182
6846
1208
9325
5268
7648
3808
5368
7405
9986
4630
2643
4364
8737
9790
9191
1274
6510
8002
3404
6619
4955
9029
7431
2065
5719
8691
7053
3180
4575
7585
6807
6583
4549
4823
4888
3603
8682
1223
5524
8105
6352
3556
2205
1426
4224
2035
9696
1724
0
9225
2448
6075
3626
5799
4226
7817
3777
7260
9549
8956
6755
2188
2830
2400
7823
6060
9815
3914
4901
5587
2591
5287
2477
5298
266
1399
6823
6004
7840
3683
8994
5329
3180
5349
5136
731
2956
8749
596
7071
9825
1421
1673
6568
1350
4164
725
9805
3603
8163
2220
5782
6822
4412
6633
7161
3598
8328
5533
2827
994
7773
9419
5865
9961
1426
9007
7481
7263
7091
3103
1065
3317
7830
5762
1170
3613
5909
3947
6102
674
7018
2401
9677
1462
3212
8506
8767
8715
7975
7133
4628
3216
7769
6076
2052
2001
5808
6606
9924
5156
3244
2541
6511
5060
1154
2464
8992
8650
5463
3547
7689
4380
9430
2153
3975
5371
9742
4402
6749
2919
240
8766
9288
9958
8475
7849
5548
1753
3709
9168
7805
9302
4023
945
7429
4476
5890
4617
307
747
9513
117
3251
4427
9443
248
3785
5616
2100
6680
2259
1405
9857
7004
4916
4478
3252
6552
6584
3305
6916
7238
4940
6294
5742
8387
356
8485
4723
9498
9481
5125
4094
6001
3406
122
5514
4861
515
8226
4064
9931
9652
7028
6909
6400
9444
7019
6029
2951
1224
9337
8032
7002
3831
2275
5177
6957
8684
1056
9891
5300
893
2601
7199
7133
7310
3856
3598
4794
8963
8391
6037
8357
9241
6984
7585
7911
9385
9342
8942
3337
2455
1771
8274
144
7093
7092
2169
1130
4944
8556
6176
9458
8334
8763
9038
7051
9829
9776
9089
5587
3420
1234
3988
2832
3300
9674
7761
6847
4689
7266
7572
9342
2113
6554
2844
9122
4326
7055
40
217
1687
2467
9849
406
2215
6578
22
477
7946
534
8081
9609
252
3355
9916
1221
7783
5442
6843
7419
9331
5322
6441
7678
984
6833
7344
1780
5919
9915
2724
2774
9735
8871
3900
953
1385
3581
616
6721
9651
7283
8901
4154
9184
7962
9089
8758
6638
1623
1339
8883
211
2621
886
6365
6025
2170
9421
5381
9234
8242
4558
8030
7810
5307
9873
1381
9455
8962
9835
4201
4826
122
7767
2047
6420
2287
8494
3022
7744
8586
5141
4296
8576
3840
2563
7114
7984
7534
4927
9214
4159
5234
7487
1408
2725
870
6344
3876
8089
7708
9303
7675
1787
7137
4057
88
4853
8839
9944
3738
3676
6399
7637
647
3101
262
9453
3969
2744
2758
3396
1920
4034
621
42
9591
2635
6359
9322
5549
5943
4617
4932
35
9283
7465
2508
1439
9782
2474
2260
9145
7590
1189
5537
7759
7596
6839
8307
2463
1417
2374
1132
5330
4312
7382
3641
1166
7094
4465
7453
8494
9516
4394
7795
9058
1467
7602
1363
5635
7753
8014
4187
270
498
4250
4330
2845
5083
2283
1995
5795
8052
6859
4132
3568
3485
9602
5723
1900
3824
1342
4344
5317
5020
3766
9629
3195
3393
6479
6292
9994
5475
2671
4709
3402
8187
862
4832
61
3052
795
6082
4811
2470
1658
442
2657
261
4226
5573
1865
1878
9462
1810
6410
3670
8869
5249
6731
4621
1134
9452
8604
5991
2000
319
5380
2149
729
5381
2623
4769
5661
8848
3029
5260
9532
2846
3362
3324
6971
2933
9166
906
4427
8116
6013
860
8298
9732
9317
5612
8101
5440
1918
1342
7478
8820
469
1338
5061
507
9532
8845
2949
7095
6216
614
8781
1150
4137
6022
1886
3406
7649
8200
285
7697
1564
3884
4306
4519
3850
997
6064
7010
6668
220
6930
1686
7781
712
2377
2023
8262
6464
3401
321
7956
7331
1899
5398
2079
7147
5594
3294
3725
4694
7791
3717
1056
9780
7256
6585
7032
542
6657
8534
2781
5938
426
5995
3684
7094
3369
3425
3645
9862
5144
1185
4798
9964
9741
4232
1984
8907
2440
6702
5402
2769
3285
1974
2429
3212
630
8000
3455
5791
4991
7720
9807
4867
7540
2017
6904
5903
1714
4984
3778
2169
9649
3862
9550
6606
8918
1092
39
3024
4600
8124
8102
9954
3132
11
2653
8452
3566
471
6464
5368
9969
7854
4871
7423
1378
9931
2424
7723
7327
6081
7193
7455
2924
3233
3120
9422
2423
5822
4293
9538
7961
431
1190
6867
9618
9852
1735
7528
9364
8451
2336
1242
8520
8410
2200
1794
8991
2126
5228
8987
8667
2315
5696
8519
930
646
7029
9898
6891
3230
6029
7744
6178
6926
7406
9537
6663
8003
7805
1525
8196
4895
8359
8875
3744
5950
8934
4514
1032
1325
431
297
594
5306
870
5645
4735
2671
5937
8971
2823
1836
637
6133
2422
4592
5064
1594
1003
2662
5131
988
4320
3703
790
3772
3956
6820
4774
4979
1711
2515
8865
5565
2799
5731
7149
872
6055
1761
4802
3992
2066
8834
8701
6360
4257
2225
6453
9151
886
7340
3511
8370
6194
9442
5976
6891
4515
7097
1688
7914
7896
957
7259
308
2970
5072
3333
6690
7442
4191
5538
9242
7860
1138
8921
5486
5001
4430
9514
1730
367
5622
4092
4371
9004
495
9371
3356
9755
258
6356
8958
72
6887
6096
1108
1574
8393
3390
9185
8892
9762
1709
6694
1801
4268
510
5055
521
489
1889
85
7583
9958
7547
2273
6864
2887
1304
2474
5700
9976
6935
7184
7835
6580
9170
972
5042
7812
3911
6608
1039
329
2838
605
3913
7397
2569
4735
9985
4315
2835
9265
8368
6271
1374
114
9340
3823
4244
8686
7088
915
3484
8916
2826
4524
8859
5221
5098
9537
12
2708
6578
5281
9045
7253
7119
6941
8359
9466
318
6568
2489
1385
7140
7670
8815
1563
5205
9056
1632
1219
3568
5224
9519
124
6844
3922
7778
9389
8538
7348
9637
447
4302
127
2687
3087
7225
4121
2994
2398
5463
4777
8368
520
8426
2099
1775
5156
5709
7295
16
6042
7904
8793
9139
1353
5762
8921
409
3197
9163
8970
928
2970
6931
2041
7082
7012
4982
5728
4337
1084
6062
9234
5755
8790
6856
8999
1698
4745
2146
2622
3680
1242
7331
3594
2542
5509
987
1334
7325
8304
3712
9796
3235
6493
3849
5398
3588
6384
5017
4763
173
9980
2958
8931
9980
8670
3037
349
4496
6763
7223
5663
1051
6540
5289
9685
5638
3336
9499
1572
6024
3648
8403
6033
7372
6265
5998
9262
4940
1458
5410
5313
9728
7383
2448
3699
8284
8400
3614
3872
2472
638
6837
561
1081
8048
8744
6694
1203
4163
9759
251
6885
3444
8738
6524
1577
6924
1559
3714
2671
3775
5408
3038
1352
1909
5935
3668
4091
1590
1401
7238
9722
5627
9100
5386
6811
7841
4952
9323
7521
9304
8058
777
1698
5159
8428
6283
8644
5923
2121
1359
6840
9900
1200
8696
5230
3798
9209
9171
2113
5076
2602
9613
2761
2521
529
1258
4344
3351
9713
3736
1972
2236
6193
3367
5717
4630
1340
6192
3480
9651
5023
8168
9469
42
398
9821
4426
403
155
3012
8631
5780
7210
2445
6701
8444
8015
9176
4630
7170
1938
5292
6210
8384
9387
4604
3707
7832
2979
599
2458
3017
5690
2461
52
4434
144
2719
