5786
3766
1967
3961
561
4039
6303
4793
3656
2379
2197
9056
4216
7486
1459
6900
494
933
8658
2782
3829
9106
1530
5292
6065
2886
1922
5990
6271
7750
146
1287
8592
5471
5389
6507
8839
3021
4882
1778
496
3102
6324
3833
4437
5079
6482
3302
3363
4303
4294
5748
6179
3097
5910
6680
2236
6674
7895
7674
2116
312
8521
5905
2232
909
464
8745
2096
4951
8060
7472
6050
6879
2286
727
2781
7697
855
986
6404
8620
2627
1967
3455
4398
5108
5494
9560
8709
4271
2164
5126
7207
9662
183
4580
418
1600
3527
4615
7736
1205
8411
6242
6822
9697
9299
811
5183
3898
4539
5819
6909
1270
3495
7685
6554
2449
7834
5801
4970
9185
3387
679
5896
2346
8842
7217
2102
6146
2362
6096
7328
6371
8668
7415
4215
5724
6633
4700
5808
4682
4376
4811
9732
6344
8216
5937
6166
2497
8025
7969
3766
7725
9644
8551
7818
7731
345
4475
854
2082
8708
9036
1535
8442
8491
538
2601
6080
3469
829
5816
3133
9993
287
4808
8575
947
9552
4130
2905
1050
9605
8121
4393
2329
9602
6726
116
9596
6484
5378
2158
3845
3725
5973
5340
3275
1289
7853
7678
3335
86
9027
7196
2152
632
7731
9356
3743
9242
6784
793
344
7949
1032
9103
915
7142
6113
8888
3811
2485
6483
6985
5450
3658
9287
6268
4314
9467
5300
9657
1698
6452
9569
964
577
925
2240
1697
1870
7369
6373
354
9699
4585
1813
5896
2693
6869
4424
6133
5176
8964
3866
850
3602
2042
1745
8494
1344
1463
5042
4275
3942
7127
9095
3892
8379
68
8526
9990
4901
4416
7017
6442
6111
6129
7286
865
1844
3391
3574
7444
5042
9166
4480
2734
2585
8718
7361
8534
9179
3746
352
407
2327
2097
6412
2572
5489
7920
7516
2624
8342
4434
1232
760
1946
7424
4738
7473
4756
879
6650
7953
7888
7597
9232
4775
2646
6361
1307
9661
2706
9991
810
1154
4063
6610
4114
4013
9716
4713
5375
3924
5874
950
9102
608
7933
3720
787
5161
3980
9887
3778
8300
7096
2399
2518
4729
2865
1636
9926
9128
6613
7855
9918
8350
3623
78
6696
5336
3309
725
7756
42
5503
2725
2078
6938
8495
8623
6842
8925
5573
6145
5681
2819
6213
2510
4058
1664
4091
9385
1148
8080
4787
6247
7310
8019
1031
751
6985
7855
7023
5450
1852
3254
2130
3736
2796
4370
321
5580
6234
4241
4794
1000
3554
467
2174
7099
2137
1112
6019
5032
1244
3924
9576
9676
5255
9256
5415
4058
5906
7743
1638
8986
1902
122
4292
2426
688
2477
9714
9687
1342
8511
3150
6906
3286
3787
2692
6842
5845
3932
8614
5872
1836
1990
4206
7928
3678
2454
8481
3540
8955
6262
9673
8490
2602
5807
9097
3431
6174
9748
6411
9660
1398
6331
3689
2733
773
2670
6390
1467
6563
8572
8213
1973
9129
5766
7150
9911
5916
6364
8748
8233
3996
6174
732
5080
8837
4659
4304
7478
4689
9260
667
6096
7521
8953
4474
5504
8300
1472
7154
1008
6063
7013
6976
382
8048
7700
9361
6836
8657
9186
7515
9810
1000
8177
5664
5223
5598
8609
3896
6114
8365
8912
6778
7302
7904
2116
4451
175
1292
1646
1610
4444
9209
7739
2170
6982
9197
350
7031
1137
5298
7467
8821
5503
1745
857
5096
9344
3289
9250
9905
9691
7576
1040
2642
7151
235
9673
2478
5932
3248
9185
5544
7010
7575
3071
600
3260
6006
8681
6026
5248
1578
2759
815
898
91
1275
5557
7046
7020
5107
6886
2041
1740
1919
6867
8168
5097
5018
6747
9524
7871
1099
7888
6113
1923
1810
7927
8674
256
1836
3337
4608
3224
4656
8112
4817
225
1743
7060
8960
4116
5431
8912
8141
2299
3502
5270
5656
6203
2431
8162
988
1934
6501
7377
479
4870
4702
8975
8280
3347
6882
6790
5183
1769
2277
8817
7084
3806
2050
7943
3354
7958
7787
5407
2440
2186
9747
3814
8420
6540
2270
2471
7824
3674
2349
2674
6722
7279
7633
9947
5523
2768
8779
5612
7234
8641
3728
6371
21
4684
8185
1849
4152
4488
4808
3029
4147
1093
4936
8292
5122
888
554
1740
1077
4410
8965
1509
9420
9603
2095
9804
6173
2103
2420
585
9178
2174
8173
3799
8458
3376
3792
3736
8354
420
8318
3336
8865
9319
8527
5628
2342
9340
4824
4634
2214
7039
4535
2823
9675
2218
6951
418
2589
8381
5676
2049
2068
4222
3851
1972
2919
1137
9833
1746
7095
6818
3386
656
6092
5629
2643
100
1076
6466
7461
6833
7278
7785
8371
2139
7639
5350
4123
6240
6424
3374
1146
9973
4744
6268
1268
4643
5468
6554
2709
1205
9506
3078
7539
5395
3652
3878
6730
4046
9574
6851
9342
6123
919
8842
4770
4282
5851
1711
4332
7569
7013
3593
5321
3721
5671
3412
5912
9823
4360
8000
4632
4521
3757
6256
7326
4200
246
2975
8486
3761
8619
77
6665
9573
4031
5022
9054
5901
1497
6985
8792
3756
2221
5139
4192
5912
7757
3817
9724
239
7966
6906
9685
1574
2218
4821
2366
4662
1516
570
4036
2875
3224
571
8949
6936
6928
5747
9689
648
4358
10
8326
7375
9208
875
2299
8617
2063
1413
6442
6428
3251
8247
5794
1713
391
5091
7354
9210
2656
4391
4385
927
2949
5916
531
1649
6189
7256
8984
2009
4127
9075
5880
7956
8580
2310
2366
1343
2521
3748
2599
102
4128
7607
9624
4977
4777
7236
6544
1836
8392
479
7992
9967
5624
7398
4425
3291
343
649
2427
4807
2428
4432
2301
4175
2366
7838
3132
8081
2725
6011
6689
8907
1792
4283
6799
5341
6292
5554
6872
8953
711
7148
3617
3648
1083
5913
2331
1181
7884
9074
999
1872
1321
7791
7673
9695
5306
5448
2611
6938
4104
8462
9110
2381
3789
9084
8175
1340
599
9084
6998
4789
3776
3474
4095
5280
815
8652
3092
6452
5506
1950
197
3650
5011
4817
7586
4000
6610
7103
35
844
2943
9934
4849
2249
8037
1236
9858
1998
7737
991
581
8800
2076
6210
8095
7846
3695
2392
8879
6653
2355
6158
1432
2153
8265
5460
7369
8972
1498
4174
4730
3496
9048
6153
1846
3842
8625
1846
7243
9579
8794
1094
8714
4515
1368
1397
1574
8800
6721
9739
305
4217
8224
3382
8489
6784
8501
2695
3984
2577
3866
885
500
3563
6260
7085
9751
5922
4364
4252
9221
1848
5149
9300
7859
1261
7443
6916
784
6867
3885
8568
2251
1758
3868
512
5272
5666
7664
5061
5340
5929
7862
4665
5712
7908
593
5151
8254
4283
1645
5652
4436
2469
517
8456
9067
8923
5523
7227
9340
1585
1911
7116
8691
5297
8634
8741
9694
5748
1813
4085
8257
9303
8911
3292
3986
483
3587
9950
667
2291
8662
6501
5222
8233
4132
9781
1241
5412
1444
6348
142
437
5720
3755
4018
745
5974
415
9274
1852
5457
2506
2469
7559
7394
5132
3557
7225
4469
8583
5336
5572
6560
7049
2923
5409
1894
457
1164
8852
7500
4282
4303
5465
3942
7820
3582
5156
9273
3241
4509
3172
676
8815
6834
6155
4032
7662
839
9000
6224
4015
942
2861
1012
4570
3876
8671
832
8608
8851
5516
9250
421
4352
1175
8203
7004
3617
9574
1550
8400
7952
1228
4074
2164
4896
7745
214
6767
1377
4231
9618
2164
2628
3484
3339
1442
4453
9372
3943
4910
4324
664
4389
8992
3921
254
4462
5659
7952
7028
4045
1265
7449
7823
6063
9713
8786
8848
9673
6131
8457
4064
7231
4619
5898
7086
7793
867
7835
6760
2551
4244
5630
6640
4076
7287
6838
5081
8242
4641
3282
4554
8814
4349
186
8353
4715
4804
7421
3625
2655
5604
9698
7812
6453
259
3433
9770
3094
6834
2461
3595
7824
1191
4476
9800
5634
809
3747
8775
2875
3704
605
5031
2849
3902
5250
2881
4432
7545
2371
2988
3445
4209
4105
6946
4546
7818
186
3817
3854
7068
1987
1408
2179
9686
6730
7622
9872
386
2718
3905
1057
8646
750
8950
4999
4666
4963
2550
5009
551
5337
5548
4463
9472
150
3615
7086
7530
5254
7816
622
9930
4920
5807
1717
9196
2852
3162
7172
7627
3009
4046
4826
8465
1931
4799
3458
5154
1946
9879
2855
7636
8807
3303
1730
6438
6945
2707
9536
3114
536
2341
5132
4902
3283
1127
3725
4943
7233
5802
1814
1800
5377
7382
7541
1291
722
5997
7541
5350
156
1932
5583
5374
4961
2986
1122
1617
4076
5278
2251
145
3626
4057
7090
667
8913
9924
5182
804
1074
8515
7921
6144
8064
1054
2258
1425
5761
439
5716
947
5165
4185
2958
8604
6758
9757
9940
297
4
2107
866
1955
3550
1669
8174
1320
291
6874
2377
797
814
6736
4276
1641
4011
9439
7310
3906
727
9696
5856
3637
9561
1303
4979
9440
1099
8486
3909
9156
9983
4885
799
8967
7648
5965
2593
6394
2880
938
1134
8887
8061
4919
132
8429
9909
1317
4593
7318
2446
6034
9569
308
6251
7229
2393
2246
6690
8733
220
1804
2965
3220
813
5929
5936
5308
3993
8045
6845
916
1025
9788
8561
6969
5575
4641
1171
6549
9530
9782
3893
6590
6709
3949
5315
490
2715
418
3572
347
9703
4147
718
9330
5921
4840
4106
4203
2492
4600
7323
6547
473
1530
5008
9781
1747
9282
1653
7751
1075
141
9203
438
7910
6374
6511
6863
614
5445
2593
3574
4473
6498
1212
6878
9070
9230
1047
734
535
6968
4056
4929
2458
7346
6116
5178
8941
5533
8743
3433
8765
5820
9271
9562
4944
279
1420
9547
8329
7242
3588
7047
2007
3749
2074
3975
318
8130
711
2516
8234
919
7216
4107
6084
4273
7980
564
258
1332
7922
5080
6702
9159
4809
8653
7226
1649
1934
8790
7810
1500
2405
3293
3379
7009
2921
8708
5271
2141
4860
811
4822
6227
5198
7845
8603
5164
3478
670
2299
855
9289
6996
9319
8507
345
2848
8940
3421
6749
8668
6195
1920
4705
6734
8514
3923
727
9074
1351
9271
5293
8116
6472
7111
258
474
3960
6963
49
2062
8171
1263
6491
6955
2210
5408
3973
4871
6664
73
9767
1849
5392
6191
4615
2902
1521
8464
9331
4680
4436
4403
9318
3027
5562
1172
523
2208
8249
9870
8887
1977
3372
4687
497
4931
5428
7750
4523
3105
9949
5856
2410
1278
9504
3443
2724
281
2496
7355
8953
5496
7632
5368
7625
3768
1945
3464
1392
1038
4885
1765
6621
6793
1185
7790
8477
705
5694
9683
7473
3771
3940
6225
4731
8580
1992
8040
3523
2119
8447
241
9711
894
917
3391
4345
8004
7061
6728
2986
1964
6357
3485
8220
8183
9234
5616
92
1713
4966
2019
4587
2812
9881
5181
1556
1406
636
9045
1775
3904
9941
9273
2590
4643
2053
5727
5876
7793
3445
473
3643
8965
6697
5509
7414
454
8005
6547
9345
6375
7948
1809
7152
6427
5654
6899
1012
5735
1835
2939
7367
8016
4952
9082
2022
7083
894
3576
6130
3507
9740
2298
8268
4493
8376
5621
6114
4371
7767
1101
3400
4089
9699
5399
5956
8132
2121
6162
8988
5154
4714
141
5958
505
3105
5627
4013
7615
3487
331
9559
4428
417
5838
6635
5649
3540
2659
8051
33
784
6640
7968
734
9538
3277
8316
9552
3126
3890
4962
4731
4588
976
8792
9598
6340
7762
1387
2748
1608
8499
884
7436
1541
8971
3672
3861
8764
306
4591
9461
8111
8955
4369
8074
2172
5224
967
9828
7311
4460
4488
9596
5368
4828
9840
9440
7045
7036
9309
5777
1272
5303
8424
2284
5755
532
9192
567
9605
4454
788
2819
9298
5500
6620
5632
6606
717
7426
1115
6795
1559
5437
7148
4010
1287
2067
6713
9130
4231
6816
1727
997
8813
8189
2807
530
2084
2318
1640
6031
399
222
2857
3671
1669
298
9868
8207
4207
2833
6327
9610
8193
8982
9712
9866
1276
8273
4468
8464
2479
1436
5373
7637
9061
1822
485
7311
3812
5102
4522
8399
5785
5084
6396
1336
2580
3476
2341
989
2199
8505
4922
1397
488
2116
2803
9831
8476
2941
9253
3810
7850
3176
3552
8962
4849
5219
4610
9846
9812
2556
4394
9105
8311
7928
3825
3109
2586
8376
7285
7800
5932
3478
6265
3973
6513
3975
7149
6944
9018
654
8835
870
5848
711
548
2609
1531
7433
6487
7360
8866
2494
1176
9642
4110
5817
3085
2559
8291
9694
7244
99
5655
1453
7878
4372
6910
9578
2449
873
8069
7665
828
9158
3720
3523
3257
7600
7380
1215
1577
5153
1888
9925
8933
3437
2301
6622
9862
696
889
4589
8653
9323
3409
8735
5215
4394
2832
6176
5698
1952
4984
5614
9291
1201
1666
2017
5922
586
2560
5485
5179
7075
8117
2091
8210
5730
2519
4440
2070
288
9715
1752
9983
3480
9011
1504
5749
4985
8308
8862
4768
1204
5517
9624
169
6274
633
7732
1771
284
700
9276
8135
5404
9410
1578
1206
1317
524
9484
1874
8391
4106
5410
2237
3231
5630
5811
2189
161
6267
937
2277
3697
716
3975
1558
8493
1922
1936
5096
4787
2669
1785
9588
439
3617
4578
4069
7433
298
4432
4460
8824
6987
6376
7098
107
7387
6938
643
4822
5543
1610
4016
9763
6998
4437
4688
5434
19
2713
9394
8588
4387
7087
5722
2320
5821
1797
9614
1052
1741
4755
9862
1835
6476
3453
6710
4340
6877
1451
1105
4984
1292
274
9243
1058
7769
9825
3441
9179
9890
8635
7413
7585
5037
5871
4437
9899
654
4777
4285
5590
7323
9591
3081
787
1747
2181
3286
3545
7727
347
8557
8568
1607
4410
7296
4113
7843
4664
4551
5996
8355
435
1161
3106
7342
2277
6797
605
9015
6810
3686
2099
7165
5515
7660
1700
7192
8456
9310
5587
6538
9896
1451
9542
77
8845
5978
627
8574
324
2055
5989
226
8288
7234
6888
8430
9975
3445
9470
5383
2680
4529
916
6661
6458
1402
6091
6749
5596
6920
9387
5353
8963
9457
8459
8983
1619
3028
8496
6298
6170
2031
8691
4754
7696
1872
8877
8281
771
3270
7217
5011
9839
204
3858
5366
534
2880
3619
7443
9887
3877
2978
3403
2668
636
1263
8830
8775
7905
6810
6946
4948
3172
9212
648
5838
6162
8965
4585
2525
7809
5977
2325
9703
4375
5513
8758
5599
3092
8448
8738
9409
1053
6411
2293
9053
5287
2085
7059
608
46
9506
2866
6459
271
63
6667
992
3209
9528
4372
3914
9033
4917
2077
7899
652
3700
8293
5122
2505
3231
5683
9456
8072
7537
3895
6760
6919
1595
551
4076
1905
3976
2478
8303
3111
5866
9432
4312
8845
7766
2389
3563
4076
4823
375
6135
4334
4393
8401
1586
3792
1937
8103
6815
3823
3410
8387
2734
6168
9907
4072
1613
8977
295
2008
5057
2439
3773
4788
4785
4268
3981
6276
4738
841
2119
5379
3248
7161
7759
2426
2525
3194
8964
284
9968
5872
5663
4480
9701
7478
6697
8144
8938
3693
776
4586
3780
2815
5318
3696
560
9605
3615
7317
9810
5660
3364
5973
1704
8030
5139
5572
8408
7481
1547
8419
12
11
2040
9184
6775
9293
5087
7306
7570
5837
7338
1045
65
7532
1599
433
1843
4063
1865
2920
9579
1647
473
4308
2508
9689
2776
1670
2339
1125
9735
1457
2146
2356
4574
3769
774
6133
6920
1267
4517
6308
9746
3973
8322
2319
5908
4171
6431
4705
3728
4344
5615
8627
8840
8365
9537
7731
6676
7085
6517
3416
4967
6445
6101
5881
8899
7708
2958
7829
9658
5709
7142
598
8402
3270
1900
6500
5985
188
3781
8604
5239
7633
7396
5390
5841
3518
3516
6208
4232
3042
9457
9834
4750
1101
1341
3301
7872
2441
3419
8199
1212
8601
5047
8018
7201
5017
224
5569
6464
3037
1746
6487
3304
7912
8177
7333
9048
710
40
5380
4191
6749
3597
6615
6252
7308
5847
7300
1929
8599
8628
3544
6769
5581
7392
6637
2586
9377
8188
823
3293
7947
9744
1195
1296
2970
6530
6838
2924
4007
4252
7161
2400
8039
4008
4463
5004
8432
1766
9893
9169
2923
3639
7865
4408
8201
9718
7722
519
1539
4747
9671
2521
9216
2086
6244
7005
2402
5318
3282
777
9009
4376
7921
4346
1466
1144
8729
1573
2928
1632
4154
7611
8295
1653
370
4307
1878
6786
3095
3251
8807
6318
1384
9260
4581
4640
3183
5952
7763
7458
2602
3113
8483
9115
160
8546
5717
3518
2942
7057
988
6148
7591
9906
592
2059
4226
7563
1716
1936
5126
5616
2223
30
1969
2691
2992
8661
9765
6826
7960
2777
3810
5470
9030
1040
9127
9179
1492
1823
8589
8359
3843
6038
2263
2659
8726
1477
8667
2521
414
5620
4235
5826
2331
6986
890
8452
7145
7468
5554
7056
3753
6116
9097
8211
2338
2120
876
9552
2931
5046
6070
9893
3346
6766
1772
6184
7767
9310
3964
1515
9993
7243
6412
2339
8541
7983
3138
2044
149
674
2033
4024
6268
1533
4606
7727
6941
4052
320
6606
601
9115
9589
5367
9549
4342
2479
5565
5213
4705
685
7835
3504
4038
7063
6510
9703
6757
9669
4355
8982
8831
9402
2256
3012
2046
3624
1813
2160
4044
9243
3715
8990
7358
913
878
7653
1044
2790
4198
5503
7573
6830
5444
9989
4198
519
2229
4470
8095
8023
184
4382
5965
7623
1769
9712
7332
2354
7502
717
666
3405
1169
5462
6970
8845
6146
3125
6184
8856
8659
3966
5470
8852
1409
2000
3958
2267
8814
1527
1394
7343
4064
6020
9059
9332
3024
9734
9143
1165
320
8689
5287
3481
4837
4167
5661
9981
3019
5353
4373
9104
8285
9238
9364
6217
8911
7112
6214
9769
5754
5065
3540
5975
9323
3322
9340
5149
6403
7637
5820
6411
3981
5019
8536
9969
8678
1989
4015
7241
6339
3976
9247
3460
7154
2289
9058
4825
6655
2841
420
5911
3520
9374
5411
5255
5148
9312
4157
1514
4827
512
3578
5382
9533
7961
5123
3265
702
9394
7538
6922
3097
8972
3429
1777
5817
80
8821
7033
4263
4514
8493
3561
7217
9908
2891
4606
9608
3281
4820
9366
7831
2500
2413
5827
398
3865
3927
9193
7165
5792
4123
7260
5302
3498
2814
4547
5944
3633
9437
5068
491
7124
7250
313
2019
16
8164
9624
5069
517
3657
7421
4574
8172
9090
597
6559
7602
1378
1952
6152
9628
9867
8470
390
1232
8259
3718
7094
8344
8661
5975
3844
9752
8875
707
5249
2100
3808
382
5700
4303
4123
6648
2135
6702
2686
7130
4407
2216
7988
8342
2254
7484
8916
863
7256
8779
9922
786
1756
4446
2530
6725
1855
7682
3576
4821
9297
8383
5347
4458
3794
996
6251
1849
5504
3219
6335
3688
8545
1129
9311
4877
356
319
3720
6359
835
8011
3450
6469
2178
3021
8625
1254
1772
7398
4792
4453
3125
7865
7832
6023
6869
3529
4547
1258
1233
7066
5358
4037
2444
6233
2241
627
5134
7652
6369
1536
3961
7217
3986
1285
4933
8877
2279
773
2370
4996
76
8106
8427
1881
562
680
3296
3288
8008
6826
5772
2461
5125
3768
2652
9413
4024
5945
779
7998
6120
4120
1029
3256
491
5907
3879
6546
1090
7991
1250
3774
8888
6236
6990
7252
5610
563
5670
1561
7330
1846
9644
9542
5763
1499
2091
217
8632
5519
4853
6334
9993
4372
8876
5956
7076
5170
1389
4655
6801
6750
2197
16
5575
1998
3573
8889
6778
5400
3803
3461
274
9217
667
4273
4475
1486
7492
8991
3816
3661
7913
5570
3138
4915
3780
4515
7359
1033
175
439
9174
1015
4760
580
9648
9627
3967
3765
7926
3202
3438
3232
1716
1391
6060
775
3704
4603
1480
5590
7677
2397
838
3139
8836
6627
6878
659
8217
9057
1530
5744
5224
3363
4287
9258
4457
87
4625
4847
7519
3726
1065
614
223
4681
3853
1746
8855
3004
811
2756
9552
4585
2761
6776
176
1621
1744
3020
2749
3307
5548
8868
1672
7693
8007
8352
7104
6801
6318
3617
9978
6633
8070
3951
1331
224
2915
4154
2774
5132
1804
5213
8246
8773
6192
639
602
7510
9081
2835
8342
1604
2098
4212
8178
2197
8942
2530
6673
5500
4641
2054
6685
7194
2777
2919
6514
8810
5444
9952
8706
7589
246
7616
1503
334
621
2898
1501
7368
7750
9593
7719
3483
5274
8374
4534
3858
5772
9133
1282
385
7480
7273
490
9749
8527
1052
5996
3272
4124
1792
2066
9129
4129
753
1357
4481
2708
7843
1576
6043
1028
9305
7750
5048
4334
3202
1919
4403
8385
2655
3037
6310
8669
8320
108
2973
7126
1753
1807
9569
6902
8228
3243
5958
7527
8590
9353
4521
7016
52
1149
7929
7557
5238
9356
8175
9523
5442
5415
5325
9132
1592
4886
1469
8754
5755
460
5808
644
8383
7355
955
6036
2006
9141
2799
6061
1791
7520
5743
3848
7398
7386
8333
1505
5108
8752
3430
8963
1933
3450
1684
6337
6481
437
5309
3342
1774
7204
1771
8130
3545
3876
8632
2696
194
1892
5551
6096
6557
2113
7731
7921
9671
1477
1733
4205
6553
9963
3645
7002
7029
6844
8710
4933
5670
4618
9554
1569
3832
9457
4287
4587
5748
7613
303
3522
8753
5636
1311
3215
3201
7333
2406
9819
5718
3762
6665
5004
8704
1104
6789
1810
3558
4769
1100
6700
5165
3699
7026
5576
2338
3982
2264
7099
7826
3144
2173
2058
1174
8211
5451
916
8652
430
3801
9695
4438
8891
9215
1907
7952
4549
2864
2728
2668
2476
1028
979
6513
3602
8356
5054
8610
5735
877
9219
5069
5307
1993
2573
1589
4607
3830
493
5652
5872
3158
3127
967
1404
2262
6274
4483
5118
7623
7788
1117
9536
4431
5349
2115
1193
5544
7571
9855
396
2305
2916
9552
4581
4626
9130
6897
6642
318
3345
719
2371
7075
6795
9318
7901
11
5108
1340
2081
570
3492
8111
3089
8102
5532
876
6644
457
396
9062
6259
637
5255
3567
241
3575
6385
6777
3131
9377
7841
4800
4277
7069
8745
2460
7635
6030
4214
1181
436
6231
7773
9826
8812
4805
6463
6479
9094
8254
253
6184
9921
4283
4460
1733
1819
3228
9076
4325
3626
8330
8208
2704
2728
8692
3833
6020
9357
3071
3240
613
6243
9214
8625
28
2864
5429
4754
5436
7111
9906
7683
4877
9123
1657
4878
9994
2608
7011
641
4407
6953
9888
7555
2105
8022
5069
7097
120
971
443
7122
6022
5013
9640
9941
707
5657
4431
8869
6390
8473
3640
7214
3719
647
3331
3580
1071
3813
3839
3411
2345
2430
8833
3659
6354
1658
6520
2005
7795
8332
4633
4465
6667
2783
1660
9863
9483
1716
4171
4337
8176
8141
4250
5933
3313
2674
3835
1458
4690
1488
6025
6306
7131
7032
4776
3592
6180
5980
3586
9048
9137
2426
1074
8058
3839
9175
546
936
8986
3468
4096
9355
9642
9501
5234
4203
8180
2899
346
3680
7823
5061
7314
6306
2306
8326
7333
9635
8006
8068
3682
3502
8129
5122
5200
5750
7067
6192
2093
4137
2127
2899
2472
1222
7391
6670
6664
7630
1798
572
5412
3281
5634
9906
1225
4075
5111
4767
5751
5512
1842
911
2929
917
9785
594
1225
4519
4301
9483
7136
1987
805
6208
1552
4923
2589
6092
8914
5635
1662
9703
7837
7433
2656
401
7868
8222
3897
1124
639
2299
440
6580
2295
1215
9969
1554
1436
6797
5444
2144
3329
2314
3436
3424
2475
9426
8354
6301
1486
9018
5852
115
3850
2138
3074
5495
8261
9384
2725
3003
621
3176
8843
4836
1547
4224
3912
336
4954
1034
4655
2117
191
9518
6374
5522
3997
9232
7925
8441
9868
7596
9638
1620
6447
324
2730
156
8141
4473
3293
2052
4071
2441
1522
152
3470
8599
1876
8250
5514
8017
1347
452
4363
3735
9924
4331
5764
7552
1498
9028
1458
4284
3134
3025
3537
7223
8389
1223
1493
3755
2195
480
7740
2603
8045
7749
7995
6221
2051
5397
7355
9674
2927
1851
6249
9186
7257
2711
399
8398
4392
589
2975
4264
593
9787
9306
8497
6614
6247
210
653
6756
1758
5821
866
2711
1760
5689
2175
6336
9543
5500
6100
1672
1783
1356
1283
6776
4351
9965
5677
823
3095
9363
1605
7505
3475
2009
8257
8442
9498
9606
5804
5187
6702
2917
1168
6029
5382
6474
5497
7021
8224
2062
4848
5089
6874
2591
8809
8431
8023
1720
2262
6281
4532
9829
3661
2395
4216
3361
9235
9750
7432
3732
6837
9936
9696
912
4970
8866
187
5253
1393
7877
4468
8655
2599
1032
4514
6516
630
883
3199
9826
419
7777
7343
9522
655
6873
9256
8772
1813
2020
7238
5746
9589
4491
5224
4911
5392
5961
7621
9943
8243
2769
326
4385
1813
5876
7229
2628
7881
7699
2730
8351
6550
7605
3313
9060
2593
174
257
8097
9609
1415
3440
9373
638
8721
9066
8107
5808
9602
1124
4669
3262
3256
1582
7649
7450
2957
7709
4779
9643
6627
891
4114
9289
8887
9196
1983
1178
6164
2318
5218
5704
9524
333
6828
9328
953
3747
3091
6809
9121
6820
8278
6575
8061
5089
3294
6022
5663
1609
9635
2464
5477
8454
2982
523
9326
83
1751
9525
7082
6929
9644
7284
5905
8965
3738
2922
4754
8320
6497
9210
4617
7969
521
9806
2612
7539
1228
3797
5901
5960
5514
4554
2682
2753
226
1070
7351
6304
2
870
1996
3566
9727
2192
7176
994
669
9096
1351
371
1268
7342
5112
425
7847
7508
7932
3175
7911
1787
8854
7953
3623
1121
1414
5089
4601
3151
8738
2668
5571
8450
8318
5626
7214
1051
8242
8328
2630
1618
6869
2132
2446
5530
4692
8171
9442
2257
4906
2718
3137
4175
8393
8215
2015
4042
9942
8605
777
2087
6392
7517
357
8682
4800
2818
9024
9485
3211
6795
9266
9603
545
6292
4917
6722
5506
8093
6428
3242
5646
2343
8245
6020
9530
1395
56
103
3611
3171
1108
9636
7551
543
5225
9352
1774
3763
729
1874
9147
9957
9046
8111
3451
3533
3630
2101
3297
5292
8536
1849
2177
7534
6440
4048
9272
4336
9152
3404
2761
8921
5873
40
5686
9629
2052
1
1066
5565
4948
1742
7363
4554
4095
5689
3297
133
2568
5996
7765
7955
6806
8318
4634
9259
7459
16
4103
1177
79
7437
4611
7324
9113
225
4083
9006
2424
3822
1481
3628
1034
7731
344
6793
4485
7622
3438
751
751
9138
1768
3155
5639
4805
2115
7554
5405
6427
2170
2035
5898
9889
5486
7510
7131
39
5441
3869
1605
4290
7709
8746
4515
4136
6921
9074
7974
7841
4774
9836
6577
3352
425
940
5669
1455
1685
4307
8110
6528
3601
5997
1651
9445
7730
1145
2245
2834
9662
4446
2181
9569
9145
6460
1429
3021
8640
1502
7884
3040
9580
7564
1653
2334
5457
2546
9463
4545
1840
5675
8353
1133
5759
5076
689
1711
7095
5069
6406
5776
6828
5139
8178
327
7655
7008
4206
3965
9511
2648
2815
183
6423
5069
6947
6036
4344
9316
3987
5183
1681
7700
993
3986
6092
1047
3810
4068
5771
9717
5925
3570
5095
2108
6212
4440
9385
1325
4679
8449
8339
5498
5033
9192
2859
8170
4710
689
8128
4652
7367
7778
1081
1223
4094
9128
4146
4191
4234
6607
3198
138
8194
9793
6722
9245
5087
4315
8857
2507
6651
3018
4637
5538
6843
6182
2666
1801
1127
7922
6337
3121
5939
1118
2349
8146
2488
3872
8013
7083
294
5193
7090
8071
5251
8201
7304
5240
2469
3614
3082
395
1831
5621
8001
4348
3141
5543
4379
7911
6461
2344
3064
6312
270
77
4198
7075
7443
8575
6756
1214
6301
1773
2212
1457
5928
6565
287
8641
8878
7426
9332
7512
4839
5942
1289
317
3116
8001
5005
6945
9492
101
621
7950
2128
778
7801
5174
4003
228
7796
3893
6858
1868
4093
57
3409
6544
8420
6575
5256
5738
9033
9035
3012
5551
1472
4327
8787
3880
3959
9442
3570
9810
1722
6200
1152
4261
9328
5149
8764
5113
4638
8649
9629
5438
654
2971
1849
1231
6908
6572
9581
8430
1689
3754
1068
1585
4937
6576
9306
3474
6386
122
6269
8354
323
7047
145
7893
8905
9147
7215
3270
7811
142
1100
383
9406
7573
4897
8500
2478
7555
6972
7386
9861
5140
8121
7967
5132
9566
9324
2751
5843
5290
8726
4515
2380
1275
5115
3607
2825
3956
2326
7760
9357
6310
618
1546
2654
684
2179
7364
1679
805
995
8830
3150
8882
8492
5183
8926
2178
2761
9338
9823
4463
7426
2521
1415
6585
8003
8131
2458
1290
5674
8522
5229
9212
8029
3550
4521
6574
5313
4447
7387
1959
1072
5038
4294
9896
1364
3498
2782
9932
4681
647
1195
2987
7936
4893
8883
8097
130
6069
2680
4048
4905
389
5130
2473
3601
3938
852
4942
661
2351
6864
8313
1951
7863
3391
2388
8226
1519
5220
4505
5349
2526
6609
5027
7327
2241
1275
3136
4666
6423
6443
9244
1766
3338
7054
682
9908
1821
6294
7426
2645
7839
9270
2329
3783
2881
1035
73
1501
6495
9871
8611
848
8175
8698
2379
3780
103
5146
1360
2662
7715
275
4238
5908
7619
6546
8612
809
2708
2480
6405
5225
7793
1859
7509
3255
4279
1243
4445
1205
1202
1634
8170
6552
7832
8395
3591
4639
4674
6902
9804
6675
4934
4763
4929
7564
5032
6420
6163
6335
2422
9263
8792
4015
3465
3385
3055
6315
1189
9123
9500
8859
700
155
1460
6081
2104
7685
8075
9223
2954
3972
6134
5806
2675
9730
291
3029
6930
9944
8223
7858
5080
8109
8782
1938
2841
4155
3086
4446
5340
7275
3450
5550
7401
945
5974
4779
3303
8848
5459
7346
8345
6939
3380
8450
3128
2986
1340
3735
3094
25
9385
1245
900
1641
3778
2590
1372
9521
3239
7949
4599
3629
3883
5679
522
584
8404
1729
3756
5512
9726
8081
4484
877
9513
8140
4729
332
8810
9855
2814
9350
1351
5314
7890
2204
4650
5760
7166
3383
3406
3781
5609
7510
2747
4715
3056
7701
7927
2544
4582
9611
9979
7582
299
1304
6760
22
2127
5638
7861
1040
711
3383
5134
5248
2278
8568
7788
8317
5933
2643
4562
372
2105
5944
2472
6974
8130
4798
5083
7028
2405
6266
5273
3203
9371
3768
5015
6586
5444
4627
3632
1528
5521
2365
3070
2225
2376
7498
2437
4488
9912
9609
6610
1938
5048
9606
5476
4354
8832
9786
1892
7329
555
833
8635
4445
8110
1930
5876
8509
3552
1202
2873
1305
9011
3034
4850
9739
2873
246
4597
631
2360
594
7115
2795
9655
3335
8154
9764
8291
660
7753
5658
2735
6303
972
4688
3730
8625
4115
445
1621
3928
936
8709
6736
5305
2926
2014
4755
5737
1481
8585
5188
1261
4968
9960
3717
5839
4790
4775
3775
6112
217
2892
3448
7215
8570
2707
2061
162
6009
4248
6131
4152
9009
8432
9658
8405
6059
4349
408
6140
5008
2554
9179
9168
469
1474
1335
1012
970
7891
3835
9339
6669
5509
3710
8044
5261
9520
6735
219
9952
4593
9727
7232
2454
1035
2251
6535
302
5312
9779
440
4366
7635
1103
7662
3712
4280
6745
7095
1372
1049
9192
8117
412
6791
7483
3499
4721
1614
3144
6539
7614
188
6188
415
2826
1946
6714
9433
9222
4799
709
5658
8111
3395
4973
9034
4405
6048
4331
980
2775
9639
8847
8902
5401
1610
6819
5662
3552
8751
1813
8687
2168
3240
2826
4177
1446
688
4835
1765
7566
7312
7873
6572
339
3534
6
7017
1818
8449
9093
8673
7282
2163
3763
7974
1341
7286
5013
1216
5127
1051
5881
470
2986
2022
3489
4871
568
795
7587
3717
1212
2565
3414
5462
1766
2275
8562
1867
1604
9801
3844
5103
9658
3140
1404
4
9476
4852
2836
4160
5674
3619
6638
6515
1430
7402
3585
8317
44
5134
6449
1022
861
5376
7461
4716
8748
8300
6207
9066
8723
3146
9612
5325
7206
778
812
9846
617
3484
5394
5716
7959
3426
8042
7593
5927
6899
4031
4364
8689
244
1822
6469
3352
2821
4241
4281
5679
6687
1256
1175
8644
3769
5437
2528
4006
1313
9308
652
6589
3739
7700
6559
9740
732
3063
7434
7333
9867
8789
1849
4268
1842
377
8478
1323
3143
1972
4385
6536
6531
4167
3929
2228
4218
7072
4189
7989
5514
3586
4613
7590
3379
7774
4949
2544
5263
6728
2620
9758
6806
6947
5811
7898
9407
6906
6801
3392
6958
1204
863
9341
4923
4115
58
9572
3771
4330
5521
3660
8873
9445
1819
6281
4176
4258
889
4067
5427
5933
6059
6414
9352
4626
9730
9583
8355
6031
2821
7312
270
797
1030
4309
2723
5272
2667
9263
7716
5377
8773
932
1207
8959
884
7360
5127
9530
3722
5148
6016
2733
7964
1024
5144
4448
9988
296
4385
475
1216
7739
1509
8209
3390
8075
8414
7510
3557
8903
1590
1626
6351
50
7160
5127
5207
392
3742
2369
4455
8825
2309
7672
1295
7536
2833
6
9164
8274
5283
2370
4877
7241
4160
1033
9423
2997
5569
2808
8946
7617
5972
4818
3558
4389
6382
7913
3864
17
9241
9596
6554
2015
6019
2391
5430
3837
6914
5853
5242
8408
8346
5283
3619
9219
6748
9110
5889
6127
5704
2210
4822
933
3423
6838
2853
7490
4114
6905
1154
4919
6141
9146
9033
5687
5816
2862
1221
1769
5602
5585
6083
9715
7566
538
9271
688
1199
4338
7641
7271
2024
7737
4313
7031
4773
5620
8591
9181
9537
7940
9723
9
4699
322
2266
9199
6250
7932
3403
3886
7888
4120
524
118
6126
5107
3366
2885
7567
2164
6291
9775
9264
3882
2895
8404
4833
2002
913
196
4270
2039
2231
7662
5862
6074
5016
7244
8272
71
4438
3266
935
3754
9382
7904
7212
4194
904
9666
2253
5706
1614
7373
1649
9947
744
817
7427
3861
4365
4248
7018
3206
9615
5849
1888
2862
4255
52
91
6122
4613
7495
7725
3024
8839
5509
4499
4991
1192
638
1097
1247
7942
8564
425
4858
6013
5915
5329
4198
9816
4410
5706
190
6248
7728
4139
3533
6016
4350
9939
851
9575
6130
1093
4119
9647
8624
1107
5235
6318
2436
2668
3726
3150
5770
5264
1050
5423
7029
6849
8340
4723
5892
6306
202
1788
7535
6776
1111
1369
965
8975
6842
699
246
1672
1811
7470
6305
5211
7388
4807
93
7880
7380
1741
1979
7040
477
2463
3088
8109
8986
7500
1598
6128
3682
9824
891
2330
2111
1848
9996
3865
5352
3461
5826
3027
2904
4098
3453
3579
9118
1817
9460
3533
4629
8011
8925
8460
9809
495
6298
8647
8280
2855
9988
9341
9100
4118
7989
1986
6579
3975
3100
5540
4810
6227
2527
3919
5915
8952
4135
6379
9010
9509
8991
7169
8040
8065
1498
5670
898
2430
2521
1615
5549
1349
5585
2496
3473
6485
3927
8785
6108
1466
7000
5143
8717
3920
8723
8401
5484
5006
2545
857
6359
9919
9636
8771
3863
2818
1300
1034
2619
2319
1087
4148
1453
1484
9991
3460
642
30
446
9429
5025
5350
271
7543
2509
3848
8451
4120
9342
3096
186
5892
9885
1664
5256
5629
1712
6813
8633
654
5184
2892
6166
3788
379
2851
3689
7233
3929
5262
7759
5453
4560
3115
5831
1009
9648
2093
6262
15
4367
7180
1692
9523
2132
5195
4263
9788
6227
4361
1747
3828
1397
9792
4244
2132
9183
6482
7164
9657
159
1218
190
4079
5337
4733
1332
6769
5832
4246
5981
9619
551
8618
6287
8003
1200
6643
1656
5183
8587
3900
1005
9567
3515
3930
4055
4768
8870
3699
1825
3165
4928
6604
9855
3148
6989
7612
4185
7399
3863
7493
3956
1981
8379
2127
3277
2779
3504
6240
932
2540
4826
1980
1069
6258
213
623
564
1406
677
6563
7899
2133
2421
2816
4691
3946
8762
3138
1013
3587
2457
4256
1320
1094
9944
9024
1188
1387
653
1275
1263
2629
2766
9284
8339
2947
5534
3597
2935
6366
7047
2779
6721
7299
9594
1822
9560
5563
7436
9330
4017
366
5226
7345
83
569
659
9975
6313
1188
9435
9177
752
9401
5300
5269
9367
3136
4476
1743
8411
5164
203
4647
6540
9678
7535
4021
1500
8122
9464
5624
3951
1323
7258
897
7402
5421
9201
7769
2288
5559
7284
1746
6931
7870
2026
7319
1998
4325
2455
6424
1086
5693
918
8853
162
579
804
405
3034
6638
8474
8190
1724
3810
5226
9429
2143
4403
7866
3946
3934
6706
9455
2852
7879
8456
7715
8670
7651
215
2022
7175
5667
3040
4537
8258
404
8405
734
6823
4616
8796
4735
5649
7085
9093
21
3120
2643
2596
5176
7595
6458
8509
2489
4379
6237
8066
973
1706
2863
2134
2753
2819
4616
1299
2523
8684
9272
6968
9024
3738
3669
1043
9329
5138
1971
3805
5766
8786
8434
4594
6026
5055
5039
4426
716
7158
550
157
2020
2338
7431
9028
3959
2481
6042
1915
1033
5785
6569
1337
3848
5675
3571
1437
3926
5415
9179
7351
2408
2431
2299
2187
3271
8268
6108
7698
7780
189
582
5365
8133
9114
4948
6686
6306
4641
7083
6848
9095
56
2772
9981
2216
7097
746
350
1483
3601
500
5301
7978
3199
7749
9588
38
5244
5756
5690
6373
8344
4135
843
5203
1204
3203
4733
727
6885
5131
9285
8332
2331
8256
2351
9659
2318
9970
6173
7522
5757
6215
4179
9689
5281
7386
4934
1365
5359
6647
1061
8884
1392
475
751
5920
1928
4777
1011
3893
6013
9623
4597
8469
1214
6968
5647
4943
5397
9928
7720
5274
9583
8168
615
2128
9956
1154
9921
3818
8269
3368
5367
237
4069
401
6939
1856
7504
6431
7730
7540
8958
2280
1508
6134
1617
5709
8474
8312
1738
9991
5967
5430
8926
5787
9300
3224
9859
8622
5964
774
4856
7193
5624
2645
4255
4360
4400
813
29
3791
7438
8966
2198
180
6315
7303
6659
4480
511
4246
2680
1609
2079
8277
7400
9936
1310
8281
1100
3715
1996
8882
466
6955
2684
1764
6655
8863
1878
7257
1308
7660
8283
7946
2553
7000
3232
8746
9472
1997
6564
5378
8110
1717
8094
3246
5114
7347
5244
4318
3049
6118
9713
6314
1795
8555
8499
5242
7495
4550
647
7796
2602
3254
2937
5019
3326
4132
5723
400
6704
2564
8809
9102
7151
6617
771
8749
8861
9437
6650
9308
3619
7559
4208
5190
7947
1968
6151
3997
8501
7989
1251
4921
1350
8767
2776
4856
8779
3075
9920
982
1623
4844
7614
485
7309
610
9163
5177
7784
9750
6381
8057
7900
1339
4177
5042
9045
7747
7071
1357
7980
1726
1899
8714
1312
3888
7752
8383
3840
5914
9969
5786
9517
5667
7684
8774
9945
3723
7881
7337
2805
973
6213
8750
1608
3193
7020
10
4590
7734
5810
1031
6004
8563
3001
9897
2945
8900
9172
3420
2858
779
1337
1869
9781
594
8540
2232
3654
5402
5097
5322
9866
9733
8552
7007
5512
3148
7105
8118
6868
7741
3793
6106
104
8937
9781
954
2666
7787
5829
1044
4550
4460
4479
2025
9636
4344
8969
1013
4653
4787
6355
9187
2636
487
1165
6270
10
5994
4384
9796
1794
1053
6552
5116
6986
5230
1764
843
812
7586
9566
5867
9572
4052
772
5405
5254
6526
7370
1168
4179
6091
3465
2080
1385
4605
3469
9616
7772
3511
943
6672
3403
6033
9250
3497
7908
9362
5038
4405
2579
8125
200
7066
5221
488
9614
8584
9715
5759
1016
3484
8623
3216
5617
5702
7587
4471
3730
2381
1760
2148
3071
7301
6643
2893
2463
3539
4802
7274
7497
5891
1487
2964
8588
6053
5890
6398
6859
897
4990
4885
9900
2012
2495
7458
8048
187
416
3547
5909
3436
5632
2657
2645
430
5054
2899
423
2327
8024
6075
3781
2441
8261
5124
1996
5658
4627
9564
9811
1188
7612
2833
7390
6875
2248
1058
4806
9184
4844
2276
3123
1255
1365
4060
259
8830
319
8158
998
2991
5974
4531
2872
8914
1103
7458
3751
7370
5462
2390
5560
852
3735
4720
5824
2798
5266
5769
8182
3996
8093
1239
7482
5748
2952
2526
1076
4200
4865
3165
5338
6469
8565
6820
5213
3080
9961
8476
5771
4789
7306
7435
3721
2454
6716
2271
7519
6644
8236
7460
3564
4549
9975
7001
4898
4735
7049
7123
5962
8577
6382
9550
2505
2296
7051
9091
2286
6915
9506
2743
2837
6790
9998
3392
6689
657
7518
5027
9032
681
5006
4431
5964
7404
9601
788
6493
1563
1921
478
6031
2837
2513
7194
8406
7756
4930
1424
5402
7625
9984
604
7137
5493
4623
6774
4551
6583
312
4241
7216
2021
8091
5281
3570
1951
3586
5101
2695
6262
2597
722
4993
9027
6712
9999
4276
2804
4986
8933
5727
6093
9624
1407
696
4402
7293
470
2780
2827
6237
9909
1251
7680
3262
4009
4746
7232
3623
6455
4170
9828
8728
9140
5027
9261
5611
8109
8780
4624
2497
1746
1597
1379
8513
1123
2396
6683
4584
9168
4657
3115
2321
9868
24
2688
9471
7312
5765
2702
5252
7043
9180
8530
4762
5898
7364
484
6380
1435
8790
9183
1689
8156
329
4490
8312
9871
9167
2138
1612
8062
2648
4455
1798
1054
7507
8860
9115
2339
9789
8299
2344
6078
9371
5454
2565
3066
6616
2615
3758
1912
303
3149
377
5473
1425
4164
9539
5534
4375
9599
8145
3626
1090
7189
4395
4725
6732
3708
8390
8504
1369
4041
1645
491
6839
5611
8784
4875
1924
5246
3255
6551
8380
9700
7759
9499
4077
6324
9628
3342
9320
3581
7963
190
154
8717
4988
2181
1058
7839
6333
2907
4224
5253
543
6262
1503
9886
8633
5813
5380
4664
3609
9129
6344
1593
5246
1389
9430
4896
648
407
4079
5047
9183
7787
6077
1455
337
8122
623
6603
3816
4085
8912
347
2326
3127
9157
1496
7995
4190
7691
3815
7962
4656
9972
8834
3845
8560
3471
3598
2750
6162
7191
5926
8828
9176
6069
2755
185
48
9549
510
5190
8776
847
9524
217
5996
9266
2118
2232
7934
6900
6458
2716
264
7085
4526
7815
7243
7609
1776
4651
7025
3852
7653
6894
2986
1519
3149
7057
6401
1311
7946
4640
7180
8624
9185
3808
447
8616
7848
9293
1352
1366
4816
9261
732
3209
8563
2091
1542
4939
2942
2439
7772
5859
8164
4924
3194
2629
7231
4477
6117
5061
5830
6622
8954
1817
5536
1639
7899
718
7367
8626
9760
2483
3299
5659
9036
8392
6161
9776
2955
1058
5514
1462
8369
5507
6868
1321
460
4261
614
7818
1385
3371
3176
6290
5535
8193
307
8915
7673
6923
4192
824
7571
4316
2678
5289
2560
2505
5887
4802
6468
7454
1521
5058
9547
4368
8253
3446
4949
4215
1179
3637
103
9549
7240
6389
9306
7008
123
842
8084
7246
2103
6032
6865
4689
3890
4053
2829
1578
8761
7954
8374
5812
1349
3931
1850
8117
6743
1167
9940
6860
3965
3458
5744
554
720
8021
7075
6288
5982
5551
2381
5045
6717
9221
5350
5489
8192
4857
477
4200
617
3371
5453
3224
5263
4291
8200
3309
4539
1189
264
8956
902
1224
3280
8645
287
6311
3968
5869
6977
6540
5595
3209
5572
3328
9094
2127
8580
6360
9924
1885
689
5739
6243
594
8004
2519
5291
6429
9821
3766
1749
4793
5286
3425
4143
5493
5940
6705
5201
1881
889
4608
7223
4077
7775
2244
7652
1934
5196
6072
4728
8178
1264
8379
8266
5162
4980
2686
641
7768
1019
7539
6047
3210
4790
802
7922
2146
9185
3601
6186
1874
1159
8043
996
6081
8516
2165
2819
5759
4866
3357
1233
3748
9037
3571
3528
6907
5159
8980
512
3254
6064
7433
862
3350
8560
4012
9286
6972
4322
5505
2749
1595
9885
2854
7018
3221
7382
2184
6646
2814
9867
4881
2901
7662
6305
2298
4173
1218
7274
1014
6987
205
3088
2932
5810
3726
7180
7646
7521
4504
2879
5847
1437
9361
607
9637
3863
6183
6552
306
9525
2974
2334
7697
3387
1182
4531
3200
7044
6261
9838
8068
9698
3307
8517
2544
8506
6953
7043
3292
6041
9735
4663
2142
9935
4020
3444
3539
7054
6668
8435
7989
4665
6967
1489
4013
7870
5391
9544
4628
9194
3980
602
1259
4665
4811
6148
8129
843
8063
1131
6909
9140
3260
4265
9790
8310
191
7761
9367
7737
991
6145
375
7825
1849
3402
2730
1818
4504
4673
3115
7408
2414
4097
2060
9132
3404
7476
5124
7871
5315
2696
8990
5536
1526
8849
1405
2701
1699
5703
7678
7629
177
6891
8203
7834
226
3433
2816
1408
3417
6311
6339
3390
8016
9501
6725
9162
2205
657
4906
2715
2636
1496
2422
8295
7155
4839
6299
2999
1997
29
119
8801
6994
5485
7230
5523
5894
4226
8906
9970
4660
3716
4453
9003
6356
5600
7520
2025
2124
2242
496
1041
796
4963
4992
8681
4469
9907
679
5387
7134
9816
9411
3388
6191
7538
6395
2530
2270
1201
3268
7978
1751
4935
8054
8920
7042
3418
1938
1554
7318
4274
874
9754
9533
9077
8004
2030
493
8549
1054
5986
3546
3518
2836
4844
4304
1064
2811
8817
9204
4989
9755
922
8974
2517
9290
5861
6909
6071
1638
1050
7968
9124
8068
2860
8941
9656
3854
7114
9534
4365
2037
3720
147
7281
4431
8232
2099
3210
4616
5977
606
3121
2350
2328
4518
9952
780
7015
9786
2142
5121
4421
6911
3
8018
4422
5449
9975
5902
4647
7209
5697
9283
4839
2952
6034
774
1692
8085
1058
3761
3699
1455
5660
444
4847
6774
5740
8341
8989
8876
6839
7327
7391
9244
7616
6809
144
9263
9
2783
2124
7307
9968
8767
4909
3837
7510
9376
8483
9177
9087
8929
8728
8381
1421
2966
1250
9559
3170
7647
9709
1633
6913
5771
370
8369
1891
5594
5336
9225
630
2429
8076
8275
1637
6391
1486
6892
5535
1009
9263
6364
9857
9811
9788
7909
8599
9010
7822
4649
5558
585
6092
2362
3073
490
394
4197
8397
6539
1946
1915
4039
9258
8547
6658
853
453
6744
5030
1479
4357
4023
2161
8383
3345
1776
7101
5983
2461
9770
2881
7772
686
3666
45
6337
5714
5201
1147
5996
7289
8495
8995
9063
7347
2324
598
1264
3129
7055
8145
2266
2791
3169
1201
6561
3931
3978
9728
8714
3292
8213
5936
6769
9064
4143
3353
5592
8501
321
5139
5252
5596
9033
4190
5862
5027
3097
1035
1020
1177
5837
2853
5405
1624
615
4980
7516
2465
3483
2405
1735
5472
2433
2704
9075
2559
2226
9999
3204
8971
5006
2762
2808
1916
2893
6669
3758
8979
5338
1533
833
2942
8708
7536
7455
5360
530
5144
8448
9162
5836
3127
5018
7915
3403
9780
3163
6329
5115
3303
2801
3098
7831
2049
6170
3074
44
3488
8731
3946
1222
8537
7126
1950
1572
8792
6763
4896
5248
3714
2028
7081
1550
4042
3134
1879
7744
4893
8512
3113
3505
7428
3863
2035
8732
7735
5111
6658
1366
4380
5315
7041
6413
4502
7940
7298
6000
3067
6343
4611
3016
8267
1081
1400
1274
5719
1547
3789
8914
4291
5330
5151
4976
5618
441
3793
4674
5091
3218
3837
3681
105
3530
867
8399
4986
668
7048
6101
5836
5878
4676
8550
3901
96
5238
6347
2462
760
3012
6187
1322
7743
7074
9050
164
2065
795
4061
4147
2624
909
9849
2505
929
2910
4737
213
3001
6287
5051
4499
7687
3078
8413
653
6601
1075
5521
5203
7445
2211
4330
205
7649
2358
2361
6455
1816
8235
2921
9872
2987
1954
3212
4968
4827
6044
2971
7185
500
6134
9461
4473
7960
1687
3635
4665
8661
8397
3562
989
5274
8857
6701
412
6579
9643
4856
8571
549
8282
8397
4766
3366
5179
1512
5732
9865
3444
5825
556
8104
8335
4702
1311
2749
9857
2245
5962
8723
7695
7793
3418
4672
1931
4598
4129
5252
2799
8388
5183
1188
4399
6636
2218
7736
4695
1106
2781
175
7902
4799
5216
2571
3006
2885
6938
4155
5390
7662
6722
7398
8894
9847
2853
488
4978
93
1434
580
7382
479
7066
5055
641
9368
3704
1698
2483
3574
8054
8750
9463
5786
820
2896
2576
846
1666
9045
7659
9973
9862
5136
1666
7785
2294
4551
3782
1730
2758
4601
9672
2200
2793
7422
7733
161
1930
3637
9181
5239
1671
1815
9608
7971
7934
3107
9027
9957
7911
4131
8427
2388
2921
7408
617
1929
3389
2855
7074
9152
7916
753
816
3452
9078
7263
2993
3397
5162
2415
8916
8028
9864
2419
8302
8046
5527
3694
9851
9186
5524
3825
3818
8626
6173
7283
9278
5384
6805
5803
6771
9074
6563
29
7323
917
999
6156
8893
671
114
5629
4794
5495
5214
399
2524
502
9106
2570
6401
9694
3004
7887
3627
4090
6934
2189
7278
1794
7984
7608
6592
9358
5644
9842
1465
9834
5095
7384
7046
9371
4800
9180
9072
9895
9030
8323
3411
5774
4759
8776
6278
4235
9402
7077
6069
8675
6401
3232
3982
8809
8877
7099
2686
2505
9036
5436
9851
5372
8934
2689
5406
1721
5523
7030
4893
3823
8815
3731
5060
8611
8778
1504
7035
9207
1330
2357
9956
8567
3772
2789
3433
1862
3401
8236
494
7701
6493
6566
858
3594
8472
8039
6839
2069
3370
4556
8711
2372
2183
2245
9860
2670
8172
5371
31
7372
63
3478
1175
6679
5479
1283
1599
6145
9256
3543
8319
7286
6535
7192
7330
2248
2873
1465
138
738
4665
4965
5837
6773
3645
7584
6383
1527
2928
762
3690
8030
8205
3122
7638
3015
5391
4179
8115
7188
6439
694
2813
9826
6236
1424
5836
4991
4915
7611
9796
6706
5232
9293
2707
5098
7641
4401
3033
7894
4899
72
3216
8493
9853
289
9081
3413
9553
4314
6856
8694
3350
2950
4298
3970
2151
6010
537
2221
1748
1392
6611
5316
966
6983
2797
8911
415
2540
5374
990
1145
220
2288
6367
7478
4320
9973
5947
2342
2423
5437
600
755
1102
3356
2282
4994
8736
2946
1630
3864
812
6146
3507
3461
7899
7527
2869
7492
169
2998
7013
8940
5865
7548
3129
661
7931
6492
7831
6037
4590
9878
9325
5955
6010
4561
9863
3627
515
3917
1678
9593
3743
7126
333
4074
8781
2906
9578
6792
7103
8454
2173
9424
8423
1660
4889
3554
226
1620
7062
2243
5114
5592
9273
933
6821
7551
7450
3337
7664
9242
6976
6252
1319
7419
5196
8739
7215
9055
1880
5025
6914
1039
8933
6135
7705
9900
7532
4350
9672
6309
3401
8895
6854
9435
4479
8151
7852
9399
7252
1229
5455
6241
9128
7861
1478
5920
8105
1003
6463
6149
6338
1170
9739
2036
5329
4075
6659
3138
3228
6921
19
3100
3665
1355
5840
8081
9397
1884
2940
7045
886
7815
1802
650
9570
673
1910
1071
4657
1784
1795
6528
7886
3522
9970
2231
9155
4817
4106
404
1492
4713
6171
331
1210
2354
2575
7773
2021
3396
6523
6221
8063
9417
5263
8522
9367
9089
2466
4656
2164
5587
8481
1443
5126
3490
5213
142
1384
3609
8926
4579
7777
2535
5553
6172
1644
1470
9439
7215
8097
4137
9050
1260
5261
5573
8465
8468
8259
1447
2863
65
2351
9449
8240
5904
6232
4727
5205
7719
7140
2432
6388
8411
4470
1943
8443
5528
3864
9090
6878
7896
9649
5250
6558
8027
6537
7220
6181
9552
5025
6744
1883
9937
746
8860
2228
8328
4295
9648
9940
6916
6264
1720
74
5664
7748
638
6790
3318
7130
2936
4604
9168
4568
4966
416
7100
2890
213
9367
9011
8545
5653
2693
396
549
6451
7665
5610
9715
115
1233
4215
9150
9961
1631
7928
5175
894
278
5899
430
2863
2421
2088
2140
2714
5368
5779
8443
5127
5437
4081
281
928
8370
611
9026
9678
5115
1297
2972
1180
3603
7015
1703
388
18
4607
3334
2487
1924
1996
9934
3467
8580
5682
3232
604
8255
7834
1082
1886
7166
4587
4677
7151
3933
8221
1590
1020
8902
5497
5778
8981
2926
9250
9260
5405
384
1752
2696
760
2444
5955
3203
3440
4146
6814
2348
2688
7378
8421
1423
7281
214
1086
4013
9016
2337
4552
6454
1797
3016
2313
3585
6427
6217
953
541
9330
6422
7826
220
6503
5137
321
9441
1210
1384
1237
3004
7119
5873
8902
3641
480
4073
8497
8766
1840
5236
244
3068
5832
5297
899
7743
131
2370
6775
7222
3193
6272
3017
6265
9552
8201
4919
2143
9892
1644
2803
7631
1100
1548
9335
5924
4114
8671
3104
2353
7719
2187
8700
4093
6178
4758
4387
1206
4238
2577
9310
8839
4608
4014
9811
846
2855
2636
4089
2279
9153
6354
8874
195
2433
2612
1967
4284
5962
4974
3629
1459
9266
4422
9503
1006
7572
8924
87
4794
3813
3713
7904
7314
2334
3963
3023
7085
1736
8488
3069
1478
4582
824
3199
1365
3312
8504
1660
3566
2790
103
5243
9263
8948
7850
9573
185
4511
8805
3274
3930
2549
9294
8465
5439
8449
1559
7861
8469
9588
4881
2547
7474
1905
2151
6877
8441
1222
8137
7693
9067
7263
6521
2004
3710
8470
8641
8365
4484
4390
2837
2574
2931
5213
9138
8928
5287
2359
7759
2916
1753
643
3190
3977
7908
7555
7769
7357
6797
973
1131
8963
6373
1112
4207
6667
6028
7290
4755
6969
9808
3193
3376
4079
6751
2307
9616
2260
2767
3222
1589
6082
3463
5221
5939
8423
4072
2543
4095
6154
700
1283
1568
3510
3258
3874
6200
1819
1006
2470
2900
7997
7603
789
3107
8559
7266
9110
7226
5600
7939
5509
4590
3575
9384
5049
5499
1152
5172
5783
2594
3484
3194
8600
6269
8524
1625
9866
821
2876
6107
7796
1254
296
321
3592
8478
2673
2113
7379
1156
4961
5316
8495
8214
5191
6693
7993
4126
8208
8375
5047
6646
5222
9876
9415
4802
9003
4520
4583
6934
7400
8289
4350
9493
142
4254
4293
3253
5791
6571
2825
9039
7792
4627
7632
8167
4699
385
1078
1831
3631
5739
2613
4501
1059
1149
6032
420
905
8790
9475
8153
7530
445
3755
6672
966
9001
8072
936
2399
4739
8335
1637
5549
6008
8854
595
2244
1248
102
8617
3442
2751
3302
1661
5675
9848
8434
8993
8222
3873
2347
7001
7095
4672
1508
7347
871
959
7201
5697
2313
141
9432
8892
7404
976
8952
5050
2295
5436
8176
9657
8687
857
4711
4779
7142
2094
996
1117
567
9079
2713
8526
2391
1333
4541
876
4499
1507
9723
1284
4046
4404
6303
3300
3318
4410
4257
4699
896
3383
6697
2785
5696
2690
8313
6238
9960
6729
205
8777
9962
6083
5130
3234
7427
906
6500
6070
6434
8075
550
788
5713
6891
5610
4282
4553
1410
1460
2731
7837
6296
221
7183
2381
9928
2829
9701
3019
8303
916
7770
1301
946
1321
7963
9274
3069
5873
2412
7910
8186
8265
2821
2832
5909
7072
8805
7079
4030
1684
8550
5268
7473
939
3666
5861
7946
853
7499
8076
6798
3050
8131
7159
2780
9486
4766
5570
7647
5008
1484
5537
9047
4820
9650
8031
7399
4351
6472
2855
4024
2622
8988
6618
2366
2501
3828
6
7655
2101
1327
2216
8373
4336
1112
5135
133
5662
52
6423
2306
3235
9432
9022
199
3012
6221
2653
1289
5634
8461
3595
4381
4644
4052
4176
4061
1513
4793
278
5658
4759
7914
5545
3681
9268
7164
4711
3708
4514
7898
1737
4298
49
548
788
3190
9966
6419
9353
6280
1174
8717
2020
3639
7732
7834
3729
283
6936
1074
8620
869
9774
764
7546
5320
3886
5341
930
5848
1509
8944
6774
7736
6724
9296
4331
4095
3263
986
4095
5093
5439
3997
4483
6042
5893
1905
5948
1433
3434
4428
6772
3440
9277
868
4524
9284
3002
5468
9303
4625
5488
3505
4771
2229
1942
4284
6915
8435
3503
9634
7019
5950
6978
3526
5430
5776
6281
1503
9426
1980
9392
9497
2413
7080
2172
3333
8459
5856
4772
5047
1092
7795
