2847
1640
1829
7259
620
1648
1019
5061
6117
4693
5052
2710
6769
3149
6369
5938
619
4410
3505
8514
943
7521
6658
4798
3746
2420
1802
748
4580
4414
443
8901
2571
9854
6933
6274
2589
4016
6484
6680
9209
8141
7269
881
4659
3526
6442
4754
1500
9833
4478
525
2045
7579
2444
5326
4982
7031
3512
8200
9846
271
480
1702
4249
6151
139
6914
6215
95
3348
6603
7925
6825
9304
2801
251
5776
138
220
5978
7047
9247
4746
9936
9918
6855
4991
7410
1607
1292
5558
503
8284
6833
8938
7660
5566
6632
8508
3387
9527
8538
1405
6484
7875
2599
5220
8275
9642
5074
9205
6893
3292
2222
2798
1024
5734
1766
4330
9296
5147
9504
4608
8802
7790
6099
9640
9991
366
5141
4684
9144
1630
6833
6450
8508
7842
8261
2060
7319
1635
6716
7767
6532
2086
8665
7211
6062
4034
7913
1926
3800
2301
9211
8239
23
3930
2602
8694
1776
2958
5228
7909
4501
389
61
5262
6459
5771
4289
3181
7473
9706
7010
7661
8430
1736
8075
6716
9125
8888
3578
5957
2452
3215
884
6842
2418
8593
6426
4578
5239
9567
284
4361
6406
8807
3266
6143
2025
3402
751
290
9744
4732
4452
4093
5290
1550
9808
8286
5855
5886
9568
2887
9380
9271
5456
1286
9504
3218
2844
7865
9344
9711
7942
7905
9421
2649
1254
9623
8470
1932
4691
5723
8136
3287
6212
7720
8762
6791
1552
867
8784
8140
8722
9352
9999
7396
4981
7135
3350
1980
6638
8806
558
2886
945
33
6789
6546
4672
2640
295
185
9816
3923
1195
3844
4751
6092
3059
7736
2523
2713
1666
1976
9081
1204
988
8589
7906
2025
7668
4119
6273
6489
5294
5884
5165
5250
2341
6178
930
2215
2118
8911
572
8599
8323
4799
8157
6154
2645
8888
4076
5613
9456
3924
7140
8581
3804
9741
9044
8200
8639
2647
4972
6176
3912
3326
8629
5311
8679
9500
3750
6880
6805
308
594
2754
1404
481
2880
6188
432
1752
9379
8780
43
659
7033
1369
8743
6583
1445
2600
7133
2730
3575
9471
3938
4395
4687
4997
6170
2846
7474
3144
5137
7195
8807
9147
3329
4386
7177
3323
6860
2856
7768
6887
3267
6192
6132
3253
6293
7259
6567
2096
8055
1150
9746
4075
6732
1123
8815
7008
5794
7883
17
7585
4278
6235
3642
2847
1851
7885
8039
4357
9405
8122
5739
4277
4962
6688
6204
7746
8263
1434
8704
8911
6278
5377
5088
3986
7449
4732
2415
2206
5570
169
7528
8977
2838
182
2609
7031
2549
3285
1401
8407
9219
2210
2691
9933
5410
5468
9113
44
4918
1069
8745
4360
9179
1106
1307
8900
1147
9655
5398
7118
5470
5833
8787
9235
593
6762
1439
4779
4078
9173
5197
4977
32
296
9691
4067
2686
5155
8575
1981
5619
2370
7287
4501
1424
3168
9797
1731
8874
3709
5884
2893
7887
4283
2937
3386
3423
3455
9339
8648
4028
4333
5965
5745
5871
3767
4327
8882
1415
7239
6213
5991
1080
3416
1499
3099
8545
4286
7810
7424
6964
9708
5904
369
3288
2303
7090
5749
7359
6304
644
9230
5815
9927
7952
1285
6404
1541
8629
7657
8840
914
316
1635
7495
9892
1813
4470
2783
9837
4840
9137
5644
1914
1683
4320
8428
5595
2457
3568
6676
8578
1523
5110
6594
6982
175
1152
5464
213
6695
7004
5656
153
8583
6049
9392
4269
2874
3395
490
2620
2965
7522
1464
1507
3585
3900
8244
3631
2857
808
9084
5060
980
261
9391
5205
5040
513
9717
660
9005
2569
3142
7836
3480
5491
3331
5633
4928
4158
2721
9061
3078
4056
5613
4000
3646
5087
3396
6274
2908
1832
7356
5886
7919
595
9172
8321
6658
4186
9228
2360
3678
9829
3614
395
4380
3627
8026
8094
569
2610
8703
8698
8087
23
1982
6923
4648
5390
1558
9952
7116
3442
7752
7173
5213
7255
9916
2884
6318
5009
8975
741
4929
360
5382
3249
442
5217
9620
19
7060
5302
5704
297
3129
8657
7798
7896
8613
2249
3673
1267
2627
9276
5243
236
2076
6440
5182
7124
3711
5142
1775
5560
3635
7961
3768
7726
4640
8733
6481
9431
5770
1539
2891
1814
7737
7454
4044
6556
9457
2019
4271
4069
1335
7707
8114
5653
5116
5145
1172
4001
35
2496
6307
1918
3526
144
6662
5167
4888
72
3255
9879
5767
4241
5497
1087
6384
3429
2499
4622
2396
8625
7667
1691
871
7706
4224
5927
9847
8115
2609
9495
7561
2479
9395
3273
5232
973
8288
7593
792
8876
1667
9384
8763
4391
8301
7093
2210
7026
9269
1687
2646
6550
1605
1409
4829
4616
1047
5819
5919
734
5320
6773
7463
3760
2318
3288
4845
2223
5855
5411
5140
4906
3829
3519
6958
8282
2927
6479
9404
7130
3716
2820
8845
921
6849
1011
874
7986
8444
615
9925
2468
1673
57
3556
4893
1920
5003
2073
5013
2248
9987
1170
3858
6547
7739
2720
8085
4451
6546
1688
4568
6414
8788
7018
2499
7927
6541
6911
1306
2413
6859
3778
5239
5485
2671
3232
3772
9963
2064
6361
7924
4405
4391
4882
3728
1649
4987
4374
9109
8290
2788
3535
1898
8927
5357
6053
2885
3039
1056
6966
5378
8092
767
2599
5388
6209
5930
8372
3875
4506
8948
8122
2386
184
3764
163
2023
3905
3289
850
2940
2167
7801
3016
9624
3323
1880
6312
128
6617
347
732
8906
5098
982
9832
3638
1791
9494
7519
5718
6614
498
4603
9342
4666
1148
1713
5163
5193
4030
8980
9750
206
4025
3211
290
7751
2974
2064
4328
9618
8244
7257
4159
8216
9215
7288
9201
3931
6525
231
4411
5769
5131
6325
1669
3198
3673
4958
2175
166
1149
4934
2587
1366
981
8700
1072
7771
9541
5887
8817
7429
3191
6100
8370
3240
443
1126
5451
3860
2512
1231
8668
3798
4569
3981
5075
7699
1542
7092
4077
8016
9889
4161
8468
3309
4670
2792
7234
514
6215
1429
4390
637
1414
6981
2577
9030
7954
8428
2754
2547
9507
8315
7654
9917
6265
8788
6797
7000
3625
3372
6229
2448
1809
801
7540
9029
7631
5061
8570
7650
3892
4936
7644
1082
6841
8031
2384
7587
1403
6044
9745
3114
4337
1529
8508
1574
6507
8551
7044
5882
5994
233
6889
2843
5200
1941
8828
613
9441
3548
1398
2893
9857
5104
8655
4571
670
6572
3076
8234
6403
9209
5596
7580
3627
3115
8110
279
2292
5966
2522
9080
8017
2688
1655
3658
8046
4801
5881
4899
9202
1771
8146
7855
4645
6851
3256
9233
2874
3937
903
9934
5474
8809
9478
6785
4637
9309
9215
2085
3830
8548
8320
3475
1025
2318
4876
7169
3448
4997
6524
5869
690
8176
9031
4632
1063
7741
2934
6776
9859
8877
7405
8354
5062
2588
3605
9207
3209
4870
9020
8737
5585
3796
1069
654
3450
4671
6830
2327
1974
6086
5785
7877
7412
5033
9244
7298
9777
4846
5721
6896
6374
2439
2225
4953
1142
9966
8412
8437
8713
5668
3960
8577
5976
7787
283
6893
7107
8376
1182
6391
910
607
4801
3772
3091
9528
942
29
3343
6307
9429
8363
9149
2124
2362
3146
1570
6115
9512
3484
6259
8392
3614
6306
2125
7207
1900
9624
4749
2350
190
1400
3663
9329
5985
5766
7638
8452
1861
1614
9023
8383
5093
2405
6238
5596
9428
3851
5425
7137
5322
992
8864
7697
132
2518
6993
8495
1646
5883
7627
1317
5279
993
6117
8028
4699
9819
6139
6595
5508
3118
4253
7897
4460
7876
3299
1208
67
6529
7779
8048
4199
7612
7027
9198
2536
5966
9197
3467
8773
9143
6805
5978
3986
7706
3103
4100
6288
8210
897
9609
7712
8829
1629
2204
6738
967
3237
2256
9218
5784
8427
5117
8104
9579
7117
7667
3965
6919
5492
8733
621
2671
7822
6365
6312
8275
3911
6754
4772
9199
4920
1857
5631
8169
335
5370
5982
4823
2459
1568
2729
6941
4248
2988
715
1687
7873
4406
588
5436
134
9369
2717
2164
8987
5040
1006
5264
5892
8463
7055
6482
7483
19
864
6570
9486
9935
9243
1747
1684
9142
4459
3923
6004
3680
8423
4833
5650
4624
402
9504
6166
9336
9064
5550
9139
3467
9182
5295
4363
718
8930
3995
4513
6246
9457
4228
2123
4144
2201
7937
5163
8840
3751
991
4909
8793
6160
5306
6617
6172
9613
1268
8061
7551
316
8147
954
5313
7431
6019
753
3948
7384
965
212
464
9410
9758
4223
4194
2709
1506
2422
2464
4341
7325
5584
8073
641
346
7307
3875
8677
8190
1104
7662
5934
6962
5929
1310
3273
6810
6713
6182
7184
1214
1456
2786
779
4445
9382
6402
1083
2422
3462
8107
8845
5596
3209
2991
2562
2881
4672
7084
8711
6877
5270
9193
9860
2550
4529
2448
3828
2913
920
5899
4793
6240
5279
3126
5868
2798
7293
6195
963
905
2791
6255
4727
2997
8816
337
3752
2937
8747
392
2137
9628
7470
306
5944
2263
2925
8229
9916
6933
2573
8170
1501
7563
3314
2605
317
83
7122
9764
5587
8476
6120
7806
4086
9014
4465
6863
3733
4191
8696
890
4166
528
3762
5164
8769
4972
7182
3605
9872
9064
6279
4029
8331
4621
4753
7164
9682
6210
20
3669
5814
8982
4804
3660
3507
9663
6220
6929
7797
6062
4495
5724
8237
1682
4004
973
3801
8150
3835
5344
2900
3517
9892
6523
2197
2090
9475
9464
4260
7301
7180
7522
4171
5026
5076
5183
5724
101
1656
9106
8752
253
5807
3810
4568
554
5792
6649
617
3780
3363
1532
2375
4675
768
2297
9090
8280
1463
1417
188
6755
2668
496
8881
6972
1553
3211
6606
8820
5249
3699
6493
4729
6592
2647
7709
6082
1954
1642
6298
2825
8847
480
3937
5648
5147
9495
4257
2778
6093
7443
8638
239
8917
1996
7584
5311
4928
7596
9001
2580
42
1796
8531
9663
5039
7645
8083
8121
4587
3007
6325
9820
5118
7362
7907
2188
6558
3233
1824
2057
8953
3827
2727
7805
5061
6254
5811
4595
5062
2398
1153
4358
2640
3717
2783
7051
1948
4274
609
7502
1411
6136
8191
3085
1117
8817
5120
1555
4089
5396
8753
1695
5771
6944
3627
6215
9069
725
4601
8784
1833
3488
3058
2189
1854
1967
7179
1400
4579
856
239
2283
2623
4322
645
2817
5636
9641
6688
6243
1133
4256
506
9666
3645
9458
8587
5696
90
6568
7981
1222
9672
1824
5668
7923
3077
6002
1231
9150
1638
3719
6976
3232
5156
6469
9071
1448
6298
809
578
9428
4037
8357
7651
7577
2982
3392
8543
2395
3379
1483
1310
8011
2874
9017
2610
799
8653
2722
9739
9633
8409
7538
4605
7413
7279
7273
4510
7176
386
7138
9397
9280
5989
8553
7185
1314
4172
8091
4941
9685
7458
8835
5770
154
2409
8965
358
6138
3858
8272
2795
3576
1070
944
1018
6499
3752
237
297
5708
8881
1367
2008
6241
2085
2029
2021
4320
1832
1296
6626
562
7781
53
2175
9573
1767
4451
5004
8314
6914
8371
3317
2114
4343
5821
8210
5044
7535
685
7562
3935
7793
9232
803
6091
6826
9529
8069
380
6943
6038
4306
2562
1645
2232
5794
1016
8769
1444
4731
9301
5233
1982
8794
510
8049
9894
1897
6263
3818
6977
6784
1146
3733
2691
2769
8548
9250
6084
2747
2238
6382
4624
1371
876
4064
755
469
2110
27
7194
6274
6091
5954
8261
8701
5810
437
292
8041
6932
7631
1805
6561
9965
9253
3160
8828
8954
9463
7245
1766
2685
8697
2492
2918
609
611
7917
6446
7293
9424
9787
6236
6623
702
693
5191
5472
3989
6958
8110
8957
8042
5814
4606
4576
8062
1406
1622
904
1927
1515
2646
2781
5428
3589
7394
3461
5342
8092
5199
2520
3846
747
7507
7844
5568
9937
9262
8559
7968
3356
4964
2504
9134
2808
4642
2882
7886
8342
2546
9205
6295
5541
5366
7909
7140
3455
1195
7113
3299
1729
129
5897
1759
5590
5110
7295
8306
6762
9007
8124
2143
3062
2936
8570
6550
141
3646
2619
8947
4511
5575
7000
5545
5994
6224
8305
5381
9597
703
2113
8742
2149
5260
6238
3226
9067
745
3543
7698
7346
4575
1123
9334
4422
7061
3232
2605
6795
1359
6998
9808
8575
8165
8788
6154
3129
351
5765
9365
6805
1914
8709
6059
6893
9381
9994
7802
6698
5344
7483
9396
102
4921
1600
9935
4452
7665
1123
8932
2992
5699
8585
8238
3704
2305
166
3983
6472
84
97
8716
4980
4177
892
5432
5866
5063
2440
5040
7067
5429
5907
1451
3876
7602
9705
3654
6565
8852
1701
5463
9228
6832
6373
1105
3328
470
2355
4588
9215
6010
1330
6613
5246
8767
4416
5924
4028
6168
4068
9388
5224
6082
1865
7563
9792
7133
4362
6102
2599
6512
7418
7619
8382
4634
9487
8147
7804
9787
2103
5396
2708
7852
5825
1056
4099
9293
6205
5109
3186
3780
9625
396
4784
2313
238
3145
4966
8810
1312
6195
6108
6253
1988
2702
8592
3710
8231
612
9279
6268
8120
4241
4064
8672
6679
7372
257
809
3463
499
928
9252
2915
8819
6887
7021
2835
6069
4395
6342
3180
8994
8474
5908
9287
6455
5864
3123
2463
388
1062
5592
5830
6917
5660
5384
6332
6112
5633
2866
2887
4157
5346
813
5266
6855
3337
3168
5814
1571
875
2161
6216
2936
3087
9125
5766
8156
9384
223
1508
7134
8345
3074
9437
5335
3422
5998
3159
1502
689
6722
436
1529
3455
9023
3647
7661
641
2431
3118
2695
7308
892
9513
8900
9375
2893
3830
6534
9617
8175
6727
5409
1357
5752
5811
2272
1376
9930
3433
7338
9
4312
882
4152
1725
4687
9481
4064
5477
8105
7514
6952
7105
8813
9826
7453
3561
536
5959
528
2168
6624
1885
2513
9995
5026
171
7702
3211
1375
6285
711
8998
5779
2685
2996
9
5360
7174
4688
3412
9765
1057
1512
660
9775
8304
2544
5926
8357
8710
839
3970
2904
5170
3385
2426
8369
4157
6699
4516
1778
852
4101
1820
6803
7953
1325
6128
6830
7444
8200
3361
1271
7116
2402
5567
372
1852
219
6722
7627
1775
4854
2665
5445
6740
6094
609
9299
569
1640
1202
475
172
1633
8913
6955
9692
3857
1821
6978
6416
9096
913
509
7477
2699
5788
2768
7818
2054
6516
3937
9977
6888
3
5998
1436
6374
63
1859
716
6828
6261
5803
6998
2886
1099
5482
3488
8611
679
7995
8398
9743
1211
2679
3940
2155
7967
4041
306
7841
1481
8514
5123
7265
498
3283
1630
2915
5518
3318
3794
9962
6262
9587
2835
5109
3511
4591
1599
306
9279
9206
1374
8521
5539
233
5677
7323
2057
9281
8407
6021
1553
2874
5346
7746
680
9733
2387
7816
3851
572
3093
7361
4201
8435
3480
1623
9844
8831
8643
3375
2442
0
8561
2274
7140
6602
1725
264
7605
4307
858
6237
4910
7772
8409
3388
4240
5088
4429
3778
2203
3782
6454
8706
6113
4012
4320
7103
6753
4053
7479
3226
638
5031
3579
1552
4313
3072
606
4077
8007
2122
210
9544
9714
6855
2450
6429
26
92
7382
4755
4401
4864
1171
8659
3545
9854
6161
3127
2282
4622
3511
3552
6827
7631
5599
9879
4192
6856
9074
1168
4482
351
5771
81
3572
6910
8991
9257
1561
7890
7076
6661
6670
2723
8824
5773
3859
4920
8007
4458
6911
7479
1795
3385
8611
6658
2716
2082
1256
2571
2237
3170
1017
6214
273
4049
9093
1090
5087
6634
863
6903
1565
4391
7545
6850
6881
4104
8807
9825
6019
9271
8848
4616
4257
7002
8556
2386
1469
6913
4194
6909
8000
8990
5653
3906
5643
456
2449
4775
6679
2768
9833
1373
3595
7
5913
7403
5839
1761
9777
8611
3275
1430
6551
2965
4321
6401
1956
3271
5493
6707
9621
8173
2440
3954
8902
2575
8737
3639
1206
6424
1655
4032
3146
3251
9437
7475
1020
4249
1089
1152
6546
9707
7136
5583
3633
6569
2438
2688
9584
9242
8499
9178
9281
9972
3147
1660
8933
9641
1104
3338
8666
2200
554
3352
6956
9243
8284
3300
3527
6846
5380
7707
2181
4340
160
9913
1036
6857
320
2332
136
6048
4054
1964
7925
2476
4750
3174
103
7777
8542
1379
3144
7750
2486
4346
9153
3784
8626
4389
8285
9138
9160
2738
3861
792
6996
4941
9811
3233
623
2075
9320
8772
3201
2617
8145
8589
5426
4479
4493
5109
3196
5750
8303
4001
4562
4430
1854
5813
760
7252
8230
5931
4046
998
6888
1316
8103
7132
5480
9809
3363
6869
7153
6466
2058
4372
4549
9868
6201
563
8357
4147
9896
3175
5941
3410
4434
9860
6230
2565
3086
3997
2473
3371
3845
3389
4725
2203
5729
6828
486
8293
8999
4684
1746
6327
8596
1837
1942
189
9881
1986
9611
196
8894
4083
6035
871
5056
3477
6881
8242
902
2914
6722
9365
4395
3782
2620
8669
9647
2345
4139
9372
77
64
5147
5211
1428
9614
4814
2597
7918
6040
2684
1100
4385
2277
4477
9762
7354
3854
7146
2251
9946
2243
7391
6084
7961
2381
1931
4814
9216
3272
542
7535
7847
239
119
8830
8935
823
9442
5442
8663
4284
324
4861
230
5621
4979
2118
9304
2858
1315
5792
5199
1887
9426
7833
2672
9063
7249
9047
7682
9999
3381
4645
5498
5148
3253
4146
2157
5647
827
6531
4412
1703
3588
5662
1919
2529
5854
2340
7402
9812
5509
6357
1957
4749
2336
5959
812
2285
6157
9871
3573
394
7759
8663
903
5678
9363
5081
2368
832
9960
3656
2031
4784
1380
3495
8299
3764
5914
142
3208
4909
1645
7870
4489
7023
2688
748
2811
7293
3334
9871
9490
955
2957
4017
3944
4924
4758
6240
3166
772
9971
6569
9852
1852
4326
7173
3368
8840
7660
7048
6371
6014
6663
8663
8749
9889
4173
3880
2990
8614
2269
5074
7498
88
4166
1075
1826
7363
9551
3374
9005
9673
6976
2435
4937
5075
8018
2637
2696
5515
7380
3971
9632
6285
3500
3475
4292
4294
5267
4054
750
878
3250
4551
8502
4896
9071
9763
7685
3250
5347
6005
9289
4286
8042
6698
9038
4227
3725
3673
1871
1536
1183
7475
1234
8298
5441
1212
6588
691
6783
7532
2096
5496
2623
8127
6423
2424
3932
40
6004
8254
4951
9445
167
1374
4681
5346
8242
6801
4437
64
568
1593
2183
9214
9694
5775
3317
204
9455
7858
3175
6994
6467
7814
3909
3792
1662
9914
275
6613
294
3684
7669
3616
6585
1737
7307
9859
3616
94
2970
9786
6253
6719
6963
502
3313
3409
8433
647
9107
3728
585
8146
5079
7956
2978
2352
7465
889
3684
8328
6526
7824
9770
6883
3924
8566
2628
7956
8467
3457
6587
9360
4887
3388
740
9748
851
3406
478
8252
1481
9627
7506
6565
3098
9522
8536
8628
8758
4954
2393
2727
6410
4641
3260
8429
6948
80
6578
4746
781
476
2180
5649
7141
1225
3258
1691
7216
3230
1501
4059
410
5432
6846
6899
317
3204
3784
4401
29
3999
9197
3513
1064
3859
2949
245
128
2310
2799
771
6828
5731
7471
1005
7447
1857
9424
1873
6264
6845
1412
5528
3452
8334
2316
978
7795
6361
8112
3744
6295
2176
4716
6781
1278
8666
4584
3281
8275
3012
1562
4905
431
730
7231
4678
7960
5841
9451
8460
3780
1911
8137
3184
2586
3669
60
2730
1543
1971
2450
3767
4198
9054
4475
4651
1015
689
9726
8780
7272
6142
3597
3251
5282
6507
5096
2722
1102
7637
3017
1954
6909
9652
9964
4384
4039
1532
4194
7608
8605
1854
1738
6304
562
7795
707
1377
6255
2580
3663
7271
6114
670
1187
7637
8313
4885
7901
6079
8573
7338
1627
3905
8954
496
6857
4545
9090
91
611
9482
6495
2118
175
5417
4404
7292
2689
7486
5799
3719
6467
8522
3973
5746
5839
6238
8464
2326
6070
9153
3631
8115
9034
1267
227
7832
7350
65
938
6161
2286
6163
1968
4181
776
3996
495
5769
3233
1021
2196
414
279
4854
871
3104
9931
3208
4656
618
6081
6763
4021
1457
5851
8380
3083
8907
5190
6571
9942
2623
6548
9638
1432
303
6554
9792
4970
1843
5742
2694
9093
5049
6957
3216
7835
4180
395
7123
7901
4142
5408
319
80
5523
2142
510
8329
2396
912
1587
579
6662
1078
9573
3866
641
3422
568
6549
138
8237
2813
4875
3386
7670
8971
4500
2634
544
8903
8512
8066
8669
5800
7214
6229
9558
5908
8160
6043
1462
2574
930
4155
2115
2430
3970
7383
9350
7194
757
9827
573
7762
5904
2595
5443
6693
7853
3170
6009
5695
1851
2009
3075
2513
7992
5277
2358
7637
1082
7513
2407
505
8676
5663
1883
720
1271
5239
5000
7116
3284
3350
8145
8685
7492
907
9896
4619
785
2864
8055
4989
34
5767
722
8920
1079
9602
4438
8693
5025
1713
6112
3244
7419
67
9086
240
711
4722
5422
2613
8169
8892
2410
8501
3864
4390
5020
7085
5381
7739
6851
8217
9457
7417
471
2908
4941
2962
9641
1668
800
6307
2091
1571
7238
4900
1265
7425
1820
9655
3907
6063
7442
5442
6820
1141
3357
2221
5055
6689
4582
7353
3311
7286
4861
7894
3786
1
9596
6177
5299
7749
5081
3753
1812
1862
6801
838
1262
8963
3124
7595
5264
5725
3832
788
775
4015
597
9329
9551
2719
7907
2951
7086
3447
2995
4805
6709
9343
1114
1264
7828
5642
4356
6158
981
3688
3629
4957
4340
2518
958
6091
3565
6987
2089
7586
3453
4073
7119
9770
9404
266
6626
2579
9841
2129
6666
8365
8866
1995
4129
1919
7849
1860
9766
9621
1369
7674
9806
7086
386
5639
4989
7032
1760
1815
9385
99
1358
5409
1351
2635
2224
1343
1859
7562
9016
1776
6316
8852
7021
5264
6091
2344
8389
9039
8242
1705
7220
2467
6216
5779
4267
33
9384
3764
5276
9594
818
8026
2743
6567
7007
3457
644
1493
9695
6506
0
2204
605
9592
1357
954
64
5122
9548
2645
8643
2721
3573
7680
2878
8890
9192
5571
8368
2190
1959
8094
2285
9422
957
8289
6108
454
8256
2634
1699
6895
9344
1735
1705
5016
1862
6623
4422
3313
9968
4262
4216
2631
950
8097
4453
5063
3688
8117
4264
5072
3125
7504
4547
1905
9918
1183
8635
3068
4845
9609
6865
6913
945
1747
3377
1837
5975
7862
7027
2568
1149
5055
2222
7696
3878
9653
8471
2860
3836
1044
6766
139
8369
6627
3770
1839
7188
9799
5098
679
7988
1353
8467
358
7396
7302
1686
9202
4719
2615
9087
5825
1089
1696
3923
8069
5282
6850
8026
264
2711
5775
9231
3801
2843
6726
8544
4318
7977
1538
4648
6175
2764
6348
4580
9795
6587
1863
300
6575
7967
9269
8140
1220
1957
940
9049
6673
2703
5700
6557
338
1772
4833
7967
2213
2122
4666
7515
670
8758
7368
1225
3181
7966
2912
3061
4741
7116
4127
1481
3419
6550
1451
2297
3442
7634
8010
1843
1903
7676
1870
1614
2276
4981
4310
4402
7931
8380
2366
7673
1921
4348
9629
7816
599
8043
4958
3253
9044
7878
4307
9557
8576
4218
3137
3788
321
2535
4525
4578
4111
2822
5611
2994
6888
5753
8948
8200
3656
8509
5130
6361
4749
6454
9560
9070
6920
3634
1697
5398
2676
4757
2799
4024
3368
2313
3038
8057
1843
522
4081
5395
3854
7788
3561
9099
8736
6635
928
4846
9095
6758
9597
535
2748
7946
4808
2121
4658
4067
6867
6686
838
9126
1901
9354
23
1587
9625
4575
2715
891
6357
3134
4428
9735
2506
6960
2892
460
334
285
2706
6851
6303
5917
5159
2263
1276
5422
7504
916
3398
7776
3655
7394
4556
4728
5886
4207
9076
7148
7009
6353
2130
8203
400
6462
6107
3012
5439
7847
9229
4197
3732
6581
3980
3986
2823
5984
4194
7759
310
4203
7070
1798
7492
8581
9478
7033
5178
7778
1073
8684
1384
3185
3276
6352
4720
8099
5517
8696
6156
8263
9982
9656
1687
9201
4043
7073
3413
569
1904
9902
12
1317
6837
2806
9282
332
711
1819
6983
9073
7833
7661
6774
544
2813
546
3305
7627
9265
4723
466
5497
1602
2047
4221
7413
111
8291
4537
2405
3619
4609
5874
1170
8671
67
6347
469
7070
4388
7388
3697
1712
7082
430
2320
2882
1143
6387
3496
3768
5785
1303
7180
9436
4515
9714
4790
8585
1868
220
2419
7281
4578
5454
3224
1787
5603
1872
2745
4199
2835
557
4877
7335
6768
3784
4519
1616
1900
4531
8968
1903
1041
8636
7833
3305
8693
1734
4156
352
1556
1884
5201
4167
4968
6416
7133
1628
7205
533
7278
9270
3641
9297
933
5227
6426
9845
2667
730
5195
3174
6684
7337
1252
515
6240
5942
7620
9919
3093
3868
7715
2393
2642
950
5356
709
2366
352
6650
2891
4410
1366
7252
9697
8261
1743
7703
2605
6878
8848
9067
3426
5157
8382
5199
7863
2914
4452
175
1191
4007
7286
7439
3409
1555
1248
6654
9982
9871
5717
7478
2314
4079
2303
8763
5318
84
1555
2254
4496
8239
5014
3040
4245
4801
4288
7236
4259
5751
7492
7794
7913
176
5459
8883
7124
3926
3843
8141
7013
5088
7721
2734
1161
1370
6753
9347
2853
9619
9881
7779
1359
2198
5678
2952
8992
4245
3194
8608
7266
4011
2395
4231
2378
7922
9564
2137
8619
3420
1638
1391
6241
3413
5240
9408
518
2280
1879
2875
8048
4941
4383
4640
5869
9713
6435
5714
4498
2507
9890
2878
731
5234
875
3001
2693
3489
355
3239
1805
4615
727
9432
7980
8489
1538
7945
6958
6270
2434
6712
2366
319
560
2325
9628
7754
8361
2665
1486
3849
7639
6112
3529
8760
659
1006
2538
2238
6714
7028
1924
8640
1069
3432
4213
4950
6659
7379
8174
8490
8756
8227
72
3178
