3629
7454
2164
4992
3775
8675
9569
6665
7602
5542
7116
7715
328
1383
1050
5151
1827
2955
7490
3527
3412
9556
3465
5853
353
8388
9209
6657
4320
6567
890
7787
5815
1047
9519
2373
359
3910
6307
1757
8778
4049
6378
3023
1578
7572
7167
6757
1323
4049
7739
1966
2232
1810
130
4073
3988
6310
4638
5387
9466
2911
2345
1034
4651
9329
1899
9280
1864
8676
4792
7917
6647
5733
4748
9362
3177
441
4275
2781
1221
2452
5334
271
8827
8924
5554
4005
917
5445
8385
4048
9271
920
2291
5867
1704
5344
8372
2249
5672
7887
4893
2646
9256
9821
5318
6498
7062
767
895
3547
2035
1856
4165
7013
7577
2073
2206
5727
3774
7894
8363
6418
291
744
8645
5727
3442
8881
7657
7833
2069
2025
7108
3333
7559
2687
1014
9006
3605
9055
6942
149
4550
4837
2012
7415
6754
5277
8289
9631
3137
2644
8474
7778
9523
8474
2355
8512
1176
9591
3056
8181
3109
3062
1478
9
4747
831
9454
4889
1059
3200
2122
4718
951
8214
1868
5453
8731
1230
8972
8165
591
8026
4695
9424
3551
9329
3810
9084
332
2501
7829
4014
5999
8761
7039
1488
3359
2002
2667
5922
5822
3400
8572
9937
522
3756
6827
1309
6606
6901
9780
9945
619
4890
7589
5083
8366
2053
6458
5418
7021
370
4557
8557
5370
8107
8718
2190
1175
380
2094
6728
8563
3049
2342
7191
9454
4758
8902
9794
2502
2501
2478
3430
2720
7884
3395
1109
1171
1955
3122
1306
5543
7249
8901
5452
8842
14
4566
2414
5037
4636
134
6226
4807
3052
1382
7569
2547
398
5628
3607
3151
6663
2915
4520
7891
1127
5836
7485
4712
7609
1018
9219
7258
787
1184
1314
4148
6890
8348
9439
191
6487
4757
