2070
8718
3950
5068
5396
3007
8793
8108
621
5619
7244
4738
3214
1579
3439
2913
9837
8928
1003
1518
6562
5634
4966
5003
3029
8425
1751
7243
4231
5767
8950
6786
1954
6971
6586
2687
7858
9002
4671
2545
3739
5788
88
5526
1368
2456
2566
3489
6163
4737
5280
5989
4666
3767
3129
6436
3751
8946
2038
6971
1256
1549
3876
4854
6668
457
2784
6242
4992
751
5054
835
4256
8457
7778
773
5546
9440
3635
573
5859
8262
1080
9494
487
2961
2120
8187
3841
150
8935
8912
6963
7700
1289
2189
1912
5234
8857
910
9671
6323
8496
5411
9682
4444
1732
6208
5988
2356
889
4311
5311
1465
1111
2993
469
4382
4367
3707
8337
4597
2401
4841
1815
6142
3871
6556
7168
5588
8861
311
582
2724
901
9536
9765
5668
9812
6042
1229
5912
2198
1485
9261
4624
3601
5497
6588
8295
1720
7529
866
5150
2573
5074
3922
3655
3595
3539
572
5175
9039
399
3494
577
3728
2586
564
1575
3228
4800
4569
8324
2478
2425
2398
915
5580
7191
2541
8374
9968
8873
3868
1331
9445
5431
151
5826
5614
6109
2072
6272
5469
6053
6872
1798
7991
8683
895
1015
4933
5012
5066
6919
2959
2541
2672
147
2675
3006
8075
6404
997
2198
5206
166
6531
2162
1132
8296
2434
4737
5961
7118
2727
8296
2855
6424
5553
599
2923
6896
6295
1526
3440
4955
3806
6948
8372
6903
2759
4
3151
2607
8034
5668
5274
3271
846
6705
5267
5828
7550
2598
8580
196
9051
7947
4191
4662
9686
6248
4594
2075
83
1178
109
9471
8758
251
6360
9582
3790
4229
5537
2430
1586
3354
9084
7059
3021
9584
5577
8847
5332
7094
9346
3696
2945
3244
5904
5858
2756
3709
7216
6511
5409
1075
2523
6855
5559
5803
4512
595
345
5684
2038
3321
7061
6149
8610
5697
8863
7132
1640
102
670
5746
6743
2988
1832
6412
6525
5513
4346
501
6826
81
7012
9026
7020
510
830
2229
1500
7218
5071
4981
8501
9647
5056
6025
6635
6796
4634
206
6995
5624
2068
7114
5840
9662
4332
9535
5023
9146
9277
8998
6249
9843
8858
1957
6308
8034
9128
8099
4867
6633
5631
4422
5031
5689
7245
7095
7931
5806
9776
9729
879
4140
3506
1201
8012
9898
3185
7358
6178
1294
7205
2353
7940
6072
8732
8658
789
3099
9716
8600
7667
6534
5339
361
9993
7646
2083
150
2417
7236
1603
9216
9370
9548
8119
2108
6337
7656
3944
6410
4848
1770
1921
3572
9428
3277
6481
8958
6957
8586
6305
4832
6089
1175
2062
4344
8800
3145
1208
366
7815
3035
4940
8941
9690
7988
2983
8392
7953
6623
2320
3133
9154
3306
3751
5896
4613
1766
933
6716
1164
3124
3193
3830
931
6771
3127
8194
7485
3774
3308
3192
6448
3577
8594
1813
6829
2979
3882
1439
293
8088
1005
333
6266
3172
5677
2782
7423
6165
9731
7034
2211
4491
9202
4690
9841
1110
8010
2919
4861
4788
906
4178
3315
9128
6684
5577
4711
1937
9067
1634
7883
9493
6422
3075
2119
2859
7564
7758
1093
344
771
1320
4043
6273
980
1956
4375
3904
1972
5719
4968
962
6577
5505
7182
6826
7018
7137
6487
100
8070
5485
7098
8097
9150
2717
8069
6126
2571
6981
3545
251
1826
4517
4017
9586
135
7041
8148
4728
1201
807
9965
3347
6665
6921
2916
917
5893
5292
5841
426
1271
992
2273
5285
4221
5945
7122
8262
3886
8249
1333
4990
2173
4716
9136
2059
1487
7595
6690
9976
8989
1758
8898
7263
5520
3751
1431
2229
9801
7152
232
7278
1140
3118
8980
833
2244
8732
5364
4189
9918
9885
841
2952
9474
4974
1173
1948
7784
856
9429
8297
8602
5865
1437
9512
2093
5009
9765
470
4514
4893
8460
6734
8016
4054
3850
9055
5736
8302
9815
2755
2231
2500
57
9103
917
5946
7788
545
2577
9483
4444
8945
7722
1935
8676
5274
1681
9467
8740
7234
8966
4893
9675
5025
1424
4106
4936
5419
1124
2118
6211
9481
1041
6674
6066
6101
5807
2333
8595
6147
7220
9220
7893
5030
448
9515
9012
6080
5378
8575
7374
6268
9562
2580
3788
7337
2824
5032
7679
6810
1009
2369
9421
459
3271
4962
7903
1047
5869
2574
9467
9347
872
2592
13
9746
7000
4645
4576
1908
5093
8855
41
2548
4744
9942
9919
8460
2885
8728
3276
775
4654
1785
5137
4851
9798
7433
1759
5486
1611
7964
211
2803
9108
8026
5396
6969
2567
4041
336
8179
455
5770
1716
2153
2327
6872
5715
3328
5043
9443
8162
7140
9297
8691
4693
9087
7455
5161
9947
9567
2885
9090
296
7129
8644
7237
3439
6717
4546
2949
5893
8843
8391
5097
320
8883
68
2983
2524
2926
1718
8430
442
2168
9802
3070
3505
417
3332
6309
9514
7405
4094
769
5293
1365
5473
4587
3509
5089
3433
8997
8782
2094
3550
9318
8749
4200
8371
5810
9018
4472
2637
7021
7848
4455
8648
8128
7326
5574
3732
3022
3385
8237
3434
8488
4749
7622
9803
8955
3409
5481
9474
7434
9492
2721
9648
8347
8618
484
4321
9304
2046
7522
7290
5042
4767
7072
2920
838
2716
7345
7261
7934
1357
411
5611
545
8659
5062
4568
1126
4397
9415
2400
3537
4997
5203
7529
5127
4806
300
9510
6841
1253
4427
975
5863
946
8392
3720
7677
4701
8964
6238
6064
8220
1539
6076
9081
7109
9103
9688
3556
5915
3194
4907
2630
5121
3753
44
9564
9543
7793
6031
2416
7835
419
6680
6930
9435
9748
9598
267
1341
6891
6424
5432
3177
6335
5317
3458
9126
8447
8017
5703
612
5954
926
8059
9519
8344
741
7192
8348
4156
8133
6907
2933
3821
8229
7800
4858
9146
9645
7360
9504
9421
2214
9023
6769
9474
9453
8785
8436
6586
437
1095
9775
328
1804
1881
9492
8621
7410
1090
9007
2405
1918
7184
8758
9516
2499
9355
8106
7516
8599
9979
8801
656
6198
1191
3739
1902
1289
45
8891
1955
8756
1762
3719
7037
7132
2604
2017
6348
8308
6236
1736
8554
8353
7098
7502
5030
265
7252
6975
97
679
919
7986
457
2293
9118
4129
612
8141
7589
7332
7365
2199
7051
3648
156
3465
1720
2384
9894
7337
1758
9208
2362
8243
247
2303
9099
3689
8708
1637
4036
3069
8793
1276
7837
3775
3261
4743
8013
8475
1405
8206
718
8904
4371
6355
1301
3449
7345
1565
8545
4867
7080
2760
8920
1711
5623
2214
2046
6815
5029
6923
9433
5952
3295
4295
3406
5775
5811
6381
203
6976
4371
1419
5932
3551
8489
3458
3872
3891
1001
5649
6344
7143
3091
9169
5989
6032
2355
6125
8151
1047
2697
1197
3445
4481
8772
4765
5608
76
2949
5526
7638
963
1361
1569
495
5661
6828
5368
3221
2165
8341
8154
5813
9379
579
2290
2860
4126
8306
7373
3420
9686
8229
9156
4279
3174
7973
1451
4779
3723
7849
3796
942
5475
8011
5380
5781
1522
8673
327
9204
6986
2903
5986
2705
4542
5383
4066
3901
6482
1905
1482
1769
5576
2105
7952
2733
2205
7290
7321
7688
5377
589
9497
4316
4545
7212
338
1367
5199
6508
1337
5452
7978
8168
6433
6782
2243
6451
9736
7790
3906
7549
8296
1818
6366
2026
5366
3369
59
2646
3576
4232
1351
2638
3827
6396
3406
1669
8159
7329
5045
2698
8702
9974
567
6029
3790
7408
5672
1169
490
5754
7553
9531
3782
7827
2293
7678
7949
2519
1845
6968
1308
2552
2932
7105
4101
5340
4340
37
3376
573
8291
2406
2744
1208
8846
8322
1251
336
8235
7958
7697
8889
2156
7822
6679
1820
8856
6000
4102
5727
3720
5640
5484
8077
1390
6149
7041
3462
1928
8450
3068
5634
7793
9916
7462
5146
6786
2573
8981
3971
6427
7612
4283
3887
9270
2418
396
5110
425
2280
6483
8340
5934
7649
6853
2650
6922
4667
9818
2697
1280
7789
8408
9784
4890
2063
1096
2239
359
1532
5033
6282
7018
131
9299
6107
1356
1596
8806
8971
5752
1931
3036
9647
1967
4728
9700
144
3063
4811
8223
2119
2755
6284
2690
8638
9204
4499
8997
7207
1322
8157
4750
8893
7246
200
1321
5802
8349
745
1294
5326
5861
846
6944
9348
4753
8760
7817
162
2362
952
9175
5547
3309
2914
3526
734
7441
661
6903
6857
2598
1598
7649
7594
7181
4143
2400
1766
3406
3897
1794
2318
3517
2896
6258
1909
9339
3341
3885
443
6681
8835
4844
370
8981
9202
5583
4332
6674
586
8361
7688
3841
4436
2727
4262
3197
9349
2167
610
6359
6051
6755
8465
9157
6857
2030
412
6656
1617
1394
4099
6776
6459
176
3763
6753
7279
8613
7978
8559
8068
5091
2820
5535
4105
8477
9080
169
1995
8712
9990
1173
3274
4084
629
2080
6379
1212
2124
7172
5171
7676
5056
9191
4261
912
7381
4260
8964
7508
5918
736
4188
2050
8291
959
3934
2929
5051
8380
2949
243
4660
2905
1404
2925
3501
2375
9546
1683
374
6066
6488
806
3388
392
35
3628
1274
3193
1095
4820
1204
4487
2794
9253
6985
1224
5793
9670
8145
3449
6161
3744
4222
4927
3015
2151
7786
1336
7411
5005
4714
7281
7133
9851
4248
3381
8662
7898
924
306
1655
1858
7284
8129
9038
173
111
2151
5940
2276
6582
9876
3537
6925
9905
2744
6584
8460
7376
7884
5841
9938
5781
6089
105
3923
7353
2942
5005
3603
2561
7894
8746
7838
1793
4302
6459
6092
5888
2842
2040
5635
5395
5134
8423
4838
3743
208
9946
1503
6797
201
522
3040
4464
1717
6076
1195
8023
5115
2819
7168
7145
2337
9715
8688
1130
5699
5131
5602
6284
491
2572
4534
5843
205
4542
647
7666
5267
180
7144
2995
3501
6805
2360
7371
5705
3374
75
8226
5264
8069
773
22
4871
8489
3058
5419
9734
3708
8044
5076
4344
5218
6305
7629
5988
7196
4258
7175
5428
3528
2755
4935
5675
4173
3644
5531
7355
1316
5424
2324
5055
7375
1020
2422
1799
4511
972
1715
1484
5228
7932
1559
2135
2067
8651
8282
500
4730
1383
8509
9115
2900
2797
1736
5313
5837
4347
698
4845
7527
8063
8417
8283
5719
20
6969
4198
3883
5830
1476
6224
2543
5690
200
5595
1196
2799
3607
5522
5361
5030
2624
9932
6914
3209
2155
4577
9284
7109
5961
164
273
6870
3956
7164
9514
3275
6416
2047
1681
4084
6617
8900
9907
2285
6571
7209
2597
6140
4117
3038
739
5176
9484
2496
5439
8484
1368
2509
7865
2391
4913
6774
9868
1311
5950
5672
1733
3036
6081
7920
6383
1560
3840
1277
8413
3723
25
4629
6637
4945
1980
3144
2991
2923
9424
5097
7386
1460
1724
1030
1906
3906
4181
9290
9170
9842
9032
8596
6334
899
5475
9561
58
6197
6654
9179
1336
8206
4082
1716
8459
6739
5871
2920
411
1769
3782
6945
1887
853
8286
273
1311
5051
6013
2476
7378
4549
2107
8571
4691
1429
8295
5738
9469
2419
3085
6794
6268
244
3760
9179
7378
8
2570
5167
8035
1260
8879
7401
6060
2087
6709
5480
2612
5202
8249
5007
183
4178
1800
6786
6099
5511
7025
7030
8444
132
3450
7992
8683
6988
676
1642
7092
9107
2895
1303
2480
845
4440
6118
5670
4705
2510
2604
4720
2814
3126
4267
4169
8077
6610
2090
8444
6974
3079
1866
2983
5540
6723
7903
7810
887
8717
9072
1410
5066
8388
3504
2307
6946
2527
9338
9737
5682
1116
1393
3000
4420
2309
5629
7005
9183
3822
606
377
8586
3197
118
6027
1028
8319
6939
4121
6537
8307
4783
5988
3438
1193
9653
4425
9622
1959
7222
5550
7272
2352
2761
5858
1685
8866
8562
3230
1093
897
8626
7064
8110
8694
2824
1869
8270
7476
1278
8627
5587
5216
3199
7374
6332
5404
9562
3227
2656
1203
7383
7223
6600
5056
3105
6233
436
4259
4341
2162
9757
3709
3028
5640
9681
7718
7877
4743
8369
7784
6155
2145
681
8595
9962
2055
9152
5386
9525
6281
9303
5335
573
9889
3514
1402
463
3054
5589
6590
1432
4010
3135
9116
8870
1878
2188
7559
7693
8613
7527
4818
4857
4872
5048
5238
6542
8005
5093
1049
7080
5049
4733
8060
2858
4421
3135
3138
2126
8278
7255
4822
9154
1778
6351
2144
9010
1564
9725
8084
9867
1593
7693
911
8754
4485
477
5701
4841
8275
4860
2458
7961
4539
9509
6382
9277
5074
6257
4448
8742
9050
5433
9414
1358
2704
5664
3078
8520
2904
6227
4977
8280
7008
1182
5487
7356
3821
9306
8373
3943
7434
8296
3850
3418
4796
6861
4614
2268
9968
2867
3935
5307
5276
9341
816
6159
8278
9553
6049
8821
7399
7180
1936
2048
9882
4178
952
3357
4022
9025
5455
5767
7884
504
1308
753
1583
5996
6561
5842
1049
809
8552
37
2291
9670
3003
7666
365
9327
9078
4268
3256
9552
6544
253
6360
1801
3536
618
5908
1256
8246
942
7411
8168
7423
4772
8033
63
4576
2282
2991
207
7771
6589
8628
1899
9756
212
1174
3285
2991
4695
9947
1186
2510
8332
3959
1054
4393
9781
2460
5943
9934
9792
2563
7609
2625
4123
2247
8231
9633
302
4750
6796
1276
3049
1780
9955
1625
4460
2045
3323
9444
2623
8264
3550
995
6224
5657
9090
812
6978
5670
4795
9822
7048
273
7978
4026
1019
9274
5632
7965
2943
3652
2689
9944
3151
9909
9461
6551
4004
9429
9932
7735
9136
6498
7310
1528
9012
6613
6400
8466
3156
7418
2654
4631
9955
6974
4228
2776
3802
5929
606
5186
6412
5358
6500
8970
5575
3606
7844
6315
6195
2539
6807
7549
5737
7059
685
549
2962
6450
5013
4405
2873
7166
4809
5524
997
8057
9988
6177
5681
6684
2749
8075
8823
4746
1322
3778
9998
8339
5952
5405
8769
85
2270
616
610
5104
8894
2896
6288
3678
9814
7351
915
6200
2312
9246
549
975
7973
7517
3617
1666
633
9510
9789
8732
8726
991
5736
6907
551
4622
497
9607
5635
2788
4896
4192
4914
5892
9163
7092
9888
2003
6870
5397
7159
2622
2433
2076
3229
9022
366
8435
1788
7102
9452
2759
826
1878
6378
7903
7159
9380
3127
5191
6854
1307
564
9524
4350
6356
6061
2080
8353
6525
1778
8630
2640
4392
1572
6103
8557
3659
3678
1528
4255
2061
7819
8533
3336
2136
3365
3036
9514
1259
9933
507
8875
1678
8543
5851
2058
2909
7726
6872
2960
8286
81
5263
5324
821
119
6434
305
274
9346
3499
5702
1598
936
4792
3488
2031
6188
2213
2990
3025
2566
7093
6591
1270
9754
961
5848
5720
4045
5648
5933
6806
8568
5969
1979
2556
3208
2514
2016
6930
2730
9239
1913
6433
4805
7277
742
3751
2363
26
6721
5512
3881
9935
5719
2987
8671
4054
1067
9158
586
4584
6229
3698
7565
8896
3030
4966
2812
931
8822
3673
196
6060
294
3327
5180
158
6465
2477
218
2097
3357
4018
8926
421
2924
8632
249
8992
3885
9154
1447
2858
6344
8146
3009
8215
8867
5908
4247
5775
938
1431
1203
3047
5315
7821
9640
2392
7807
8512
7588
8589
8940
8488
1227
2211
4771
7144
5971
4397
4717
3820
7046
9668
2225
7338
9715
2148
317
6964
1290
556
8229
4442
1158
1925
2814
5878
5105
5103
8991
7856
1184
5372
1565
2857
3918
7855
6919
798
3444
1722
9937
9849
1058
7118
4384
1535
822
7976
8106
7492
2075
843
7221
7032
360
4497
7330
9301
9396
8892
2038
868
5405
6860
2635
1674
8103
9368
3420
1859
5229
9519
3519
9567
619
8380
3383
4039
7541
1279
5056
7128
6997
1499
5781
341
8150
4532
2497
9420
525
7617
1401
4552
9684
9068
4443
4197
4482
2710
3432
1454
4556
6246
2262
2555
7323
7654
6413
1980
1113
3290
1759
8117
3835
4909
3871
3906
1079
2294
3523
3570
6870
3999
1333
7611
8118
8967
9883
1550
3936
9186
9556
4830
7846
3602
2572
750
9236
3225
3018
496
8118
517
8306
7235
5857
3283
716
4774
5196
537
3118
2188
9187
9861
4583
557
4912
4650
4437
8355
7770
4863
8043
1927
3733
6929
270
232
2337
3121
4669
7853
9276
3026
5451
6353
5693
4098
1753
4834
8250
5109
6353
3399
6067
7368
5643
7985
9019
2015
5837
4586
8788
4662
2726
3255
2473
6379
3501
8928
3012
484
2436
2075
5867
5265
2912
6160
4410
8230
4864
814
2896
9602
104
2660
8509
4644
5860
6365
1286
2285
1213
322
7283
83
9065
4613
300
2195
3879
9313
596
2825
1822
7766
2672
4277
7531
802
4455
9482
3574
789
7151
5023
1689
9185
4557
65
4745
7829
519
7136
7642
726
9271
2113
4792
5784
6199
8299
5860
2214
4350
5550
217
71
7780
2338
9988
4232
7112
5057
1909
1803
8710
423
3171
2260
8394
9880
55
235
7449
6050
8794
3459
5183
1095
8494
559
9484
1747
4603
6156
3622
1360
6438
1600
4805
1617
1404
2218
77
513
716
5461
5226
5839
2015
8847
8942
2532
7390
6319
8243
5624
4764
8300
6755
6758
4888
6685
3844
9429
4747
5365
454
5753
8180
7350
3984
1570
7454
6776
8475
7837
157
6936
5333
3333
8232
9343
9079
9647
1617
6952
4356
8283
7912
7997
6595
8138
4845
8047
6729
4719
8374
648
5766
5351
5007
9473
7659
4665
4862
7371
5077
614
7843
406
5467
7828
2966
3421
8525
5544
7605
4197
7811
7794
1009
2170
7840
182
754
5845
6725
9407
46
3756
9462
9509
1169
9982
8326
8759
1684
4414
4784
4245
1874
3742
440
7506
2530
8767
5172
1423
9521
1185
7113
4177
2836
7971
4342
2836
1632
7476
3910
9016
645
5670
567
4086
943
5957
6658
2984
5095
9765
3859
3191
9412
3566
5920
7266
1730
334
7651
1987
673
5301
9885
8861
6643
5284
6673
3198
5640
5489
7127
4207
503
5767
3599
6204
3174
6353
6562
6573
2108
2187
6327
9756
7325
3921
4764
9270
2051
7075
1106
1297
9825
1922
8343
5344
5784
1706
7442
5659
9284
3459
7344
9605
2638
9651
2687
3645
9966
9715
4091
5376
3772
1078
9878
8486
8973
129
1535
2722
520
7403
1147
8564
4383
5829
4382
8581
7423
8255
419
1468
8911
903
7288
8648
4843
6722
7117
7673
1233
1118
9304
2335
2984
5729
7525
8747
2044
9857
6370
5655
170
4720
5138
1881
2312
8779
5222
6808
5269
4106
6221
1710
9296
2622
6465
2868
3789
1229
3642
2251
3011
3861
1488
9401
8098
8812
5580
8653
8303
5634
6536
7566
1884
4763
1297
4190
5764
5407
6336
6063
1499
309
2404
7127
4897
7593
3038
361
9264
4656
4958
814
6214
4119
2644
6309
3232
5737
3782
3500
3199
6568
8505
9634
7569
8654
9825
4532
1324
2274
7104
8381
4893
7578
751
2702
1457
4360
4504
505
5773
5219
9388
3647
676
5722
1352
7765
2119
4988
958
27
1625
2835
2864
4931
1804
2769
9558
6242
7767
8505
9036
6990
7552
6576
5921
8636
3367
9942
4851
8871
1233
3277
7727
7979
7179
4857
8958
1847
7302
2060
2413
6336
1316
7077
6756
2057
4713
5820
898
8687
4802
8262
2737
7267
6183
2398
6094
4100
9800
2716
4398
2177
137
2086
8794
8348
5108
4885
7751
6946
3811
7710
8939
5707
6092
2700
5674
475
9820
3863
3922
7546
9044
6164
4069
2971
539
459
1796
4781
8763
4858
2046
4586
7661
236
6198
9230
8282
8408
6949
9828
8069
3952
4876
7091
9322
7030
1175
3482
6724
5619
4279
5937
8793
6851
3132
3972
8017
5822
7808
4648
3088
2969
8182
8953
5664
4353
8045
5855
6501
6444
2192
1412
6913
4093
9477
5092
1288
6977
3648
3509
9284
8313
8057
3144
578
6109
5792
810
7103
2226
1212
2460
599
2301
6740
5099
5769
5922
1427
4969
8984
5319
6981
280
3426
2867
9023
4700
7373
8040
2684
1039
2174
4299
5364
4774
4912
5038
8375
9555
8560
7235
8751
4275
5231
9732
812
4612
7353
4378
9322
5365
5549
8679
4524
3964
1331
7777
9717
7710
7085
1092
3436
9062
9541
173
285
6299
6936
1965
186
730
7547
1872
6408
1749
6567
2706
5048
3694
2054
4410
7347
2995
8717
7319
5490
3495
9775
1400
3443
7134
5320
664
2469
7468
3798
9688
4733
5057
9446
4513
7676
5388
4191
8592
7818
3676
2270
2774
7396
