8431
3098
1384
4236
4907
183
5209
6730
2445
5714
4362
6691
8890
7832
101
8130
4043
3145
5025
3773
5285
8384
778
5381
974
1491
1556
4209
2864
1917
2288
7743
5302
2868
2321
5356
6433
5263
5026
4661
2076
2883
2678
5121
1208
5926
2217
1900
7737
7737
3984
3230
8097
9392
3629
46
2319
6002
3261
3415
8627
999
3865
528
3425
6619
1389
6021
5510
4745
1696
8779
8118
363
1696
2402
5706
5657
4173
5048
9274
9656
6472
5126
7932
9058
9646
5910
9239
2275
3036
430
2001
1611
6034
1076
9017
2149
1695
4589
4536
6196
6389
2991
6041
5204
5111
7733
7695
1227
4339
6662
1829
8213
4140
8971
4527
8739
2595
4367
6972
5479
6781
3235
1708
1265
6778
6507
4329
620
3384
3556
3961
9584
511
3078
3266
3480
9085
2728
3946
1912
8214
8012
7936
6374
8601
3788
7470
7062
6548
278
9554
7328
7616
9057
9414
3154
1283
4775
8426
8604
3404
7074
7843
782
2700
2245
7701
1062
5704
1047
9653
9867
420
5060
7264
8769
5298
5333
2664
2989
9037
7266
4071
3105
4002
6632
1967
1454
3664
112
2196
4310
4301
5342
8508
1140
169
7153
3674
6356
6086
6407
1358
5501
625
9687
6907
2556
1792
644
7855
5949
2110
5436
9567
6137
3002
4737
6780
6067
277
6247
7398
5591
8850
5342
5565
5078
6551
6124
8600
8144
1659
6308
6903
2629
5908
8569
2479
4315
9725
9411
9661
3020
2257
6247
2199
8864
5774
2370
8137
5431
373
7606
6078
9839
9009
5766
6651
5282
4121
1829
6004
5668
2043
9710
4289
5802
8533
6937
229
4432
2257
2464
6342
866
6585
4377
3334
2602
3143
6700
9303
4181
7986
3169
7771
4052
229
7064
3619
141
1918
7196
193
7895
3406
3992
976
2547
1957
6396
331
8836
2140
3704
3173
7908
1264
5212
3253
4631
2432
4048
2139
7420
2525
1823
7682
8874
1938
237
5572
1468
3318
88
2514
5060
2271
8446
7459
2593
3401
786
645
6746
6369
466
2040
4282
9995
9862
2788
5017
3811
8987
7708
7870
5057
2772
5370
1583
6310
2102
608
1720
824
8862
5518
2051
1189
8113
5637
2817
7752
659
1230
1646
3402
5393
1051
2058
9782
3399
8878
2076
7448
554
7657
4330
2380
4644
3
9498
3076
5876
6283
1298
178
8925
5921
7506
4948
9988
3092
1882
4225
9970
7265
3151
7757
6061
4467
9663
1721
3311
1800
2910
3224
8532
4271
269
1205
1188
9671
6545
8109
6139
9741
1876
4376
9932
1467
4477
9472
3545
7110
9793
307
6996
7851
7478
3289
4505
6572
6318
177
340
7777
9765
4075
3372
8074
1646
4654
5652
6300
3759
317
6546
3773
8086
229
5389
8775
7825
4594
9989
191
8175
6200
2006
2603
6228
681
6793
6979
6699
4615
3352
6368
7768
8361
9975
7800
1004
1857
9821
9823
3819
7245
3350
9476
3760
3222
9764
7248
7900
5730
8747
1724
187
149
9601
3564
2069
769
1846
965
7860
8672
9600
9143
6965
178
6004
9724
253
7588
7770
5967
4772
166
6371
930
2849
2530
8842
3005
916
9544
9078
968
5868
1627
6180
7619
8760
6411
5731
235
11
8855
1962
5146
7644
4207
2510
3581
7218
40
6994
311
7959
2780
6951
21
3778
8671
714
9538
1926
8840
49
8316
9594
8631
3275
5338
3998
8384
964
3841
1857
7535
5955
5917
8203
1224
3286
8642
20
5261
5786
875
2550
8766
3009
3087
4675
6159
3841
88
5697
6192
8308
1170
8806
3646
5552
9012
931
7172
9583
8834
9076
3152
8454
424
6824
1034
1817
2553
5385
2071
9518
6664
3054
9173
5765
827
5622
187
662
7839
4543
875
8144
5665
9227
4784
7110
4557
5672
4273
7711
2847
5678
6952
1799
9397
312
2585
6263
3641
4341
1288
4703
3626
6673
1644
8116
9633
7880
4725
3389
743
6510
1743
4290
8200
5008
2788
1197
2040
3923
7259
6881
1111
4360
6670
986
6102
7373
6368
514
3037
3924
7020
3497
3255
6171
4518
8991
7582
6668
7477
6676
946
884
6967
6337
3934
2661
3599
4388
7523
1388
4223
9717
7081
4406
3592
9266
2
658
2014
2259
1511
4210
351
6819
9489
8246
1035
2028
490
3796
3614
5371
6446
583
5934
226
7392
333
7051
3440
3774
1980
2990
1649
9701
7302
6415
8848
2579
5252
8989
6924
4654
5217
5165
6735
532
148
6847
5687
1626
1570
3898
3726
7773
8851
3271
6498
8471
3365
1873
9669
3606
8573
8485
9531
1219
8701
7117
2187
1831
2186
9449
5237
4807
6689
717
1228
5417
9199
9694
7243
3485
1363
1814
2203
8081
9263
3875
849
4031
9916
376
9213
3378
9319
3318
6080
6732
5633
5515
1830
3031
4660
3856
9439
2121
8660
8919
1084
8133
2042
1081
9272
3671
4630
6183
2242
6759
6281
1449
1956
4825
6267
8155
1914
1810
236
1859
5487
3371
4637
4496
9783
3683
7863
4212
8825
7506
2375
82
9420
344
2791
2715
1988
8835
1103
5541
8748
3136
1075
9321
450
4184
3559
7004
6763
6504
1942
7628
1884
6801
3431
7713
3496
7546
1297
5589
5808
417
7358
4736
4384
6199
2028
1611
2034
3551
6167
3078
706
4694
3111
2351
2295
5315
4045
5599
123
858
7449
2320
5564
4746
8197
2619
6913
5078
9219
4442
7538
5513
9733
8330
5778
6339
4936
4251
2155
1948
4970
3211
337
8863
6921
7190
3690
1080
5417
8180
3500
5697
5466
4949
2968
5037
9171
9637
8001
9409
4698
6955
4332
1725
5540
5193
4960
4780
6572
5956
379
9794
3443
8175
5888
4237
1982
6700
7824
1007
8928
5832
9660
1038
941
1840
47
4783
5361
740
7167
5298
6249
2746
7249
8014
8878
8612
3323
1728
2229
8909
4507
9461
7801
3705
2253
7290
9061
8731
3055
2471
1813
6994
480
8865
7294
3294
783
3699
5145
177
9419
5832
8788
5080
3545
697
926
7873
5359
3369
3376
6095
8777
19
1325
199
3236
7235
9586
2757
5721
6630
7685
4696
3485
9254
2265
8383
719
5583
7829
9624
6583
2052
9490
8675
672
2721
160
1556
6364
1188
3372
9685
9094
5717
8217
461
7540
7095
58
3547
4112
2388
4455
2789
8147
4092
1595
4291
8431
2542
7153
9775
5540
3752
9512
6725
528
2649
9526
515
7075
8030
6392
4533
3258
7999
5601
7767
1037
1804
842
3624
5525
4281
5511
4194
7597
6701
528
6580
1126
5869
3124
3822
4035
3596
4144
5342
6204
1492
9932
4890
7568
9543
6471
6082
5995
9921
9531
147
8490
3827
3253
6627
1699
3528
4249
1259
8240
5317
9128
3827
2121
2945
9388
1206
4905
2570
498
9661
3854
258
1562
9545
1871
5951
6056
5982
7809
9429
8199
7675
7169
380
8089
7298
2615
6497
2122
506
9347
2885
7102
887
2364
6105
2769
4622
154
5265
1176
3425
9423
9870
6292
8232
2264
3708
4755
5747
7472
8267
3449
8811
7118
1452
6657
1741
4855
2090
8591
8408
448
9992
313
969
3156
675
7180
5766
3182
1433
5827
2544
8252
4774
8252
7299
4088
9857
5033
8906
1741
6374
3033
1079
9435
8291
3768
911
9447
1027
9767
8063
6673
2768
2976
9430
9556
5322
5076
1589
6527
8989
2564
6039
2439
905
558
2344
3200
9358
7653
4998
7056
9685
6666
4073
6958
9233
1534
4864
6906
6269
6319
2154
1666
7764
5870
5483
1797
8821
7743
8765
4781
3444
2378
2751
3809
6993
8640
8529
7732
1424
7710
88
3374
4768
1007
6988
6101
8903
2472
322
3788
211
4682
258
2670
410
4373
4675
5034
5075
547
4379
1614
8887
216
3611
7306
3915
263
9964
593
3004
7132
5481
8558
6230
8779
6897
6756
8882
9381
2893
6348
7420
4977
4570
8761
2120
81
3399
2620
3965
3495
2656
877
3331
8473
4487
4552
7395
9681
2186
8639
2507
9729
783
3078
9201
1699
6440
1630
7476
7918
6151
5693
7653
8030
4194
3910
5646
4849
5186
3834
6864
7344
6628
9509
4475
4604
5227
7756
4292
2345
9360
9201
7194
4254
3841
7691
4193
1491
9560
420
3640
1769
5144
6046
7343
6963
3224
5300
4279
576
8905
2545
4495
8352
1775
5163
3101
1274
8602
4596
6472
8684
7337
5130
8558
6950
8498
3399
4189
6502
9716
4154
5289
4765
193
5094
2199
581
2166
7512
1379
9926
3476
3715
3439
6814
4706
8841
2478
8678
4590
2919
2888
4963
3948
4956
4432
13
7487
392
8464
9825
1111
7776
860
4750
7256
9729
8159
6681
2963
2519
9107
1090
3216
6545
5207
3621
1691
1743
2244
9657
920
5510
1912
6797
1265
325
817
5236
661
2186
3093
1773
9048
1554
8815
5699
2855
8688
9557
4976
682
5797
5714
2070
3811
1798
1746
7403
9749
810
8322
5744
8148
8807
8904
5600
5864
4063
3484
6931
8911
2922
6019
776
9425
7334
2042
1662
7729
9507
766
3002
2185
7267
8974
5122
9796
9841
2985
9467
8578
3414
5487
9851
3864
7349
3624
240
2649
3214
9835
8792
5203
2626
6065
7759
9778
4938
2645
6476
9756
84
9673
241
44
5319
3558
880
9832
3781
5804
6022
1077
4017
8352
5497
7435
6167
6912
2075
3710
1801
9012
4514
9672
1973
7798
9559
1202
1215
5344
4857
7195
6508
9710
8494
3740
5246
9806
8544
3791
2743
408
8867
7410
3812
7714
1185
4274
567
323
3610
8025
570
2766
7955
1071
5158
568
8071
7520
3999
9678
8616
8437
946
8827
4569
4307
9858
1757
2189
6361
8367
8283
966
1392
144
7104
5860
4258
6612
5284
634
891
1734
6832
6625
3741
1755
7422
8581
4677
1735
1023
9792
3065
1791
430
6463
4985
3145
6878
4415
8810
8134
7248
9657
2286
1800
6562
927
8053
4707
3812
908
8714
9043
7725
6702
4114
2201
827
2551
2436
3175
7511
4625
7344
8491
7900
9601
9714
641
875
1113
9733
869
1824
2756
4485
7174
4339
1941
5193
6494
527
9969
7923
115
1077
4021
4066
3728
2349
2783
2317
4327
1979
5635
623
2623
2313
3794
3899
6961
1212
7412
3832
2698
1174
7845
7219
4968
2216
6939
7861
8886
7358
5941
2647
7541
6701
7228
7413
3879
5535
5985
8291
8091
8795
5406
8889
6188
2133
1862
4861
544
8041
8232
5282
3115
6137
5225
8940
3232
6801
9097
1511
5410
4922
3431
6969
6037
2987
3082
5921
5084
6381
20
1425
5227
9120
5740
3902
5768
8955
1030
2835
353
2077
7317
844
9126
659
9532
1403
1476
8287
4180
7078
6437
4473
2881
3169
5364
8437
2851
3201
9051
5941
9777
4163
8021
6806
54
3994
396
1322
3172
4277
5770
6261
1157
3332
7604
2586
7842
5378
3455
1678
4444
6796
2200
2941
4988
753
6239
2571
8538
7330
6103
7829
3784
4412
2300
3153
2823
2320
604
5537
1007
154
5114
9903
1307
175
3316
9548
5564
2778
594
7473
9745
7373
1496
2980
1962
5079
1817
9301
7754
7825
2784
5842
8173
7940
2477
6745
1032
4450
9762
5522
4774
7917
670
4290
1681
2297
1634
4812
7437
6691
7006
5760
6736
8630
8084
6411
2916
9319
1191
7744
502
1302
7783
3181
7370
9272
1729
3367
7698
6570
8515
1113
3015
5072
2699
1827
6702
7206
1298
9665
3445
7005
1864
1063
819
7023
9106
9543
9856
6066
3828
1713
3259
2018
5020
3471
134
7488
6919
2409
567
8267
7114
866
8175
5892
2744
1663
5931
6257
9708
5710
8020
1525
4298
3496
9437
6719
2362
346
166
2186
3510
1631
2742
6802
7853
996
51
9227
1692
9213
286
8889
9098
5178
9891
998
2888
4926
4278
7442
3612
3599
6357
8118
3692
1734
7720
1523
4033
3415
5125
6573
2242
8380
4756
5482
8124
1372
8038
1748
1612
6703
4564
495
5424
9130
2426
9120
3605
8439
3830
7436
6067
2723
8574
9911
5273
4624
3109
6119
3276
8528
5193
8277
4087
3712
6646
717
421
4408
2874
1515
6887
2530
5830
6908
9034
5862
2693
4562
9308
8599
7917
5594
9584
7689
505
9519
9806
4844
208
3499
8263
1919
8472
3083
1510
6287
6407
1711
2483
1709
8698
9197
5564
2315
548
3537
6893
1665
877
9410
1930
8547
6810
4677
611
9599
8692
6398
3207
7127
910
5577
4199
9374
3252
4967
4058
2747
5398
2747
9455
982
2078
7598
9900
8720
29
7269
7140
6968
2625
8140
3967
798
1569
9715
5108
3795
2471
1911
7594
9
8504
5355
798
3121
4997
6190
9062
5580
9479
4146
6267
8130
9955
947
6469
9212
4776
1891
9569
1423
9257
6238
4502
2769
1610
3401
7804
3537
9859
262
275
3487
5152
9446
2478
6722
6800
6778
3722
3839
8206
1559
7488
8478
1873
5836
842
622
3246
5896
9018
580
2341
6171
751
2265
853
8028
1511
1596
8385
5525
5721
9216
3871
2780
2978
509
8469
9746
2411
7997
8168
5729
3216
7697
8750
6023
896
5773
2558
7182
291
3962
1244
9694
1145
8980
8694
212
5869
8772
5267
2126
5454
2681
5838
8272
4607
9093
2858
333
2152
3499
3485
1020
2411
6612
2954
3053
3515
4830
7131
5737
9037
1202
5234
1759
7972
4176
1634
3997
1814
8256
3877
3639
2730
6042
274
535
1859
477
1415
1803
2914
2225
5030
6791
477
223
7282
4532
6026
5640
6697
1039
1640
9530
3088
4251
7446
4078
300
430
7458
8861
8518
3895
9622
9845
8290
6369
6337
2418
1193
3037
3414
5328
2822
6812
6172
8442
1281
7748
6894
7101
7971
6173
1559
2838
1999
3199
2953
6022
3088
7781
177
985
4344
4053
3706
1134
7169
631
1933
913
8195
3607
4446
3660
7624
6311
6707
6276
8079
9003
2797
2551
3536
356
890
2344
2336
6783
7846
5090
3415
314
9329
3412
2859
2428
984
8769
3105
5037
1273
650
5815
5981
8906
4363
1726
7898
5213
5687
6492
6677
7943
4085
4983
7625
7448
3987
3163
1362
8797
385
2784
6842
7497
7880
4277
1034
800
5195
5327
7938
3171
3041
7730
2146
6736
7555
1450
6526
617
4438
1569
2159
8598
6738
2371
5244
8428
5233
4980
6996
5606
1742
6240
887
7865
8972
8483
1025
85
692
7097
17
360
8553
3505
4901
6354
2837
888
9893
2537
6636
744
4359
8816
625
8243
759
5509
9033
2605
5567
215
8330
2332
1428
6801
6842
4280
7764
9071
424
6441
9924
7340
1552
1798
45
3232
7469
8889
5591
4345
5086
4458
8970
998
1880
2071
7240
729
7724
5516
1052
8087
1530
9801
2029
6221
2077
8100
9512
8556
3124
822
2113
195
819
7019
7263
8826
8198
7526
8039
143
7013
1222
5129
3872
3362
430
4920
4771
7040
7035
1347
4907
5388
1836
5809
1750
9769
3823
1155
9368
9377
7035
1220
4264
2345
8775
178
4861
4807
8413
2530
197
7476
909
1074
308
4672
8157
2859
1647
3179
4740
1515
6089
9474
7205
4806
8983
1209
5513
9057
4374
6371
8671
765
9978
1
865
1526
4587
252
59
9963
8626
4504
1150
7431
4478
762
5501
7078
1612
964
9507
6189
4636
5519
5130
4789
5140
3968
1195
3651
9294
9356
8156
3825
8805
144
1096
306
3806
6630
8271
1395
3119
4777
2889
1585
8324
9774
327
8220
5708
8435
7445
3409
6864
2482
6128
4458
4870
6075
6386
618
9056
6408
669
9270
6347
7325
8625
4334
9666
5194
3271
4981
2692
8112
3069
9859
2630
3545
6465
5366
3640
2974
7943
858
1911
4746
6961
6323
4015
6637
5436
7730
243
7653
2338
6711
4107
3618
5237
998
1148
5993
8553
513
5163
2463
716
8751
9412
6268
1828
1325
9610
1020
6978
6081
8465
9810
7358
1601
364
2302
318
3029
9758
5541
4737
5039
5774
6357
5751
9011
8307
5466
4217
7646
4421
7429
5695
9447
4029
8209
6910
7746
4808
4110
8120
9223
674
6256
8246
4297
6259
3636
634
8846
5675
5524
755
9622
7725
5677
2976
3054
517
2816
3017
4144
6803
9331
1660
1035
4115
7910
7571
2154
5391
2571
8220
5647
7420
5514
4364
9518
8111
1454
2751
4671
4831
5370
1971
8897
6674
6073
1722
8352
5233
3856
7229
1992
1093
3976
2420
1342
4596
7210
182
8349
6065
8480
3455
3103
7303
5107
2201
2211
1312
3458
4942
9063
65
8345
9312
1432
7360
2762
4361
8042
6188
9218
6921
1534
5341
6228
4554
3444
3094
3022
4922
900
1272
4402
8606
6351
1915
8867
1593
1566
3871
9511
7040
1774
8913
8166
1926
2747
4663
987
3982
1833
2849
2139
2160
6846
1559
1920
7761
1075
553
8756
9116
8290
8536
4042
7790
5663
9739
2961
9517
8492
1169
2794
4170
6677
2178
5146
2621
7175
4301
1806
8781
2106
9039
3089
8051
9132
2242
1759
4791
9994
1106
518
1013
5115
394
8750
3237
4871
375
6263
3007
1702
1470
5490
663
55
7969
5483
4668
6412
9299
586
6773
8746
9975
7010
9250
5447
5990
8658
3421
7980
8169
9522
7386
650
1780
9055
6283
3427
1908
7750
6799
8038
8799
7079
635
3548
2425
7995
1163
6758
7090
8379
695
519
3745
2267
5139
3383
9499
7790
8880
1717
2842
5026
3532
1947
8104
13
8274
8913
9199
1240
4503
1548
3786
8735
9946
2895
6374
5701
3022
7994
7495
6662
890
9790
8827
6866
6904
9512
3915
2899
3928
4118
8869
5082
5195
3772
3546
8688
5444
2411
9721
2249
7559
5849
3875
9146
6732
5010
2320
2243
7008
3797
4767
885
4222
6180
4136
3741
3120
1237
3108
8762
4997
6300
7312
384
2678
8704
3539
6174
9349
7686
256
611
8273
5245
9102
5040
5914
9680
133
1894
7192
1672
5890
131
9350
7983
860
9015
9635
9805
5568
4207
9302
959
7251
1258
8537
3491
6467
8028
1471
6145
2894
9322
3540
4156
2612
8976
7077
9096
7827
3439
1103
1214
1569
3325
410
7181
1033
4694
7843
4524
6539
9544
2118
6049
1308
7314
7993
7844
6502
2423
3213
2105
423
1046
8777
6567
6590
5194
5371
1883
1937
538
1977
2128
3104
8088
9389
3926
848
1356
2457
1772
184
6946
9606
3350
7204
7491
2848
5297
983
9233
2594
5403
226
8998
791
523
4548
3842
590
5839
9323
5960
2586
6000
7566
9989
2945
3220
7925
4067
6995
5145
9966
1440
1920
3476
1439
5426
9363
9099
2346
74
899
2704
7943
6574
1902
4105
7297
8866
9377
7006
766
6617
2449
4224
4360
3605
5784
7215
4545
9627
7372
6916
2237
7449
5437
8785
7078
7314
9083
9121
4478
1491
3493
9248
5060
9882
8056
992
8086
8839
5923
9059
4689
9989
4379
3349
8990
7696
9116
7833
9642
2148
4553
2718
2701
3983
466
494
1136
3117
7027
9982
9782
255
2527
9274
3123
3200
9163
4477
5548
4792
9129
5705
3704
8313
2226
2248
3069
2088
9794
9381
8198
1249
9479
2330
6937
775
6547
1076
9415
7562
9855
4968
1812
5940
9276
4433
7461
5104
225
5790
8532
4638
2285
4849
3019
8847
9013
4388
1756
8218
7425
9048
3322
7645
1783
8532
775
197
2337
2348
6653
8086
5062
7986
4936
4160
3893
7764
9036
7793
4786
7965
1863
4004
849
3560
8964
4630
9310
8089
1761
2158
9320
1196
137
807
1645
4166
4156
743
3657
7263
2767
7876
9136
445
9576
4298
9913
8859
4953
1249
5352
3963
3432
9459
7185
9318
6796
8223
9568
6145
886
4247
586
4495
8766
3865
7849
4129
2514
9727
3607
8292
4135
7522
5198
3986
4867
404
3984
4666
4716
451
3135
512
6806
5356
7764
677
3621
2327
7370
5932
1175
7512
6377
8519
7290
4641
1678
5710
6448
5783
6344
5226
7642
7059
9828
5909
4261
3199
4451
6391
4239
4902
1428
434
1111
74
7688
3410
6101
7172
507
187
2357
7674
7117
6622
1145
6678
6696
225
8725
8273
8217
8933
4107
7909
2870
9746
5528
1854
6415
422
7875
978
1693
6273
6083
5942
7407
7215
6952
8268
9609
9276
5276
6157
2868
9967
9941
3205
4764
7582
6502
4225
7665
5965
6684
2495
6327
3202
7204
7941
7881
4246
756
84
2311
1378
5981
844
539
5202
9271
9480
3272
457
8664
8940
3657
7949
5040
2902
9805
2322
7090
8833
3919
3649
3312
5727
9588
3588
9614
4205
11
9010
386
5362
8520
5191
3845
1489
3986
9097
2666
9561
8311
7022
953
7208
7301
7744
8838
8377
8161
4301
8136
5559
7156
1923
6164
8662
8066
253
1256
6950
5588
5066
9468
4261
71
3301
420
8465
4104
3551
8916
707
9656
7528
521
6897
2696
6104
8426
1843
4749
1237
6043
5710
874
4827
8206
6597
9026
5183
3423
3733
7841
5715
3973
3244
7554
6691
7136
4000
7324
372
4273
4610
5385
7428
5902
9627
1401
9267
5966
1961
1827
9412
2200
4350
9022
3757
3387
5244
5094
3823
9438
8921
127
5183
2866
3941
3555
7277
9342
6004
8968
4426
4519
4377
6964
1433
325
3445
8924
8579
5195
9759
9216
1462
1905
8428
3514
9622
4222
3796
3303
1892
8905
3501
934
5351
4482
202
4562
1961
6072
4124
9924
9961
2993
7401
4892
7823
7386
7588
3432
9942
6319
6515
8627
9678
9704
8665
3277
4438
426
3932
3054
5546
2701
7075
5520
1018
3442
1612
6951
123
8882
6962
2507
1071
9835
9255
8468
4504
3535
5690
2235
6633
363
3360
5572
2390
4873
1255
5647
5816
6924
124
1535
2139
1069
4377
7259
5917
1880
3874
4381
5774
637
3309
1059
9356
4007
7555
9843
448
196
8773
902
4735
1696
6421
5183
9340
1503
3130
6144
2186
5965
1134
3198
8758
5427
368
2
5457
1996
2550
2623
9661
1309
6461
5996
7053
2300
6215
8382
7318
1412
5198
5619
8151
9221
6799
442
4648
9194
7918
4413
8750
7729
2194
9808
9502
111
2301
3929
3639
7553
4386
8452
7646
6149
1240
3425
5235
424
8129
7040
5288
4748
8826
774
767
5514
5047
9537
8627
9925
5354
6262
4077
8136
3873
1932
9114
6652
6494
6942
9999
2286
4742
9764
7026
6745
7973
2001
7981
3374
5207
4223
1065
878
9125
4001
8902
1420
9041
3987
5064
2763
5301
3714
2199
8123
4375
9509
2276
9308
4310
8582
3930
1186
7040
3002
6
