5044
7314
8142
1371
8808
8601
8121
2681
7447
8306
3687
3919
6974
7484
6627
7837
2920
8709
2724
4667
942
6426
578
3328
6598
6572
62
9557
285
891
4196
8775
4012
9267
5863
3976
6564
4507
6128
7431
6262
1832
1099
6755
5405
7283
9098
382
8467
740
7395
5186
7662
9981
4878
8617
6736
4813
4772
2236
8539
8563
2395
6556
4110
4912
9906
7707
1621
2651
1273
8412
2580
5293
8404
9110
5327
3822
7923
9314
7474
9679
1090
9544
3495
9009
1112
4031
4389
7245
7239
1750
9734
3892
8892
7699
9436
4543
2644
493
7376
1391
8760
5815
9467
8983
2606
2368
1577
5768
3289
2913
6890
5457
4762
8859
7472
2851
3060
5101
3799
5875
3318
4376
5411
9522
8677
8688
6401
705
9673
784
1177
7429
1938
6082
918
5275
77
4512
6402
8744
2453
8620
3956
4326
4860
4277
9129
32
226
6585
1482
7543
6694
1500
8073
4384
403
9944
305
3917
5967
872
6094
2505
1735
9460
3519
8679
7940
2197
2773
8548
8698
5055
3422
4697
420
1085
4662
4400
9558
6368
478
3088
9302
3634
735
437
8009
6534
4871
132
4207
2485
2777
1581
2526
1451
2591
5399
757
450
2092
8028
3811
2933
8845
1639
8078
3376
3964
9318
5282
5904
4358
9598
393
3006
3202
8101
8724
3082
669
1406
7326
2640
4341
6213
2278
1840
2171
8969
8493
9262
3643
9108
4275
2450
9276
6368
4789
9096
2359
4633
2569
5552
4850
8303
8126
3178
1188
9519
8248
4490
6674
7675
9780
686
702
1170
8592
2631
9361
6237
1205
4995
824
6019
2260
5250
5323
7943
3730
6833
3311
9628
723
6036
8836
1774
7790
6038
8086
9099
652
2651
720
4003
2587
5968
9328
3588
1747
8105
7776
2157
9735
6121
3428
7573
4727
8831
6042
2876
7855
3244
5789
1414
1178
7046
6952
3744
1850
8928
3380
2554
4545
261
5584
8553
4275
6821
3431
6292
5922
1734
6195
5625
9057
1154
9892
4601
2607
1262
7046
8958
9995
5210
1244
7407
6862
9306
2825
5540
9016
5584
1738
2819
4724
5222
7611
9474
536
4875
3298
7906
5399
9749
6954
6121
7049
164
2357
24
7154
2350
1136
587
1881
4421
2558
9335
9017
8176
1691
4968
3995
7890
7276
337
9995
3375
900
3835
3542
418
4065
7732
7964
9140
3559
245
8255
5123
358
6698
6948
2801
8386
6665
4447
1151
938
302
2664
8276
457
2359
3183
8329
3910
7508
2473
6616
6125
3674
9263
8522
6481
6735
8285
3403
2622
2740
862
2312
1079
3893
7818
4992
8020
1194
9503
610
5890
8844
2436
597
1171
5265
9961
1705
4548
9634
5229
6050
7772
1639
8997
6684
7434
8426
6319
1651
8379
1044
8528
8197
9440
351
7197
6563
4540
8190
309
2716
8004
1862
726
7281
1237
8666
7351
1216
6774
6579
8854
2988
7510
4811
4540
9439
4895
1134
7558
9593
4875
7852
2230
4846
315
4238
1156
819
8068
3397
7164
6357
9324
2513
8045
5909
913
1716
5446
8768
1075
5102
4876
1800
2189
5539
686
4628
5811
7757
1667
3406
632
716
7840
151
9631
5879
6965
6998
7509
6531
3148
3376
9415
2497
3663
4997
6765
8630
8525
3179
5687
8789
8517
9772
2976
430
2656
4776
3552
6528
5008
310
1730
3758
5725
8608
4673
7893
6277
5033
4751
8448
1259
4543
1954
1500
2384
9692
1876
5689
7862
7180
9232
8488
7718
1843
2198
8068
7175
9200
3222
2189
3446
980
1523
2837
1645
5657
6772
5054
324
8872
2352
3491
8427
7239
7529
3974
7817
1476
8046
2964
2899
7862
8665
7827
1078
3242
6039
3881
6410
6604
718
7077
1810
2562
5002
278
3020
9116
9854
6727
2920
6821
5365
8990
4827
5740
60
479
4313
8224
250
5699
1154
258
9289
5583
2315
3696
1759
8403
9617
2890
8644
3719
8153
5275
1681
5865
2237
7251
953
8701
1621
1319
44
6077
2497
9674
2999
5337
3182
5560
9568
8186
6354
5018
5922
1552
3272
9418
7962
9324
7356
1450
7109
29
8177
1646
837
9552
4059
4194
8241
7062
7270
1549
4077
9835
213
3212
3086
2641
696
6422
5220
4057
3322
457
7364
3134
9353
128
2593
2819
9288
1629
1344
170
4209
15
7899
850
8837
3447
1278
8988
7318
2505
915
4805
941
6087
1339
60
6331
5321
8627
934
6230
3051
6707
7719
4281
7702
199
3930
1601
5422
7774
5641
204
3906
5625
197
5312
2235
3804
7249
5143
6232
6738
816
9542
2559
2193
3265
8788
2532
6487
3966
3001
409
3940
1157
3307
179
6569
1134
3248
7347
7386
1895
4731
5274
4600
7034
461
1141
4748
4095
1517
1378
5791
9997
6313
5891
8177
1722
5508
6933
5142
9068
8935
3807
2639
9795
9965
4468
6890
5132
5666
2669
4000
7795
8845
4842
6084
4268
7958
5159
2804
7646
7784
2391
2449
1622
4618
3943
4844
7416
2002
4847
5626
6314
2205
8318
2960
924
2634
4805
7068
5993
4251
9615
8429
8847
7377
7995
1151
1470
9806
3909
3763
349
4129
7495
1283
6543
1357
1017
5176
6022
9623
9473
3130
819
7043
7686
5590
527
1882
5160
1633
3153
8090
6810
3395
8168
3962
3601
4244
6622
2791
3374
7610
8092
1083
5276
2185
4709
7034
6417
9566
1616
9628
1045
6369
4777
6485
7609
1804
9691
2405
624
9588
4645
2275
610
2259
7318
4100
3115
2580
7755
6772
8553
3231
6249
1863
5037
9735
1766
5500
881
3492
5464
5594
17
3524
7044
440
8617
1683
6353
1797
4552
4217
2167
3786
2964
5817
473
3017
4866
608
3919
3836
1810
4844
1075
7814
120
2914
1448
7874
37
4190
1524
7131
4123
9051
2258
7085
5214
6877
5482
1432
6227
5958
2219
4336
1064
2462
8899
9219
9261
8749
634
272
9573
1627
3783
5172
2449
9230
320
5703
234
8479
1760
362
2693
5035
9662
3912
3558
3387
7803
7989
5126
2487
7609
5852
2624
6738
6750
7657
4014
2228
8612
1287
3556
1252
7557
2496
5267
7085
4636
5984
6557
9779
1197
7748
4197
1857
1643
6028
2800
4987
5661
5873
946
2644
5146
7086
4017
7931
2548
5710
2479
2662
1689
8006
9866
472
6805
1441
7477
7166
8644
6473
8751
1819
1432
5346
1289
9861
1654
766
5095
721
4857
9027
6567
2738
341
912
6106
471
8478
7336
4536
8926
3504
3894
8090
3191
7881
3724
5052
202
8550
5634
6342
9187
7122
9127
1212
9799
5796
4156
6277
1782
615
1758
7805
2661
1439
7128
131
5893
5334
7005
8687
1308
1936
9825
8315
7537
7256
8098
1979
7929
5714
4893
2170
9222
2684
7379
5615
1214
9699
6306
4675
4321
1058
2754
8310
1745
6088
5428
1751
752
3593
9158
4867
1545
6946
5034
7251
7297
812
3674
2542
7697
2177
8347
6067
5721
9587
8582
9977
4059
1512
8916
6193
9028
2330
4366
249
9181
1514
6569
1449
1827
6346
1226
4335
6555
26
625
2276
7650
127
8318
402
6025
3763
6977
2144
2711
6686
2588
2158
7506
5451
7692
9240
4676
2965
5839
9214
2580
4784
8069
5783
4242
2225
715
1350
950
4011
9512
5695
8961
6306
2326
3932
3194
8514
168
5264
5352
2221
7537
2494
8925
4410
3942
6376
8654
1986
9659
3590
4186
1411
9695
2865
2057
2534
6159
3799
3048
5627
1194
8699
7174
6892
3196
1199
3124
3760
6045
6161
2796
574
3862
358
7246
5574
6858
9832
8282
4338
2695
8963
4352
5921
1508
7550
6610
9460
1874
659
2355
6368
2215
9724
1027
8837
5319
2032
1214
2743
3251
4894
5941
3497
794
3612
7549
9337
5619
6483
5676
6327
5516
8710
2932
2230
4347
1253
5383
5646
4589
3664
1885
5385
3806
6427
8359
4137
9331
8408
254
4825
8617
5539
1086
7800
3022
854
5127
7896
1
7273
3841
5390
4983
6028
851
3505
6792
8797
4490
4066
6648
5567
8153
9587
3008
555
9691
4366
5253
3412
6
7210
6228
850
7709
9977
7623
5131
9207
3493
6126
7487
5644
7316
9822
6494
402
7777
5575
4854
7344
533
3918
6188
8177
3049
7385
1499
4791
2466
1163
760
2643
6589
7267
6631
9162
4132
8319
874
5881
1661
9589
997
7940
9160
9922
837
9764
6513
153
1913
8790
398
6067
9472
3291
39
2673
4659
2591
6124
339
6740
2329
5365
4843
9055
49
3191
7332
6270
9458
4701
8972
5682
943
2921
8248
9016
3127
6547
1734
8278
2313
9249
1969
2244
521
7794
3339
9123
1458
3659
8282
9757
1322
2849
8667
2574
4317
867
788
6573
9181
3882
2454
4089
1426
385
8529
370
1790
3656
1532
6044
4389
2061
4427
3079
3395
2599
8534
2254
9852
8208
4811
5798
6418
9215
4360
8094
4254
5674
4699
2259
5758
5161
9096
8430
6794
7879
818
136
9265
2968
7332
7801
2127
2238
5367
9260
8421
5587
9178
1718
2332
8534
6720
972
9071
6656
7671
2211
6024
434
6116
6116
8957
9272
285
9228
2965
5996
6285
5515
1780
8398
2989
6883
876
7009
3671
4180
3847
5099
9672
8666
6495
2980
9927
7224
8440
8123
9359
138
208
8606
4111
8830
6852
1215
8844
2855
1952
6139
6295
2425
9302
3662
9937
3934
5544
9837
96
2061
2984
3490
8364
924
761
7449
9621
5976
9344
3061
787
4841
6637
6146
5307
3174
4287
4158
30
9660
8165
816
2228
7707
8804
7247
9364
2832
3043
5993
1679
8603
8026
7297
7153
6718
242
3186
8069
9403
1594
2867
3510
8890
5351
1453
5787
3156
8355
6763
9646
1386
9806
436
3896
2168
1262
656
2120
3513
8084
6788
2933
3351
1381
2184
6815
9339
8992
8588
2931
1100
6089
627
8065
5298
7305
3337
2355
7350
1460
6208
4477
6280
6346
293
8796
7590
3401
4984
5456
9585
1066
4555
1318
4806
9934
158
7508
3166
4638
6448
4163
9766
3831
8546
5297
9178
2370
8597
4863
7924
8300
4769
2053
1876
2310
6653
7004
1088
3388
9225
5938
4007
3132
3346
34
1533
9309
3258
5364
7146
5828
9189
2712
5012
2044
4710
2449
7800
4995
9617
5219
4803
121
7531
1284
6296
2502
9441
2495
3280
3153
6420
9778
5412
509
155
6634
484
8512
3764
9869
9112
3233
7716
2095
9111
2056
7041
9831
7600
4204
9204
6092
3770
4006
1134
3885
5601
2061
3737
9031
9867
762
2083
3992
9408
9410
7299
4502
1888
8076
1964
9288
1231
9748
6106
1570
2405
5436
2173
4240
5460
9609
4895
9076
3949
327
6008
1406
9375
6269
1032
8423
4774
4732
2
8349
1150
3723
2686
9701
4757
2539
7942
9523
2239
9916
4860
4022
7899
9564
1480
165
9888
9497
3570
257
5867
3006
43
9081
3402
5892
5126
5619
7043
3541
4513
6498
9746
7757
419
8681
2749
2471
9482
2921
1667
5371
6837
4032
5466
1985
3507
9811
4789
867
8534
5277
1162
9744
2481
8144
3679
3605
6298
8864
7413
2323
2480
8698
5403
8361
4276
141
9144
2799
7415
7416
14
649
8590
495
6169
6011
3614
1416
2385
5314
829
6175
5006
9236
5336
1
5275
2275
5001
9143
6172
618
5508
9343
2891
8138
8629
7104
7709
3366
667
1989
3452
1118
5262
513
1154
1986
1974
7668
9990
4882
6479
2098
1493
6304
3692
6166
3025
4274
4865
6869
7797
8271
1243
9396
5140
9246
7604
8030
7381
6509
3707
9019
4647
8839
2723
3888
3973
4822
8847
3289
300
7332
9153
1290
4139
3409
7849
6586
4446
2462
4079
3434
8500
3798
4192
5180
9874
5866
5372
1907
4382
3943
287
3480
1175
7460
7450
2653
3581
9803
2193
8202
5427
1576
6568
464
9118
9953
5257
1731
1396
1017
3584
4919
2430
272
518
849
4647
7543
4014
8107
9450
6939
8907
6356
7045
5672
114
6679
5959
5196
3005
4642
269
5876
8007
6923
7229
3727
6061
9920
609
3641
510
3364
359
5368
1050
903
6941
6601
8006
6038
5789
4086
8752
8487
2669
212
3419
3446
9838
8578
5771
6200
8012
8942
4649
6553
2264
3595
3620
920
1481
4093
7498
5809
6429
5543
5997
1677
4621
9211
9737
9358
7189
6967
8852
6183
7124
9520
4254
7017
307
2615
82
2030
7869
4309
5351
1416
718
4497
8638
3345
2980
7085
4556
1696
6587
2942
2057
7126
4214
1741
8824
626
8840
6413
9010
1045
89
8466
9428
2744
9340
6602
612
8866
4010
5467
7939
2119
191
4580
959
124
573
6392
6377
104
2410
7156
9595
4181
7462
7128
2802
8565
3790
9455
3190
1455
5299
4306
1326
2251
5068
5893
4004
6377
6472
5690
7685
1120
5003
9938
6934
9633
782
8700
52
2448
36
8906
8635
2933
8871
5246
5282
2212
3800
2046
5075
4554
2276
6483
6820
5884
3254
8708
5056
4680
2387
9999
3631
6719
9470
8474
9178
7523
193
3168
7783
5090
9403
742
1419
6392
5671
8393
3379
9821
610
1792
2577
4425
614
3130
8844
8519
3118
1050
6379
2074
3644
5372
60
36
5274
1915
3462
396
6067
7759
2019
631
4263
9985
5151
1534
5063
427
213
4861
5328
5234
4069
595
7421
9205
6105
6339
9630
659
4405
9143
6788
5708
1446
4030
681
1383
1117
3756
4930
2982
3754
2851
9772
1945
162
629
7979
7310
3455
2690
836
1518
6746
8409
1302
9465
2614
6069
5810
7122
766
5408
3353
2876
3842
8555
8539
1121
852
3680
9309
6457
9930
2345
1480
1218
822
5475
9043
5475
8360
2320
7203
1715
8306
5270
8962
3036
2728
1216
8768
5048
7945
7807
2216
8345
9498
6896
8103
1607
2090
6857
6457
9774
3380
4379
1587
4401
6929
84
8643
7138
7026
334
8761
8446
8204
1638
4570
8572
9592
5502
8392
9636
4912
4261
8511
2123
128
3134
1720
3925
7372
7435
3385
1502
5862
7429
8334
3926
3682
4561
6106
2644
2572
1629
8022
7611
9045
3770
140
7859
2326
9530
2014
6587
8465
6821
4861
9119
5868
9464
4272
3795
8363
4717
9766
9590
6948
7258
2583
775
3303
643
4890
5031
9395
5748
7063
3283
6239
899
3078
6358
2994
3860
1599
7842
5421
6798
3037
9041
2567
9215
8058
4217
288
2311
4280
7855
1863
8431
663
1786
1186
9364
4555
1682
4639
6982
7191
2716
9757
1578
2880
4968
6386
7913
801
4503
3117
1923
4168
150
4221
3542
8208
4088
2585
673
4743
7084
1468
9208
1420
7807
236
1291
5172
3629
9304
9916
3203
8438
9606
321
9283
988
6335
3089
7831
2374
1510
9776
4737
9939
4263
512
7565
7643
1155
467
9097
3966
2239
107
1247
549
158
5072
4731
5094
2741
7171
5198
3201
8720
5729
543
3899
4259
7220
7753
9495
2842
2368
5573
1691
4470
1480
3544
9724
3726
7529
2473
8837
818
9236
6199
9499
9074
8733
830
1262
8357
2736
9633
4339
4578
1536
1218
8533
9968
3666
3383
3935
2714
9602
1124
9870
4533
9555
6079
8677
1528
5007
1368
5211
4697
6361
2382
9483
9530
1044
4825
5526
6390
6490
1137
105
2735
1234
7113
2933
261
5010
9755
59
4146
8538
6123
1216
8112
6328
4965
9518
2654
2152
9733
3349
1367
4421
9641
8216
9154
1735
9002
8923
8841
7857
7545
6223
8465
1018
7135
3299
2442
3145
8415
6517
5252
1308
1065
6159
238
1165
1370
3201
6079
5306
2871
4237
6757
7787
8738
8313
1593
8897
3779
8526
6007
831
1218
6288
992
9899
2751
7094
9193
1665
7076
9508
3736
3216
8097
58
3355
3481
7977
7988
364
5801
2843
3534
4985
3307
9466
677
2280
8821
1705
3544
9366
9889
509
4420
90
4777
5166
338
8414
4276
4008
4414
8230
3363
500
3541
9689
8679
4957
8112
920
5790
8162
206
7987
7684
1303
7685
433
2073
4813
371
9959
3531
142
3847
2706
3676
9968
8578
8314
7638
9574
6087
1793
8429
5303
1622
2806
5925
987
3600
3864
3593
2624
3576
1727
303
6432
2405
3473
7481
9905
6340
9462
3636
4454
4698
3220
6653
834
6012
8710
6378
9797
3281
6216
2074
8413
9558
2380
9680
4878
4508
1085
1213
6507
6366
907
6566
2120
2402
7244
7562
5105
832
7733
3233
6625
8156
3975
605
8401
6153
5090
4974
4889
7485
3796
9342
7359
9652
1890
6874
24
3793
2602
5396
5255
8249
7129
8087
3791
6654
4532
8432
8768
1148
1273
8964
5548
2982
5448
256
5582
1775
1279
8724
9418
6110
6323
9021
2570
1564
9206
2467
512
369
7538
1312
8230
2336
7978
8375
1027
5888
6813
1746
1621
6658
6206
3741
6212
4831
3794
4377
4203
1634
1292
8249
2513
3878
5978
9144
1925
8107
5517
2226
7448
2064
7920
8399
3609
9961
734
3211
5004
7072
9228
9694
4961
9532
7103
2760
9904
2581
2809
7738
7769
4828
8263
8877
9076
9288
8798
4351
6358
8834
6450
2919
370
4586
4297
9556
8738
7806
131
6250
4096
583
9372
7131
2405
1598
3287
2980
6774
3217
9239
9344
5298
7778
4457
2619
3800
9042
9322
4321
1163
6382
6853
6170
622
6308
9323
375
5235
7546
4022
2097
2450
6558
3641
7186
5456
1132
6472
7478
6001
5817
7577
3140
9594
7105
7620
2591
129
1677
5756
9695
8484
5810
5087
7714
3730
3201
6508
6096
2275
2912
7745
9227
9195
7141
6894
8740
4136
7270
7163
2667
2570
1843
8319
5345
8805
3712
6575
3516
8688
6731
245
3557
1790
4326
3613
6639
1471
5927
3456
2254
4624
375
5203
3088
8071
8349
3945
2453
211
8880
8454
2859
4514
3088
7125
6640
7490
9741
8908
17
6626
2991
7408
5543
2667
4188
7437
4868
3528
254
7269
8209
3813
4908
8043
2194
6640
5230
7273
456
9766
4122
3305
9807
8276
7385
9042
8702
7200
6972
9148
1729
7018
3439
5628
1633
2966
9659
421
3883
911
9076
8925
9957
1611
245
9046
9605
5045
4930
0
2259
2467
8452
250
2503
9686
7601
7266
5281
5145
8735
7668
6555
1105
5539
1190
374
9280
6409
9228
6980
4809
3390
9544
690
5197
3347
8195
8031
8339
9436
3657
2270
6972
6889
9261
8565
3188
3124
1947
5364
2393
5140
8737
2176
1408
2369
8851
6071
9054
8672
325
8635
5702
3019
7450
9077
8908
9560
7306
6338
9405
9235
6942
5708
5077
5398
9583
4216
6278
2624
7186
6155
4462
3863
4587
9669
4652
7367
9282
2827
4495
2124
8976
9667
9111
5021
6567
3952
9438
184
9657
3627
5817
5609
5959
3158
8197
3029
7098
6010
2785
4635
9793
6430
1485
4170
4173
1838
8432
7781
4424
1541
278
4479
1842
7281
258
7275
6597
56
8830
5631
4777
6093
2967
3558
337
8853
7904
1429
1471
1623
268
3271
41
9860
2330
2546
8181
4941
848
4729
5519
1657
5759
8116
3349
1338
3766
8677
2899
922
6431
7042
7179
7154
9857
3699
3462
7927
3832
5320
3934
7003
6309
2800
1272
7006
4437
1982
4951
7712
9094
1656
9207
4100
111
3120
333
4851
208
8999
5086
9226
8529
549
5192
3226
6092
2887
2
8630
9083
253
1109
5528
795
8516
5347
2959
6843
6343
6901
1784
3726
5186
1827
4775
7834
3078
7042
6737
3365
8611
7718
4832
233
4707
8473
5760
