9783
562
2448
2577
2369
634
6571
7291
200
9570
884
5045
4360
9364
3050
1214
8787
6918
2243
4804
6779
3939
2037
8372
4681
8967
1038
8351
5753
7604
6993
6510
1487
3997
9174
2233
8261
7968
4431
2760
9580
8283
8564
4811
9851
9138
1783
2399
998
4544
8472
1549
9815
3576
1953
5844
8524
4075
7895
3401
9596
8220
1537
2596
2577
4374
3557
363
189
817
2952
819
2487
9482
5224
8495
5375
7226
8521
5543
7184
8638
7352
1209
9131
5443
6695
7911
2044
3330
3708
4185
72
1030
3163
1360
6746
5967
2233
5476
5580
1419
2210
180
1592
7652
9062
332
8351
3457
468
1297
5554
2351
6216
958
867
328
3465
7134
7678
5646
8318
6858
7108
8766
747
1457
6318
3864
1749
9407
4993
3044
9963
5764
6428
7171
9617
1479
6380
6363
9559
8586
2861
2411
8631
7721
4814
2205
492
6418
2502
5098
7798
9934
3101
5351
3071
2825
6905
7605
4013
4487
1708
1061
6303
2509
2388
451
4529
3695
710
1986
753
1315
6087
9732
3996
4697
135
3026
6643
4113
3372
5331
6904
9894
5246
29
2663
1076
4099
6792
4573
8775
2349
5072
6878
1800
6108
6121
5332
4362
7675
6796
5707
516
4345
6482
3846
3368
1354
8374
2689
3879
962
9900
1115
6377
4156
6408
7263
2359
7787
3453
9595
3918
7412
1978
8965
1015
2853
2196
8589
4013
7693
2280
6437
6575
9623
6388
5549
8764
6182
9295
9721
5724
4102
694
7812
2449
3957
501
7643
9699
8858
2973
6575
4222
7201
1788
3103
2366
7516
2831
515
9158
9785
8676
6185
8682
3462
4539
6753
7768
858
8498
6176
8492
3731
3870
9816
6717
4165
6516
7058
2352
4552
8889
5155
4720
5704
2214
9373
7834
3284
3183
1247
3350
8779
563
5939
5426
4509
9130
8986
9417
3747
9875
8840
359
6796
8083
490
3330
1972
6386
8200
1000
5773
8162
4605
896
3520
1465
2977
1247
5165
8918
4484
7675
7251
2826
9712
3168
7931
4389
2208
5035
7529
7641
8604
4677
49
4795
7923
7621
1723
6043
5862
6898
4982
247
7577
617
5957
5043
1905
3043
6152
7738
4251
4829
5391
1164
3108
3970
8371
7322
5398
7583
4177
3165
3470
8132
9557
9928
846
8725
3542
5356
9523
9122
3056
7585
2693
7003
5248
9094
7210
2888
2484
9165
8882
9790
3389
3775
9286
8884
1687
3952
9250
4401
644
8278
2720
1816
6776
9444
1059
6029
4196
3179
9501
796
8214
5128
1773
7805
8471
6104
8721
9276
111
2510
5098
5012
4282
3679
4742
5782
641
1962
7038
9589
6105
5122
8477
4777
4865
876
227
5804
8034
1181
8691
9304
9663
8086
1575
8261
2002
1481
413
5582
5231
9974
4289
8133
3180
7707
7534
3096
4702
5277
5387
2234
6141
9912
4690
3092
6650
6995
2939
7594
5877
2917
1241
8930
3818
5794
5348
6196
2104
6481
3780
9160
1548
1455
4358
6131
832
343
1597
7157
3342
7130
1102
2757
5794
6457
3162
9751
3395
8483
1610
5006
8541
2818
9705
2313
8732
5359
4315
7385
2358
1337
992
8220
1497
6226
685
4686
5554
8559
2259
6307
5398
5782
4252
8746
1815
8483
3135
7361
2631
5597
2801
3620
4871
8773
618
8730
1749
2044
7398
5473
6028
4211
4798
2004
6137
2881
1260
9567
5772
8475
4197
4836
6223
5303
9608
2759
8565
959
498
249
2223
6953
4754
6761
8536
7371
3348
2723
5607
1954
2937
3509
1160
6786
278
1186
983
2248
2608
8933
7223
3567
1589
4155
1400
7965
7396
9568
9164
7859
165
789
1545
7149
3249
9075
9457
8037
3468
8765
9533
8536
3960
3817
5538
687
3675
9437
5024
8422
1776
6317
8350
1565
3025
8656
5364
598
5361
571
9975
3780
3559
7748
1789
2147
1963
4010
3536
1202
1729
2946
8780
3842
9400
8686
9607
7772
8617
712
4289
7959
4543
742
6083
3847
2439
9980
4123
4593
3711
8859
2675
2897
8790
5752
4977
6211
2027
3390
8723
9664
5900
3822
6693
8829
7537
4507
2164
4339
9048
7592
1980
4648
6281
2015
9236
2816
1665
7941
9708
1983
9886
8943
7491
2869
270
5882
5052
3647
3709
3395
5744
5227
1988
4624
2058
721
4049
7253
6310
7931
7815
9784
5544
6119
6878
8026
6615
6774
6516
2160
4546
4086
3682
6740
9777
6956
6330
3823
8558
1654
9455
8517
629
5652
1847
6753
2660
1656
9957
8515
8767
4411
1631
1776
4167
102
3399
1372
5991
2243
9267
8277
7131
1549
8849
1658
1544
5248
4847
5101
4391
225
8694
4656
8476
9298
9155
9891
4271
125
5366
4959
6817
8001
3392
135
2454
1905
2573
9675
3557
4957
7832
6314
2387
1178
1386
9080
6803
189
5208
7411
6809
4855
4123
8542
5716
6974
3300
4868
946
3507
7101
5865
6877
4307
1459
9130
8156
8713
9203
9639
2675
5171
1544
9433
2392
2379
2269
7297
7912
75
3088
4082
4916
7955
8150
1961
3877
4849
4418
5480
8604
7704
8728
50
7856
1966
9437
8079
9718
2256
923
8089
985
5568
4736
1637
3311
4690
6149
3337
4705
6003
6956
871
418
3019
949
8922
6157
9497
5252
3307
4295
3723
1035
4970
6442
1493
1577
426
2941
4189
7578
5656
9151
4998
3096
9347
3218
6512
8650
9186
8700
1081
774
2601
748
7857
9631
4837
1017
515
1922
221
7003
7616
3794
7262
4533
9766
5195
1817
3113
5723
395
515
8424
1300
1719
5419
9922
1601
5703
9645
847
6066
4606
3214
2948
8433
4222
8585
1862
6740
9408
2426
2267
7357
8653
1535
1204
5833
4813
3452
1316
6832
6073
2976
686
259
4177
9448
6137
4211
4914
9415
4811
2276
9373
936
3009
579
4314
6099
5543
6610
9955
6373
6314
7968
8247
1066
2647
184
4214
4089
6787
2251
8328
4015
9992
1629
2528
2689
4256
4774
2447
7650
1825
9993
7614
9990
7984
7716
8526
625
1519
8713
7908
4705
6876
9700
6662
2717
2011
3110
6801
5953
9996
825
2627
2560
3948
5358
944
1379
8051
1624
1843
769
4163
2305
4547
6321
354
8256
3082
4930
1657
3589
2569
8073
4343
3622
7138
292
4967
9810
678
1146
7973
6494
7653
1000
7365
5054
6042
2625
6771
7147
2573
9894
6870
7139
542
4571
5153
341
2363
3754
28
1870
4295
6406
8255
4554
8216
325
8220
651
6411
8240
946
697
2796
7668
4651
3546
8955
5299
2214
456
8158
4510
1016
2674
1202
7204
3079
2566
5139
4626
7447
6923
1117
6103
2199
1246
2744
2811
6837
5717
4405
6120
735
4332
8948
6173
4342
2874
9919
1606
1385
7063
1540
9572
3711
9784
5390
5581
3351
1012
7245
5653
5512
1785
793
4023
9579
6693
5469
3405
802
6144
8461
6496
6051
2038
3775
6684
3726
5029
2861
205
2647
3532
3240
383
5383
1545
2391
2414
5856
7162
9460
5824
8471
8752
607
8949
3539
4925
6594
7649
7404
6514
804
5240
8601
5043
3521
1672
6009
8706
1855
8321
8151
7040
3005
1980
8544
409
8639
8034
4301
3054
7548
3639
6684
2637
8025
7299
1431
4825
3145
8801
8435
5211
2800
6133
2728
7999
1782
340
8024
719
6404
7150
5307
1138
7673
1431
5746
8626
405
3129
6285
8559
3348
4349
8965
7164
8556
5964
7018
6222
240
1184
5561
3054
9886
2939
4239
6872
9251
544
8627
8299
9
3581
6650
398
8331
5545
4963
6593
1552
2805
4420
15
2515
9875
1863
8450
7167
5564
9443
5817
3321
1802
478
5220
1588
2253
1251
4733
7192
8873
9375
9860
4501
7986
8550
9766
7699
8566
8832
3010
1001
424
4669
7435
6764
5545
538
11
1076
5788
9704
3687
1101
2810
4977
8207
3103
1429
8809
6078
4293
229
9401
2679
3430
4559
5513
4529
1325
2096
750
8601
6731
6432
4816
2897
7133
3043
8455
6043
1714
1240
3657
1403
9168
5687
8758
1691
3008
342
6663
6270
9756
2754
8716
771
1023
1989
4005
2204
31
6009
8686
8979
5038
1103
6956
4668
7993
2080
1074
60
2973
2766
4363
3053
6572
7998
3511
7742
5800
3822
1520
982
5433
4480
8844
3976
7716
4044
1874
5143
9037
6251
6011
5705
2554
4677
6365
8064
8730
4089
3697
928
9268
6602
3296
6990
8390
5663
4198
3025
8478
6262
6403
6209
4488
7703
3546
557
2258
2979
6952
3948
206
5930
1022
6722
6754
8658
499
1895
1632
5446
9011
1710
124
591
1713
8830
1184
1854
5586
2052
9846
8848
6665
2774
9847
9802
1216
4850
1131
5807
5805
5751
7137
9749
722
3338
5580
6573
235
9732
5164
2303
1392
3031
7250
4692
6084
3897
5990
4715
9372
404
7393
4899
4102
1357
9264
8248
6874
6951
7441
5648
764
5824
9640
3260
4573
375
9868
8375
3250
4610
1619
5853
6888
7542
7456
3633
5523
5154
3718
7319
8860
6415
6435
5401
8357
2237
5646
9365
4073
7331
9698
3283
2290
9515
1539
5567
3391
3990
119
5709
4028
7615
1465
4762
8784
1540
8011
6560
3900
5631
2724
1720
3233
122
6788
4348
9389
4238
4903
2336
4729
503
4301
5918
4911
8335
3562
7373
6002
1888
242
1533
5035
8008
3290
1245
4950
1672
6616
6817
4226
9085
5464
8442
4607
7978
49
2168
2727
7191
6177
9152
9087
7782
980
3524
3313
5546
9850
449
7977
638
558
2011
5389
1191
6684
5225
6831
5543
9398
7716
7621
8085
8110
5643
5038
5858
1311
6932
8285
1394
4646
8811
5711
1089
2446
7253
7028
9766
7931
9403
1822
6167
8840
3588
8526
3453
3053
3415
1294
4824
5336
7183
7792
8461
1530
1001
9672
5336
8486
7455
4234
2917
2163
6582
5991
1747
6300
4299
8744
9431
8196
7065
7611
9995
5894
1454
9245
4522
7116
1585
2805
7896
5638
3461
6058
7462
1018
7250
9558
1444
7581
1692
1279
476
5169
8904
4003
2257
7596
6779
7152
8753
4670
1862
6628
8270
9572
7797
2566
76
1756
5149
8219
6901
4649
6338
7278
8702
524
8529
728
9050
4741
7300
1850
6503
5785
7135
4825
6989
7450
6987
6926
337
4432
4051
3225
3776
6832
7787
7890
3221
4683
9481
9688
2431
3473
4378
5826
8830
1625
5301
1733
9066
6050
8102
4012
7370
12
124
2484
2436
2971
5576
2626
4768
8223
7881
2468
598
3113
3502
1869
2736
639
7507
4366
5259
7611
9418
3030
1407
1308
5995
5364
2148
5253
7860
4286
6330
39
5854
3763
6708
5302
5453
250
9107
6855
4920
4208
5591
1910
5227
5717
8122
3432
8996
8426
8543
3735
8752
9759
593
7093
1077
1128
6976
212
477
9515
363
3595
6137
559
7258
9739
5161
7434
5186
7257
5259
8404
2691
5210
7439
9497
6080
277
7241
8716
6256
9433
5743
2595
1286
6095
3169
9614
4224
4324
3273
8894
6378
5404
3844
1996
5772
4668
8459
8383
8270
1562
3239
1285
8475
348
7068
5382
9654
1580
5047
6698
2971
1760
3258
929
7851
3542
9272
1163
6569
5546
3209
861
3983
6365
2025
7286
1365
5443
3724
1412
1818
8857
445
4694
6193
4457
4119
938
9027
7787
9959
2644
9277
6575
5923
4617
2146
2915
4144
2229
5395
7296
1814
2724
8353
2378
7302
2110
8322
9781
4016
4211
7855
3635
4880
4113
1314
8564
4735
3393
9423
8334
2135
8782
5587
564
1584
7407
442
7407
5139
8450
1298
1494
6016
4521
7043
7721
6340
3815
7155
2008
2615
9245
3770
5748
4788
5642
1695
1809
3303
3581
8179
750
2806
7061
5160
3032
7136
7788
794
9894
1668
915
4641
5566
2913
6360
7618
358
7070
3593
2223
920
6238
7414
5718
2890
5011
9839
5776
5941
5712
8632
4104
1557
270
547
8688
8955
9361
4011
584
8552
3021
7260
340
1700
4603
8204
2834
8428
8024
1336
4738
9709
1358
7259
4512
5391
1342
2270
8020
7297
2012
4852
4181
3035
6810
3083
5295
2365
7672
8662
997
3059
3008
3670
7898
8977
7074
4018
8286
6806
7004
7348
7917
4376
3893
4394
199
3011
6034
3296
7612
7091
5990
3286
6540
8168
3079
7304
4889
1519
2909
469
755
9361
339
1679
6701
7687
9361
5535
8317
7324
3983
1214
293
4663
6935
9805
9141
2416
2884
2284
6330
4375
1050
3906
7069
9721
7129
9729
5898
9769
9128
6767
3897
6534
6592
8556
4037
2214
7692
2511
3650
499
4979
288
3107
4776
2993
1876
1233
3274
8162
2472
8635
625
4138
6379
8311
6432
4610
6980
557
9631
9636
8548
8195
7215
7316
3758
8071
8378
5767
6927
4723
373
8634
5830
9396
761
798
2292
6728
5253
8495
2624
1606
6655
8132
3272
2396
212
245
7604
7603
712
1953
4018
863
6430
2093
5892
7459
9234
3805
2854
7506
1234
7749
8262
1991
8307
6983
7549
5634
2317
251
5304
1135
7012
6941
1539
9083
4044
1362
7859
8133
8163
9324
4010
8419
4615
4967
2965
8667
4906
4833
7493
1448
5640
5117
371
8906
9870
1280
4088
3229
2695
1970
5285
461
6648
2883
3850
9489
554
6808
3414
7872
5946
4721
9343
1910
3738
9842
7375
3340
4017
8881
728
7483
2758
3856
5494
1895
6569
2632
9213
2763
7273
4629
5438
6192
4038
3549
1770
1732
1117
3476
8113
8097
1419
9621
5501
919
5774
8461
5168
27
3905
748
9211
3813
1242
7801
7703
2791
7388
1955
2920
7921
7595
650
598
1316
9282
3150
7871
188
8071
5643
2222
541
768
2630
6064
3136
8354
4574
6120
8107
7464
9185
8858
6524
5418
1624
4950
6237
5846
8978
4343
9162
555
191
502
768
9022
4185
1637
2624
590
4979
1955
8261
8526
8670
3045
8611
1736
4566
4437
2814
5834
4812
457
8409
1792
4073
5897
7657
8199
1634
4342
9092
1300
3060
9985
577
2128
5296
4114
4169
2937
3496
7517
2485
7229
597
7998
6748
8579
6339
4500
1280
4541
1529
3327
5743
9733
2092
8975
4948
8287
3979
4424
8956
636
2863
6960
5466
8684
2468
6483
6440
452
267
9876
2338
7295
7972
1180
1194
6074
9149
9078
1860
7133
3062
4551
9771
9732
4242
843
35
6320
9165
5881
8957
9071
8560
1848
4366
3637
2532
8063
6111
9856
8060
827
4273
1652
989
8447
1761
912
7780
8873
9137
4900
2564
1822
7574
8311
7189
5733
4441
1625
6447
119
1286
4386
918
3267
8735
6123
6813
7557
3542
1085
2967
2003
9073
2234
277
8119
8743
5795
9081
9123
8539
291
6743
4056
6506
6737
4273
6054
6447
6799
3622
4486
3409
7940
9541
9887
733
7721
9712
5637
4098
223
5331
8052
1933
560
2749
5340
8034
9069
6990
8646
2543
7323
1579
994
7642
6862
6761
1997
1849
758
1109
6742
7463
8480
8594
1132
2692
389
7385
1021
6082
3443
5025
8316
4960
8691
2123
5945
3988
8933
8020
7378
9808
4975
1942
6085
6361
8546
2244
3871
960
7715
3788
3339
9113
8588
588
3453
1966
1616
2647
7644
1684
5969
2564
9099
2298
3262
6034
8951
4738
815
8008
2916
2738
3731
6934
2488
6537
2508
4770
4145
8145
3514
60
8367
9655
1685
9203
6371
8103
8669
3979
2372
6286
375
5693
3839
2411
2843
3787
3099
2512
3293
9132
144
9707
871
600
5381
1654
8100
6915
9457
6845
8501
9499
8169
5908
4197
9444
613
4059
9662
848
6069
6836
5635
6629
2363
8037
3095
77
3694
8721
1671
1633
4851
4382
9916
8659
8783
1084
3821
4717
3
1754
4521
5526
7784
876
7524
7930
8214
3398
3174
9040
2850
2445
3063
3307
4071
4241
8237
7343
8558
8022
3220
735
5174
6868
4647
3787
5992
5537
660
9528
237
4945
845
4314
2315
108
8845
1487
513
5164
1862
295
5547
2631
8783
2406
1318
6608
4587
4541
2846
6477
6158
1980
8534
3785
352
916
6228
3736
1938
2676
2738
3645
8802
7904
1599
8748
992
3963
5396
6750
6830
3394
6160
2924
5188
2543
8084
2240
2468
9383
949
6118
6681
3759
8786
8865
5780
8529
9755
7928
5258
6777
3225
9186
7557
1901
3828
878
806
2569
5615
624
9144
6096
9647
2764
5820
5609
8596
7809
2831
3987
1267
2554
1727
6620
6963
5043
9118
2734
2968
2463
4207
7468
1491
52
168
6973
5367
3286
8714
7206
1434
9898
3768
325
6973
585
4111
6022
3045
170
9932
1946
5096
1271
5509
670
7459
937
4937
8785
1760
8072
9600
3152
6417
1676
4604
9594
2596
8846
242
5310
9095
5625
2553
1369
8786
1401
9646
6378
931
3096
9689
2798
2530
2261
2371
220
4543
9497
9514
4429
8349
9929
5446
3362
297
615
3908
5296
5980
4516
3426
4198
9927
4622
2851
9471
8717
4140
1884
6057
1290
8558
7853
8664
8382
6802
621
4155
9305
4384
5051
3098
9331
5812
6961
9165
179
9191
1071
8170
7493
4349
398
6414
9670
5490
2870
7908
9410
2900
1502
403
7613
3457
3139
9790
2075
6781
4979
3495
9994
9752
5991
1595
9465
327
4867
4115
7661
3685
9292
9526
3069
3713
8563
6941
8160
1439
8994
2891
3931
2713
4745
6404
2882
4647
5485
5874
2673
7170
7090
3397
4211
7575
8176
7741
8357
8803
6948
9342
623
8755
246
5724
3608
1975
7334
3899
4893
6197
1630
635
7787
2087
9564
7280
5006
9586
8713
4818
4841
8992
1441
490
6595
5894
5314
5493
5536
821
8583
9356
4491
9651
2268
5175
2467
9021
2796
906
7313
1586
980
6475
5540
6454
5609
2124
8011
896
2735
8770
90
2130
4501
1630
7313
9756
9129
7713
6661
1840
8362
4071
7613
2273
6144
8136
9819
4388
4813
5985
6790
7806
7504
3255
8011
4965
4949
140
284
3190
7482
4640
8086
9813
9266
2360
5150
637
7862
2710
9891
5083
4245
5472
3223
6909
8862
3267
309
7473
2304
3622
6083
6750
1980
2284
4625
1245
3619
2347
4806
8988
7428
3470
4358
3722
5985
7800
3007
3784
2986
9182
6526
2102
6093
1706
3560
2032
31
1102
6103
1681
9830
2811
886
3859
8556
1336
7832
6982
7734
3904
7018
5514
7903
903
7654
775
1114
9501
924
1061
260
6525
4487
3122
7096
3981
657
273
8723
2593
1214
2516
6244
3125
9157
4616
2584
498
5165
4648
9967
6024
6049
9082
2164
1012
4198
5189
4051
2785
917
530
178
5041
1421
3305
8324
7763
6763
4575
678
7559
8258
5141
2689
4501
9270
4778
1745
3038
8191
615
4335
6275
1094
4235
476
5405
958
6084
9783
5467
6222
5937
1675
683
2338
1202
1704
5852
6292
4820
3734
590
3969
2408
7765
907
6392
7662
1742
9419
3443
1013
4594
301
6195
3902
3947
7185
2828
2919
6805
679
4792
5211
1337
2321
3465
2006
2163
8067
3074
5893
6745
3371
6881
3744
2305
8686
6470
9568
9012
3295
4342
363
2023
5208
1343
1373
4487
8435
7254
4518
3023
3372
8014
3055
5798
8758
1071
5444
7442
4385
5499
3674
6344
7550
4267
1223
3420
2450
1597
5261
715
3260
3906
3510
6336
4428
3187
6128
977
2092
7518
3727
812
8555
2869
3372
5356
3825
7946
3547
7615
1025
2126
4627
7796
667
4018
4473
940
120
7952
2037
6838
1993
3803
9763
9466
4504
6718
1369
5571
4942
4467
5349
6867
1772
2861
7789
4680
895
5866
9595
4503
8049
7646
9689
1133
9279
5714
5668
410
8713
5188
856
4139
5481
6888
8819
4752
3106
3906
852
7106
6577
7976
2672
6558
6776
7759
6023
7806
6229
9793
45
4254
8357
7533
8788
4347
4113
8629
187
8790
1049
958
6857
9754
3610
1209
1386
4883
4042
3037
1573
6988
5013
2489
7926
73
4973
3131
4356
1519
9690
7862
4181
8919
5142
6602
5782
7947
8099
4471
638
4477
3718
2062
6056
5618
1118
2918
2947
5567
6373
1139
3764
3192
8220
3056
9240
5867
9607
8715
9373
981
4272
8668
9099
3187
6777
7937
4611
7007
5427
3438
6784
9570
2398
7096
3269
2951
6432
2307
8955
2055
184
8789
5145
8550
4097
988
699
2085
7362
9914
8340
9384
5098
9656
204
5050
2962
2869
8840
3180
8306
5939
140
2935
4355
4194
793
1123
9786
6289
9435
7299
9759
7318
797
5483
3522
549
9089
5788
7237
2526
9645
5512
5098
7400
4471
2741
6892
8219
9988
3563
3467
5774
3748
4244
8649
2210
4194
9903
195
9576
2298
1072
479
1041
9624
7780
8859
4721
1527
2413
3779
3051
5942
5780
6293
4627
7837
6955
9722
8051
4231
1567
6301
5872
3832
3984
3569
6552
6833
1312
6354
9185
5593
7661
227
8573
5032
4056
7775
6691
3882
2171
6691
7575
9783
415
9832
7968
7950
4021
4372
7239
181
2143
5345
731
4771
4607
7208
5640
4210
2306
7887
215
6058
4593
7458
8281
5553
7720
9595
3780
9180
3030
4168
2060
4876
8725
6088
3417
4152
5600
8601
2812
6939
9115
9004
3449
2316
9495
3801
425
6848
2135
2480
1576
4283
6476
1516
5189
2956
1551
2415
230
4426
592
8059
7150
7974
3285
5854
6045
8519
3791
1487
8610
3704
5075
3275
6943
5589
4008
5964
6057
3918
9169
6932
7045
550
2592
7776
8400
7209
898
460
2601
3185
8371
8385
6347
1056
1854
5474
9031
3641
7756
1906
3056
647
3870
7871
9208
3200
4573
9600
8948
5586
6357
6311
5256
3660
1013
6600
5381
5508
7454
8836
7620
3331
8886
5424
5333
6689
6927
5886
3734
8533
6933
2416
6162
7263
3875
6397
6679
4721
8568
5199
2635
1297
1511
7014
6827
2059
3129
2686
42
5254
92
3522
6186
8919
4285
9724
1760
8445
2537
2518
6272
8686
5866
414
8653
3941
149
7992
9784
4616
9920
660
6940
2255
6200
6322
1819
1871
8597
3274
3559
4241
5844
8479
8440
3410
6229
7243
2978
4150
4636
8233
2184
6049
8926
3949
5431
1097
8361
2885
1909
5137
2901
5426
5334
9432
6582
3930
2718
7962
7905
9889
9848
9262
8958
2031
2842
7386
1973
5242
7711
2906
5014
5634
9979
1686
8476
890
3329
2251
891
722
3510
5711
1364
8422
1339
418
3145
9008
6828
2298
4524
5015
6245
4747
8385
2921
7090
6894
1106
8044
9124
3119
5173
9003
122
7267
5446
3647
956
5691
601
466
7070
7183
6379
4136
7898
536
692
2423
4241
2964
8414
5412
8381
9998
9388
5231
3300
5554
3800
6434
1144
2847
1597
390
538
2361
8299
4071
4971
9497
8052
1136
1697
4057
7944
9062
8368
4249
5023
6554
6202
8682
3803
6159
4705
9760
621
124
7879
215
346
5401
1891
4167
9321
4223
5585
5988
3598
5536
2236
6620
7452
4743
4912
7277
3715
4324
2053
325
6863
9051
531
7245
231
2462
9043
5438
5685
777
1740
8175
6192
4756
9150
2650
9245
7529
4735
3720
3477
2380
651
9486
4318
9581
1230
9060
1246
7427
6045
6297
8070
7553
3352
1295
4869
4645
3935
6859
5180
146
302
2821
3796
4060
428
2696
5592
2262
8031
6186
9588
8333
6848
4482
8400
1044
2927
650
1231
9983
4192
8257
4731
5443
105
8638
1404
7855
7780
4599
3594
7876
8540
3330
2077
7830
5690
258
9153
8533
3467
8983
9395
9859
6708
9737
704
8869
2895
3825
1718
3285
5627
5196
5954
2045
8089
8353
3954
1789
1292
7737
4481
3432
2591
1712
9792
3517
2405
570
5354
2668
1496
2698
6516
5208
8861
4872
8734
368
7934
2534
4960
3955
2881
308
2248
3344
7376
32
9740
7337
6303
7363
7241
5730
4502
5963
7267
4996
9944
7186
6463
2324
8470
9049
1788
2929
8680
745
3183
3216
9618
3586
3855
8757
2777
526
550
2283
9463
6448
6141
2373
829
8016
6365
4132
5456
785
706
2897
7605
3737
423
747
6070
2635
5484
3831
8519
9318
4663
6631
6849
6524
7718
2717
3508
8483
2952
3975
5413
4983
5532
3496
1045
4090
1495
454
2684
7656
7472
7894
38
285
5610
5881
3162
3108
2686
142
5041
6719
3763
145
1784
9510
5524
4304
298
3647
623
6972
7832
6730
7484
2621
8205
6926
9701
1980
1139
5030
1146
863
1845
6768
6592
6563
913
1837
9555
400
5797
2810
8933
8694
1220
5387
1712
1535
8566
7190
156
9037
7032
499
61
3308
2800
2989
7676
6235
3406
706
9002
11
5572
2900
8299
5015
2918
8960
3390
8460
4092
223
1175
5022
7797
8790
1401
2817
5214
8166
3413
3948
4874
2109
3831
1345
6706
3284
3762
7924
4161
3319
6994
5090
3807
8921
3121
8320
7087
6696
8617
9606
3799
1695
4945
6809
9324
5039
5510
4010
1587
4858
1021
5239
7293
5053
5137
3463
9069
6954
8308
9633
5197
5466
4298
772
3228
6085
1214
8875
5668
3081
5729
8517
9549
3806
148
3178
7163
7022
2021
1667
7773
9752
6337
9303
2297
1754
7797
8753
3784
9658
9251
133
8387
8983
4408
8333
7396
4172
3580
3238
3825
6635
8341
8506
9128
2503
5690
3486
4904
1959
6299
2046
4932
6641
1860
5445
9128
4995
8474
1474
8287
2460
5091
6010
3829
5596
129
565
9398
1815
5781
2991
3441
8782
7842
1138
1411
7830
174
9793
6064
4311
3849
1824
3359
7204
5201
1746
7122
8963
9204
2401
5697
2106
4951
1364
1543
2331
4676
3532
2374
5124
4087
3089
6178
3307
8605
6150
8798
722
4034
1298
4821
8681
5409
3976
8611
3266
2650
6625
395
8383
3443
435
2610
3380
7293
1335
3831
6477
9594
9079
3153
6641
7419
939
223
759
5646
51
8599
9050
2947
6400
4929
7906
7580
7016
6696
974
2752
8277
9680
8051
3137
3991
1681
3652
479
2797
6013
7269
2318
2321
1128
4954
8144
8179
1261
4470
3753
7852
7619
2598
8026
1344
5435
7042
5505
4703
5799
277
4639
2856
3724
1316
9399
5102
3504
3428
9257
6570
279
2848
4038
1329
6732
626
5272
9974
9762
9400
5754
2225
7220
4900
657
7081
24
1793
8555
4638
8146
5775
6998
5736
2629
9461
8596
9811
5554
3041
4674
7833
5212
7183
7572
4771
8560
6696
4611
4808
1770
5531
4941
6398
4522
2413
5636
8824
659
2318
5077
1710
4872
4618
8423
4503
5850
8302
8700
7270
2030
5460
4420
6720
4726
7921
7013
37
7328
5886
8520
3328
7181
3746
2868
2615
834
599
1213
215
3825
9771
9151
3236
7963
2963
2960
593
8759
3068
8920
258
7996
7341
2778
6309
1110
8220
1672
6601
5400
5598
1496
4773
3797
1749
4529
1126
1750
5807
3669
5251
7088
8484
3444
2258
6309
1183
8756
1762
4960
6419
1277
4259
6965
8261
5331
9840
968
6558
1504
2613
8926
4611
4815
8226
8275
4378
9438
6214
8434
1834
8843
2952
9399
3668
3169
9512
3896
519
0
9927
9464
9910
1640
8981
4320
7236
7807
5536
6417
4688
157
5191
4302
1055
6325
2477
3668
5217
3983
1930
1745
2542
3327
3126
7576
8325
4859
3296
5091
5819
5944
448
6558
1577
3149
9015
2970
5834
3906
1039
6570
3902
9796
3746
1676
3651
8649
8344
7343
692
5843
8678
6536
8069
8181
6921
6582
8514
1404
5995
2376
4510
444
598
8744
9709
8633
2725
7905
7309
9506
7834
1311
2943
5359
7842
2746
9581
1449
3924
9676
6515
5952
4399
9976
7265
3911
8488
3396
6228
2432
4455
4429
7910
8662
2059
3458
9198
5001
1967
5018
5924
439
34
1185
8009
7366
3592
2709
338
4175
7001
7065
7479
6318
5861
8557
6044
622
1479
5797
144
9329
1676
4876
5050
3404
3400
4281
3300
4384
3547
4579
9481
8906
3752
6075
5918
3213
1966
9898
319
5779
3057
2052
5431
7390
6950
1592
2801
3501
7413
8576
3522
6170
4873
6595
8762
5158
6134
4604
3965
9310
9409
5954
627
2421
7583
8573
2566
9785
2639
2830
8655
1580
5478
4365
6271
9624
9444
7660
6454
1808
1480
9798
6970
4971
1057
3311
4033
7157
7313
759
7078
7361
5933
1008
6369
7103
1425
3009
9806
8377
9025
3015
862
4583
9921
1942
692
508
323
9138
5713
8474
8150
2157
7830
9611
8983
5656
1364
4272
4540
5409
2471
1879
5751
1293
5647
4469
7995
9168
8198
6435
7853
8077
2783
8464
8935
2387
5050
9115
2619
3524
6833
8175
5046
8604
9211
3775
3177
6758
8119
5769
1645
5534
3837
3616
543
8982
8831
8627
6295
6222
2512
1155
939
9278
620
73
9374
9365
675
6596
605
2249
1652
1015
8575
4296
6833
7147
2081
1871
1291
1237
1048
2429
4790
2319
4240
9166
7921
9953
3555
6422
2819
6397
1012
5678
7235
5768
7983
9138
4401
3812
6082
1523
5163
9395
3882
2821
5040
6246
2149
1684
6545
4423
4930
1275
106
8509
4487
8301
5832
207
1444
722
3040
4183
9429
5254
3
2897
7061
1064
9163
2943
7469
7479
5154
9524
7266
5394
8437
1418
4126
1674
7803
1871
9876
8396
1466
9736
5571
8725
1280
9682
3305
4194
2368
5360
8483
980
9966
8627
2818
2143
9185
1084
2520
3601
6954
7451
6120
582
1243
9093
9864
4414
6080
9769
2918
1169
4306
1033
3788
266
7325
8335
9784
9480
9638
3274
5110
9794
1040
6286
5428
9809
8600
1983
2488
6718
9350
6274
1441
4015
3616
4989
7482
2187
9818
8890
8113
2598
2441
7314
6673
8933
4839
2551
4817
850
1300
3040
3963
3679
2340
6325
9541
4956
3665
54
5814
4097
7281
6200
1818
8031
9591
9773
6650
2336
852
7596
9662
747
5161
2512
7353
3726
9612
6494
4970
6048
7165
1637
5417
6310
2311
7762
1674
7290
5448
2526
8521
9764
3076
4015
5316
6240
5495
8642
9341
5065
5901
2481
9998
3703
3377
3215
8518
9827
8972
5814
5344
7170
5083
9765
6932
5644
782
5508
5719
1828
8098
9359
6888
8326
9075
9898
7670
1145
7195
1112
8230
970
7152
9904
146
4683
1638
1713
2932
9096
9244
1846
8318
9633
7182
1351
4680
3311
7083
9672
5458
9987
2922
7513
6967
6542
5593
1672
4628
3479
5544
7372
2631
7859
7584
4374
17
5178
9618
2248
4005
9068
2575
6623
2583
6251
1040
7254
1144
7723
5217
4359
4062
7523
5654
8243
8047
9639
2937
3604
9090
9966
7084
9453
3551
1871
9214
459
2049
2807
1334
9502
3692
4834
5667
6389
7411
6299
4929
715
5501
8338
528
6905
8261
1184
3310
5108
2205
9340
6326
377
2241
6014
3158
4038
1983
3122
3072
712
7036
581
5205
8336
6389
5715
667
9227
1855
9264
831
1747
4710
2221
8102
751
9438
179
1191
2366
8561
4106
8253
2708
6480
956
7260
7677
1675
1628
4405
4288
3227
4217
3679
4920
3132
2192
515
2546
517
4082
3252
2940
8508
4578
5667
19
7912
2406
4600
1804
1931
705
2150
2930
2327
2497
1855
5433
8454
2989
7551
227
4859
6542
8520
493
8542
3181
7618
7245
9663
8644
1848
4478
853
5313
4199
1902
5288
7240
9765
9269
7028
2601
2357
2521
2066
748
2592
635
337
5082
4092
7528
6530
3025
8081
1966
6058
5174
1477
4730
4787
7354
2141
3286
8856
7672
2076
7013
8298
9953
144
1213
3223
8282
3199
2257
4184
5998
8426
7793
589
6983
6908
4580
4552
4320
7947
7828
7232
2233
5843
114
5763
5035
4481
9673
460
9071
3665
4394
8671
5579
2337
384
4938
2878
4304
8248
9826
5823
7781
59
6747
3684
4141
7804
446
7560
8733
4535
9724
4248
9781
6064
4109
29
5450
8188
3801
3525
1797
5113
2333
4031
9121
5010
4646
6524
9641
1673
16
9699
8002
1408
4452
5784
3366
2078
893
6677
9227
2899
338
9129
4670
4423
5797
6272
6274
4909
7428
6115
4447
6300
4025
2668
7725
2715
4562
9131
3157
3921
7918
7059
4519
24
6246
8373
1612
8324
6662
3371
7294
7123
4298
8898
4774
3204
9361
4698
9212
8373
249
4732
4245
3900
5252
1701
7383
1784
8059
650
7516
1762
3519
5305
4980
3279
4610
4645
8176
7424
4660
7950
8246
4056
8821
7323
2001
5127
7893
4521
3354
9863
9918
4784
3672
3185
2813
619
4771
4544
990
9828
265
6012
5855
5531
3604
8993
3917
1495
8593
4715
6522
1788
3713
2299
6486
188
5079
7929
9700
2255
3890
3537
7296
7652
1844
8735
1633
1794
465
3990
9873
3631
6433
4831
7684
2233
8201
3289
3718
3007
1209
6397
5927
8638
3341
8129
1070
1372
6699
2625
5539
6842
4844
8734
5937
6727
8715
8202
3687
4869
7360
2122
1030
4602
4841
2890
5354
8881
4614
4252
1986
1790
4210
6692
1046
7492
7609
8657
4311
3714
7664
260
5095
7839
8451
3031
8787
7699
8893
957
3518
9999
9601
8849
5647
9086
5367
1324
3796
451
2775
2188
6758
2446
638
3749
2631
8151
7688
8445
9117
58
3891
9973
7205
7099
7027
3190
6151
1810
4102
7655
9988
3657
734
1987
2188
5361
1045
1959
2125
6285
4860
3860
939
5475
3502
2648
7201
4701
399
636
11
448
1839
3460
6107
9628
1644
8547
2059
2177
5172
1986
6348
5119
2200
3101
1712
8650
1561
7270
7105
5728
6320
2832
5197
30
9033
1729
3597
4378
5988
1450
1411
3465
7643
9540
1818
7274
5879
2559
3717
2498
9900
9948
1112
2874
7511
5819
3274
400
936
8551
3139
3129
3530
4283
4127
9006
8262
6077
594
9914
4949
7680
6188
3722
575
2882
7476
2660
1283
4437
2770
9001
3553
4607
5828
6372
1720
2322
2519
3214
8455
3196
3441
7437
8310
8281
9935
3360
5412
2811
9011
9802
1965
3802
7548
2219
3759
7390
2299
4629
8342
614
9117
6499
5780
4138
9575
8922
8454
7755
7286
5940
3557
7380
1459
1752
4238
8750
5411
2293
2947
4116
7247
8471
5425
2967
7036
9750
7059
3608
2612
4329
22
7889
4871
7840
4079
6942
1657
4172
8706
1012
4905
7656
5524
3071
6244
4584
2343
5796
7980
5009
1978
6
1681
4226
3366
645
1073
2812
7102
9824
1863
4846
5143
2956
5917
5668
2509
3618
7673
7296
7093
1239
3586
1935
9210
9591
2946
2354
6722
2452
7407
1263
5628
7602
2351
16
6208
644
4473
3433
5869
8844
7070
8881
9148
59
2512
2567
7153
576
2074
8724
8122
684
7916
739
6419
9746
5015
3775
7699
8718
6090
4649
2417
600
9217
7540
605
5901
9459
1865
9144
4239
1427
8249
4169
4705
2786
9151
7078
379
5201
6145
377
8682
3140
4944
9686
1611
3596
6462
5628
698
5734
7150
2753
2420
6463
8547
841
4971
1962
1252
1117
209
9579
3882
9256
9666
6569
1714
6959
5864
6696
7320
3517
9944
4272
3735
7460
4273
7854
8993
2304
2997
6236
8446
8505
4277
5495
1749
8241
4238
8309
2106
8416
3948
5028
168
9102
9257
5687
19
5042
1882
9502
9764
4001
8414
3632
2809
8148
2728
1087
6568
7117
2968
8947
8119
3972
1133
5377
4979
4171
4820
3472
2720
7554
4589
8903
9569
4915
4103
4632
8203
8585
7834
3951
421
3494
6472
4444
91
645
2685
3600
5513
3151
1741
4989
5448
5001
6908
6195
7969
3879
708
5848
221
8410
6781
2209
9412
9511
4063
7893
4044
8095
2883
7982
9283
9016
8526
4624
7500
6689
5285
4333
1485
1219
7959
9568
5813
9600
3454
4567
8006
7907
6663
4323
7877
1986
3729
2011
6713
4262
5032
580
6582
4791
9556
7417
267
3759
5705
6431
6475
2284
8695
1279
8594
6374
4362
9002
451
7212
6396
9811
6056
9495
9886
6137
1432
8560
104
7297
5286
6515
7911
3238
1657
4705
7751
6693
1663
541
9301
2054
3894
7023
8092
5722
9212
5383
5729
1502
7623
4727
1559
9500
7865
5220
4524
7086
4904
3419
5985
1707
3654
8408
1144
9959
4372
5457
9622
3889
8622
7668
7338
9909
7911
4342
5916
9033
1402
4164
6924
6048
2831
8602
9673
559
4955
8411
5372
6436
180
664
1788
8244
4556
7593
8399
5486
5878
8132
1350
3755
5761
1840
2880
9954
7388
1649
1588
3523
9303
5491
5684
740
6494
9936
8876
5052
8734
585
5004
5960
84
3186
3708
7957
5880
9094
5353
318
5942
430
3154
3269
2813
3169
287
991
5721
9719
3170
3305
6823
1848
7132
4689
4980
1048
1750
4619
8716
3347
6751
5292
3128
5389
3670
2574
8131
4922
4074
8294
6295
1269
7580
8873
2336
2415
7927
3324
9649
7885
9330
9015
7415
1698
9137
8236
6053
9018
2977
4832
7344
734
1601
2595
3679
7862
140
7424
9499
7712
2859
799
5644
4875
7010
5553
4268
8259
2353
2564
3120
8426
4969
831
4017
7735
7876
1429
6251
5433
6520
9113
1944
9242
950
5561
9668
4985
5193
4473
2274
503
3824
1937
5026
8530
3370
2540
4688
3584
3968
7794
6664
413
1711
8918
5764
769
8578
5943
9985
8710
1172
4066
1192
3745
8854
6402
3925
1448
5884
9282
3065
7879
289
2617
4601
3032
5805
5486
4365
5336
6741
2667
1465
8726
2448
1531
7531
2031
9796
8898
6407
9249
4487
3564
9331
9758
744
1280
9675
6968
8614
3239
7699
4685
4728
8784
123
9093
4316
2732
4964
3091
1578
4649
1969
8504
2600
2465
1296
7323
8871
1893
1652
6986
2875
3815
3392
6725
3286
4843
2287
4524
5810
7396
6722
3502
4968
6780
3997
3664
1407
8437
7715
7064
3934
3315
7671
9838
1595
826
7157
8279
9983
2352
8097
6720
1587
713
1810
912
5392
3398
5807
9472
444
439
7281
4181
7926
8466
3536
5819
8468
7632
5916
433
4178
4588
3052
9559
6144
3553
5130
2459
7685
4008
4541
3458
9299
1
1915
4254
4970
3084
8271
8008
2630
8242
6619
3494
6034
3489
1911
3128
7290
1337
9810
2350
6435
7663
2541
6998
7661
2250
4768
1839
8268
3347
1786
6436
5898
3823
4882
7925
6551
9281
849
5384
9361
7907
7802
5935
7969
9557
3525
2655
1641
2002
5169
6348
4198
2190
7022
1635
7460
4916
6593
2719
8316
6432
9740
9283
6456
182
7596
2211
8607
3986
6576
8008
488
4426
2989
8527
9860
6606
9029
8103
8725
2112
197
6266
8177
5438
2238
3708
6800
3246
464
1635
2688
8130
7068
2929
8166
8519
9479
7786
1961
1313
4048
7655
5425
7161
5859
9771
9200
8494
1774
854
5886
8490
3993
6203
6235
3474
1106
1017
7944
3888
5411
5360
3521
4940
5320
2357
7358
60
361
1341
7126
1243
6141
7412
8064
2542
840
1015
9578
2466
4507
8305
1471
9610
5748
4197
4137
864
6693
4692
7413
8461
9841
8073
5902
8687
4133
485
1840
3502
2413
9140
8133
433
3727
4643
2348
6581
8138
3693
2634
90
1439
5478
9380
7105
3889
3910
9192
1122
8220
6493
3366
5668
3928
8664
1401
8068
1509
9376
8408
355
9174
6076
52
5366
171
1038
5883
1104
1849
7555
2725
3000
2057
7323
7022
4363
8692
8797
4798
222
1292
718
5281
5920
5774
2464
6504
5062
3241
4279
5071
8762
5284
2279
915
5363
5425
4014
6933
2850
8027
8087
9273
664
3767
365
3610
6605
1642
7038
9375
2712
4578
8185
9062
8456
794
4132
9592
7706
4533
820
7863
7569
2484
3963
7716
9778
6407
1659
8938
4678
1863
1947
2195
