5004
7452
4942
4197
8006
2626
8437
937
5217
2981
1023
6217
6632
9720
200
712
6595
1458
8109
7055
3408
6289
6502
184
1850
597
3244
6656
7782
5439
2361
5554
3950
6562
3175
9634
4740
8027
4534
3321
4763
124
795
397
9850
453
1753
8477
1202
4422
5777
4091
5488
4313
9174
8714
950
4757
2346
7409
9381
1781
3154
9778
619
5468
2266
69
6544
566
5971
8568
6923
4787
2292
3284
5494
6104
334
1397
8843
4767
5453
3360
9661
8269
65
9637
7387
4461
8683
9983
5680
7125
3939
2981
6969
1017
9777
4381
8186
1683
1933
636
8450
7209
7167
701
2021
5890
3220
4846
4423
949
8565
4614
6328
9793
117
2349
5403
2629
2682
2083
1882
5988
2887
9797
848
9311
6315
4476
6326
5952
3211
7159
2834
4817
4910
2452
1102
9364
7616
1497
1240
3836
5560
4730
8560
9324
6653
7175
900
7427
8978
5556
9001
9849
8753
2462
4321
7370
9853
2710
9575
8743
8520
8470
7738
1405
1780
1511
4883
7665
1247
6038
5013
1185
843
8046
428
8157
1237
1523
2657
9139
3576
8898
6974
7654
8158
2984
6063
2447
8130
3731
9511
4906
1922
2497
5316
7089
6992
7154
7544
5142
2292
3235
6180
2939
543
7816
9006
707
2034
6164
6133
8330
52
436
5167
9621
1496
84
3247
8795
5447
2435
9534
7516
6527
107
9262
8345
2729
3338
1164
4082
3979
7515
6846
341
2718
4034
7111
341
3978
5356
413
1965
7598
1181
4854
1486
7329
5694
5592
6908
3906
8748
9694
9856
3700
8664
6411
436
8553
660
7977
8695
4999
2050
4351
2536
3589
4826
6903
7461
2972
2905
4817
90
2022
7568
9917
5346
5253
7776
1016
7034
7746
4256
176
5230
7821
6990
6640
4053
7623
6674
1788
3318
7378
1717
6966
5548
6830
2317
7896
2503
8791
8130
3935
1001
3931
9603
7834
6131
8746
1065
5183
776
9644
943
949
743
1874
9120
4714
6599
8185
2849
9838
6298
1117
1498
2712
304
602
4368
8516
2935
9880
8512
8243
9615
320
9174
1299
8217
9156
508
5307
6558
1491
1011
3674
6435
768
6222
3674
7709
7603
1297
4317
5941
8291
7637
9883
2432
6891
7529
5529
4377
2548
2248
896
1131
2700
1334
422
2699
7821
6497
7443
7677
7542
3280
4806
105
7824
6276
9535
4379
694
806
5331
8583
4194
2301
1323
2683
9290
8866
1325
1626
4978
929
4009
9243
115
2542
3735
9434
5800
974
9888
1105
3853
6640
8399
5011
2831
9778
4608
615
7993
1149
3683
1741
6916
2313
6936
398
10
7738
3408
8954
5171
5816
2698
6613
9271
5562
9990
5281
2541
101
8579
9719
918
4226
4729
7554
3902
6312
9852
9512
4258
710
3632
3829
7246
2268
2327
7802
5605
3336
9423
8061
7566
933
5933
8037
3942
1785
5740
7268
9788
9326
8073
7891
2570
3963
822
2689
7583
9382
6496
3698
7886
3895
4696
4461
2183
8869
9367
7002
3234
2187
9675
9205
678
517
2153
9984
8292
6692
3611
2116
572
2584
9724
4931
2637
5740
1258
3282
1445
9637
218
6223
6839
5724
175
3670
6237
1472
5853
5073
2418
8737
4033
7600
9651
8868
7213
2052
1810
838
4397
891
5770
4380
3126
5302
4171
9765
1823
6442
7610
6084
5557
3597
1969
3452
2365
4953
342
8482
3747
6819
838
8538
9697
1834
8550
2123
5280
3768
8526
9205
1472
607
5240
9326
452
2459
2598
4873
9498
6471
9649
9410
7462
6334
3179
436
5631
6198
6502
2260
1709
3327
7090
7577
53
7232
4682
1291
6751
2048
4484
8054
7915
8404
4612
4950
8356
2642
3000
9905
2354
5469
8983
7275
7170
1428
1076
3363
8655
8114
6491
9081
7266
6266
7495
8144
3516
7662
9273
3220
7777
1306
8121
7450
1987
1594
1494
9057
1722
8228
2080
2988
3198
6597
9906
6240
4343
9814
407
8625
6155
1319
2635
8637
5556
5403
788
1649
908
6467
1433
693
3369
9779
2128
1047
7347
1533
5288
5576
9933
2018
1641
427
6034
3503
5883
668
6359
1255
3800
3702
7255
648
7064
6457
8670
9484
1893
6583
805
9844
8148
5254
6794
1386
9619
3418
4468
8858
8892
2810
4525
4831
8691
4137
9677
2208
2603
2053
9520
119
5289
9653
2666
7731
3438
2721
2715
5670
2376
7863
9639
8704
4770
88
3870
6386
3632
4647
3883
2464
6200
7501
2363
990
9176
2424
1956
2927
6779
6462
6881
9840
7063
685
4554
8495
2588
9063
7947
6898
703
8797
6481
1028
3170
5820
60
8603
266
3291
8576
7955
8169
7055
3919
7788
7290
1676
8555
1014
764
9788
8891
5914
982
9799
1641
4085
5533
5374
3798
4569
6700
6985
1761
7402
1019
1334
7819
3355
2364
3353
2660
3488
7885
8926
1670
8
6766
6766
1204
912
508
6933
6133
914
9906
566
46
3371
4179
5974
3069
4892
9493
4007
1254
1183
5294
6516
6768
5956
3856
5199
8650
7411
7127
5402
8029
2055
8128
1633
7319
8767
4170
2885
4060
9766
852
846
7495
453
1287
4448
9176
6389
283
7768
3994
3877
7671
487
4713
249
9997
5248
7055
5308
8283
8721
3787
4503
2537
7991
5242
2546
8655
4302
722
6607
9946
1488
331
4448
9020
6315
4668
9408
6023
2260
7128
9359
1407
4151
4384
7641
6919
7070
8769
8921
5830
8752
1483
2130
7059
2992
7916
3296
9205
6629
7734
5980
7046
7387
3931
6183
155
265
1228
3682
580
7646
9285
6023
1593
4427
3095
8385
3606
7601
5627
1585
5533
1800
776
1194
4
8201
7388
6028
8399
1372
203
9393
4526
1147
2313
4020
220
8200
7485
6653
5841
5086
8341
8183
9466
5460
536
2631
9896
9530
9689
1603
1002
6149
447
5245
6610
2736
6178
1954
2876
5199
5283
9207
7443
9892
1496
446
2114
9075
8165
5406
116
8973
5743
447
3459
2593
1727
4544
7664
4757
6132
8868
1682
8599
8390
8377
700
7067
7410
7483
2022
5530
3777
641
9802
9133
739
9574
3963
90
517
821
1364
4283
1487
2029
405
0
1785
4016
1009
1633
4290
8119
9067
6414
7524
8844
1501
3119
9746
5046
1664
682
3383
4586
5195
5101
644
4326
1853
2153
581
7573
4240
5311
7504
7399
7112
6361
7971
699
5282
3393
6473
388
1239
5658
1574
3387
1608
1895
8073
843
344
5470
9156
681
899
6901
6833
5303
9355
7459
2163
8855
1052
6716
3879
3756
8910
125
1732
5139
5148
9046
9764
8271
4208
2995
3346
9537
3527
7257
2718
9958
4080
9737
7229
8769
6155
6822
6500
211
9528
2667
1344
7822
1230
7618
9335
4522
1779
7818
4477
1483
163
2933
5695
1298
5706
884
6472
7903
3554
7295
1776
2098
4741
2204
4775
1315
9487
5109
7600
2087
3625
1520
5611
2480
7701
1941
7041
6590
3660
8823
7758
5708
2780
1235
9795
1146
4041
5930
3063
5270
350
8596
6656
2232
890
9246
3081
9025
2842
8020
5034
6669
217
2389
7857
8642
7322
3215
3596
3764
3843
9881
4243
4730
9536
6068
9318
3506
2408
3629
7273
3556
2046
2330
1737
5028
4864
3379
1589
8455
8860
8015
3748
5639
3788
1089
5491
390
3377
1153
3824
826
2334
9298
1426
468
4352
1926
2695
4822
9927
9575
6617
9212
747
1478
4623
7887
651
2829
3777
3943
1625
5141
4904
5828
6133
8604
941
8447
577
8927
128
1255
9805
6446
1222
2747
903
1269
675
2938
683
6766
8527
9284
1398
4535
4892
2310
6466
7604
9738
547
7375
9880
9200
7192
4394
5597
4334
5748
984
4248
4245
1000
9446
5361
9407
4300
255
1875
6983
9382
2153
839
3260
4858
6614
5619
4430
1598
3711
8630
1980
2972
9188
9581
3879
9924
7245
4030
8353
5306
6935
4926
1953
6434
2521
7527
9837
6036
5128
592
2055
4591
620
356
8393
6535
6620
4341
578
8774
1167
2736
2037
2353
2267
1272
1811
9865
1481
9482
7054
6225
3521
1677
2447
7227
8886
6825
2337
9087
5782
8394
6470
3119
6575
7389
2351
8832
1187
7344
3303
2904
3451
9579
4138
4198
2889
9599
4166
1248
5715
9972
4554
5645
3537
5829
1069
8943
7909
1166
7649
9795
2003
1491
2992
2772
6266
8918
5778
4877
8920
2979
8678
4137
6179
4150
2773
3942
7538
8248
4338
9286
2658
1089
3371
5809
3839
824
9581
745
6320
3408
922
20
9694
3508
900
1960
6587
1365
7932
3970
3821
9288
2327
2736
1293
417
9466
9387
3056
7126
1405
9660
6828
8362
7136
914
8119
7182
8933
5441
9336
5032
8557
5512
2056
8657
4442
2670
3250
812
7355
6172
316
367
5464
3369
8762
634
4516
3421
1358
193
7689
9193
2002
1261
3192
1331
6371
9985
3840
9404
2432
2490
4633
8789
731
6814
679
2635
5974
6795
6137
2243
9771
5233
9344
6461
2898
3767
2152
7485
2666
5511
4082
9143
7342
9363
3510
794
5465
3111
6298
3264
6972
7950
3740
7825
5733
6675
2638
1947
9955
1880
7447
4563
4055
5446
9422
6769
1917
6731
8433
2604
7833
6355
6738
6920
8407
5490
1446
1368
3304
9884
7170
2863
496
2873
5271
1821
1492
1518
727
6222
1129
204
7529
785
8064
9519
5087
1896
9941
6740
8877
8734
4677
3693
5430
616
1211
6820
9418
242
5228
1269
8642
70
4710
4583
4066
1182
174
7601
5276
398
6003
2210
1475
7628
8825
5952
8855
8888
402
9550
1426
6563
1007
8435
8186
6802
7442
4654
609
4672
2100
484
994
9859
1561
7459
6075
3481
5452
3905
1721
2340
1464
8478
2730
2466
2218
7801
1790
5258
7964
529
9840
5677
9843
2079
9063
6274
6397
7264
3739
5520
6991
603
8298
5518
1216
1616
6067
1366
9877
5373
3436
6496
7828
9086
5099
2528
5704
5719
4584
9641
2863
5350
6708
1570
644
5316
15
9482
8396
9801
7084
8188
166
6201
5348
861
180
7212
1250
601
1734
424
5381
2591
7093
3343
7849
756
6980
6534
569
677
2679
4098
2656
1641
3895
6727
4874
5899
1600
6584
2970
75
8289
5247
6329
1627
3738
4237
2348
8492
4469
3983
7906
2439
9968
4116
4477
7300
7467
9259
2502
1861
9231
6406
5508
6068
3544
3706
6965
3452
2337
5350
9000
5150
7453
5306
4301
1845
7013
6222
7018
2742
4186
2076
6208
8696
6191
217
1673
9778
2250
7573
8432
2341
4082
1109
844
1883
9739
261
8082
31
7272
8896
6155
9118
4982
2756
4985
4662
9815
2631
286
1245
2241
9759
7674
7155
197
6811
9876
3327
2033
7187
1201
4763
6918
6659
1067
6344
4461
2418
2106
6752
8139
6986
5470
5290
5921
7089
3714
3435
5231
7010
9962
9619
7287
7186
99
4322
3434
3689
1685
2927
384
4754
7998
84
7694
1391
2200
8322
1688
8640
200
7397
524
3534
3105
5255
4289
2384
1233
3108
3097
6441
8095
5022
7224
1581
7476
9731
6559
6745
2910
772
732
9179
6368
3384
8988
5385
7595
4529
4888
5391
1747
6591
6810
2565
9094
3752
4081
4844
33
1049
2455
8577
9830
3943
6659
2975
2860
6113
3915
2469
1763
4943
5729
9427
6665
1345
7166
9720
6266
8903
4788
6704
8219
7705
4693
1504
8212
4659
2486
3723
5649
1714
6711
1860
8317
2155
9349
2424
6725
6012
2525
1482
614
2418
3628
6804
861
7382
5900
7749
6586
4360
8577
1129
6260
5751
357
2124
9249
5154
4763
8200
3626
191
6820
48
8231
3868
1110
4509
1996
4741
2995
254
6378
3306
6089
5801
4077
7889
642
830
8759
4737
7137
1289
3136
5582
5600
2566
1797
7224
3175
1570
1249
4324
7855
423
5598
3579
8572
6992
6272
1390
5752
1845
1365
8323
4751
2954
9661
4556
8047
1359
4512
3933
9441
8889
3054
5530
6911
2648
8268
8544
2711
4771
1565
1424
9005
2053
5451
5666
202
497
9316
3649
4557
7368
8984
5291
9924
4813
830
2646
2904
7241
9177
1815
7058
7316
4883
8966
7368
67
6668
5923
8724
7728
8678
981
279
9941
9318
2698
7502
3995
4353
7549
2042
863
9375
2072
9904
7762
5606
2098
1818
5622
5639
5469
5594
9750
4365
1689
7169
6484
8297
134
3829
3392
4925
6829
8690
8003
5012
9983
5495
8132
5143
8909
2888
1627
9772
6195
7940
2810
9061
9606
4461
4569
4105
3101
2088
3208
5387
529
5575
7628
5528
1017
5697
4218
3720
8649
5937
2545
3382
1901
2750
5623
6602
3685
479
6729
2581
3966
9977
8170
3748
4359
7423
8691
5673
9259
9287
1823
4741
5481
2616
4482
4407
7866
2604
4125
3212
8669
7907
1122
257
5395
9427
7159
6855
8837
7967
420
2622
5358
627
1420
552
7404
3880
1168
3594
7005
8545
4461
9362
4114
7804
7901
9285
8268
1215
8736
1081
6354
3517
3912
6059
8854
7913
8353
4932
263
1835
6835
1291
8867
9200
9382
4854
1195
3930
7003
3986
1435
530
6206
123
3445
1760
6142
7591
1525
7874
8587
7622
9230
9338
6268
1840
6714
5361
1698
9491
5527
6236
3330
5169
1709
3169
495
4913
8421
3047
8089
4337
4212
4750
9646
5823
7311
3788
2613
7093
1770
761
3406
2388
3248
9213
2061
9528
2932
7541
8139
5833
2231
7512
8458
5198
7199
1036
8413
275
1264
1228
9169
8478
9785
4249
3409
4480
9692
444
4529
2926
2748
4604
7720
4765
2830
942
1921
2496
1108
967
1981
879
4907
2255
2105
6699
6291
4447
8623
6274
5374
2338
5829
541
1592
4927
2603
8998
5803
7580
9836
2487
3012
5213
3085
7627
9791
3692
2368
6257
9114
5917
9166
297
9247
8290
3570
7529
2143
6710
8188
5244
1821
8254
7552
410
8774
7178
3173
7902
8338
2923
6693
3527
1130
9493
7866
9694
9170
4478
6907
2598
2079
2365
7159
9457
3171
5532
1294
3301
1357
5073
6854
9093
9392
4592
666
4757
7660
2675
8852
2613
519
4465
7918
6191
9224
5639
9166
9754
423
3875
8359
7665
9802
5589
3164
9455
1094
8095
7238
3242
5884
9871
6544
3265
6068
7600
4135
6538
8826
3109
2033
6494
5625
4294
2079
7613
4446
968
232
7532
6365
1539
2878
7481
6714
9188
9290
3802
1427
1211
3663
9565
5436
5610
6729
647
7921
4653
123
1624
1503
2627
928
7314
1842
1864
2040
5508
3509
5550
5008
126
7862
9706
6876
4344
6993
9063
6550
6879
8309
333
5110
7614
9446
2467
1058
15
7564
1432
9692
9792
844
8608
6028
3738
611
5564
5639
4849
7148
3782
292
5876
6202
3536
1703
5730
8733
2384
3654
8857
8103
3243
3314
1170
7516
3313
7868
9374
806
2025
7943
2077
5858
5215
9281
9253
3677
3138
3732
1429
3423
1700
9731
4526
40
9233
1412
5909
764
5327
1281
5179
7778
834
1689
7601
5293
4858
6221
7298
7696
6265
4043
5122
5839
8214
18
987
4254
2450
2052
5594
8652
2224
5433
6402
3511
8788
1130
8282
1901
1958
8609
5478
743
2763
4299
5023
3525
1680
3959
8818
6917
6434
3733
7158
7657
4609
8686
1825
9215
425
1655
8314
3274
5687
6527
5553
5401
5287
4089
6505
3728
7938
5397
5737
7655
8564
4378
3076
3915
4995
7461
2573
8490
3233
8676
2217
8491
8275
8744
8902
102
9304
9067
1476
302
295
2203
5056
6235
8746
9621
8238
7590
7454
5090
8978
1037
7995
9503
9092
230
5609
7910
4219
2963
9081
9823
40
7010
4309
7061
7126
6542
5186
6402
4423
8871
3921
5435
7359
6360
9322
6841
5168
5373
9223
4982
1035
8143
9697
1180
496
8772
9652
8672
4492
1394
4848
8512
1221
472
2162
8045
1925
1685
2495
1695
2403
1051
666
107
7116
2559
2143
2731
907
8768
2741
8845
3740
4098
8787
1897
7313
3129
6564
8354
6890
6514
1910
3029
4022
5408
4214
6887
4197
1277
4915
3483
2877
7528
2578
9984
7476
9589
4064
7937
6628
6920
7764
5723
8652
6002
4771
7122
1684
265
732
8796
5120
4141
4804
5889
9140
7636
6084
1707
8345
5255
8533
9630
3852
9257
5968
6212
1519
8803
4420
7723
9065
8627
1725
9970
8749
6186
4376
8020
637
7091
5203
3932
544
6119
8363
8736
2723
6689
843
9839
3504
2357
9591
1373
8386
8134
1871
9395
34
8559
5602
2881
5844
3009
9731
6493
2416
4833
7140
2954
3260
8064
1070
1253
52
4601
9085
7732
894
7231
3488
4830
7959
4580
4218
6707
9036
351
1583
614
4315
4981
7986
2078
1489
2321
8087
7535
6388
1870
6319
7889
9549
7889
6579
5440
1286
8337
1321
3785
9049
4138
8500
2802
5070
772
4921
1263
8790
3023
7457
2064
3250
6525
8638
8278
77
8992
9764
7730
6513
1549
1343
9024
912
5598
5281
70
8001
8777
5421
698
9030
7798
1565
176
6480
5184
7007
716
7400
6824
8744
3365
4413
4255
4639
3023
9250
8300
5363
2294
8573
3590
7271
7499
2794
9476
1890
9471
5491
4850
3262
12
7601
6758
3033
5452
4959
8461
1798
4892
1984
9047
329
9689
2805
7977
4611
6656
959
2257
820
9700
3414
3126
2125
5439
526
4066
7382
7004
3294
7536
5225
2549
3561
8731
5763
7654
1221
9187
8063
788
6502
470
310
9525
3261
7582
4693
4817
4865
5233
8512
3233
4030
3561
6598
4475
4633
7594
4925
893
1079
4793
1598
4448
3821
7780
6127
4073
2213
6956
5435
1772
4193
31
3197
2943
2815
2599
2178
2944
9372
2565
2139
8060
9024
1992
8519
0
2133
1288
3020
3627
4261
7170
9709
1709
8872
5862
5703
5481
1454
620
2603
7908
9798
6739
9039
3999
363
3654
1659
2033
5415
1981
1520
8514
2654
3537
5423
1829
9261
6127
1939
925
3935
1808
7510
7023
322
1488
4071
6953
6896
6697
1489
8751
9961
4231
8262
2284
2952
4519
9636
8478
9628
987
8211
2280
5649
1194
9054
5334
438
3873
6219
5327
8680
1677
3972
7990
9229
2016
3677
8874
9583
4706
5137
8718
492
2768
8552
8423
5275
3139
8877
4741
6490
3461
1296
2948
3596
5230
1373
9127
2434
8736
6515
3022
477
6161
70
8284
258
272
3054
935
842
762
8895
4922
5849
9492
1788
2880
2642
631
59
7298
4996
1478
8837
5219
380
1023
4393
3999
643
4550
6440
846
8191
2115
8240
4330
2698
268
8164
5002
85
7941
3899
5728
4566
6374
7099
4103
3441
8492
6485
1802
8677
9216
8025
8998
7324
4851
7903
9235
5879
9055
292
6292
4321
8048
6731
3734
1251
7458
182
2374
2467
5056
7213
7054
7579
3108
653
4006
3924
289
557
2150
8065
4638
2169
8974
4089
9242
7005
7846
2364
8928
9123
1029
7649
7607
1406
6517
9642
3364
2851
5983
8309
4111
9335
3620
2002
970
1419
4215
4197
3897
5310
5589
8497
8141
8227
9683
5878
7756
9644
2009
452
2336
9
3538
5933
6183
9405
9972
1702
4135
4363
559
7437
4573
3841
3954
5303
8549
6971
3119
7822
2789
3649
8467
3618
3533
2532
9508
9380
1722
638
1886
3720
842
5530
5973
4101
5796
7686
5819
1565
1447
2513
61
9533
4751
8152
3924
4299
4273
4380
7329
785
6524
4187
7663
8686
1542
9920
2399
3651
9897
592
9979
3496
2477
6838
6595
9042
7868
9852
9506
862
1152
1553
6374
276
3587
8933
8867
5381
8608
5208
5107
7342
3309
1100
7195
6654
7867
7286
2559
5875
5287
2167
1668
855
2533
6564
7056
7912
1557
4881
6431
4420
4873
6466
9632
4971
7812
7387
5099
2609
1053
7018
5043
4688
5484
2637
187
1376
9643
9940
1175
581
7293
3630
5575
8984
9885
5519
7742
7022
1876
954
3824
3726
8776
686
2468
6843
1468
2224
8841
479
2187
9949
4822
8268
7124
6979
5370
9896
6377
5680
8268
1616
3705
5849
7127
1243
890
648
5085
2293
9644
8076
732
98
3194
1316
5911
4798
169
3344
9908
7418
1099
695
8394
7343
8808
7306
1859
2906
148
7846
644
6196
2685
2207
21
2927
3559
1225
5952
819
7139
6547
835
4110
9217
4723
5074
5808
1067
572
9727
3033
5772
850
517
3010
7455
9783
2434
3584
8788
2179
2145
1798
7432
4536
7412
986
1295
2984
1238
8943
7391
9088
279
4551
9860
4284
8126
4084
2232
6051
1838
9576
8118
7610
423
1835
1690
7010
5471
3776
8790
2368
2031
4960
4402
9036
6678
4680
7311
4088
4512
8082
9333
783
5641
6683
571
5966
3149
3171
1656
8350
1351
2736
340
2569
3679
9821
4112
5577
9296
4284
7513
7462
153
5023
7057
5319
148
824
7605
3446
6773
8143
1539
3756
242
7335
1968
3740
1264
5723
3860
2300
2119
439
1016
9294
4619
1833
5356
6857
567
1733
4792
227
569
1870
629
618
9625
5252
5817
2325
5565
8210
1577
3207
1197
6583
2326
6344
7852
372
4313
3572
424
5212
5343
9714
4007
7762
699
8315
5467
748
2879
5039
3351
1311
3187
8372
6706
1350
4114
6011
9906
1534
6734
3908
8862
7808
8097
8035
9507
9012
9004
195
7420
1219
9803
5356
6527
915
6610
1863
4552
7502
6858
4817
5331
6537
9856
9885
3396
3953
9637
6501
6257
8301
3666
8889
8478
1434
851
6199
9665
2663
8807
6454
1743
2683
7618
2132
1508
7830
1845
5791
4740
2251
1459
2403
4676
1917
8577
2324
7952
8211
4639
5553
9374
2503
3937
9119
7553
913
6877
5092
63
411
2197
1889
8695
403
3073
2647
8919
7723
8377
5565
2108
3846
1761
4006
6842
1263
4213
6561
2856
8527
8246
1454
8024
3254
7080
9239
8746
8499
4578
594
953
6752
5728
4328
54
9569
3708
4273
8843
5930
3405
228
9833
9073
3445
5528
742
9931
2277
6290
6700
316
2235
1535
2164
743
3864
5440
3323
3834
3900
419
3145
7783
4612
5355
8118
7432
3952
7272
7554
9940
7717
6926
5121
8018
1620
8951
9808
1551
8497
8815
6221
8288
3893
636
4517
4192
2164
9311
5705
8267
949
5009
2029
2985
7082
2050
4460
8089
7410
3310
5978
5005
8735
6760
2599
5309
6414
4145
9122
4913
5631
1771
5336
5085
4198
4857
3890
3976
838
3925
5267
4641
1566
9287
8990
2708
4897
2136
935
9570
4490
1719
4140
5186
2836
1216
9552
7132
8037
9208
7778
8018
188
791
2635
9177
9672
6944
8787
2225
8159
483
7251
3484
8042
1337
3438
9448
7770
9890
412
4278
3210
9552
422
3912
7631
149
2248
2982
5304
6757
5939
1629
6147
7248
4452
775
6652
9812
3035
7952
3348
8710
1410
4006
4467
655
7144
1498
7777
104
9362
8146
8796
3500
4808
636
368
8722
1546
9522
4696
5805
6920
1402
4544
5621
7337
794
6885
2663
2795
7957
6854
2459
929
4500
8141
6416
9445
6975
3005
749
5204
5200
7395
7793
2833
2647
2439
3815
406
7929
8266
3513
3256
7543
1789
8
9462
8845
3318
6350
4613
5114
7308
1404
1291
6336
2570
308
2494
3952
9277
4571
6517
3946
600
1720
4006
6751
2787
4690
8354
3069
2256
4866
9691
3341
9202
3386
2710
8133
6954
599
3657
6655
6136
90
7891
5990
6501
6497
76
2131
1321
6454
8651
3694
6996
9309
6942
68
6001
2710
6057
8627
7995
1543
2857
2441
1712
7949
7133
9184
7597
4361
6998
8677
913
9861
7810
510
3829
8016
250
6290
4613
6222
1748
5802
6215
5996
6345
9892
6443
2642
2131
4243
4542
5029
8659
4592
7233
5449
4277
8551
9363
891
4533
6959
9456
9974
2781
7134
1499
6431
6239
7985
2460
9767
4014
1772
9795
7054
6226
5716
1604
7240
2740
4955
2229
2754
4135
5884
1201
3218
3277
8379
3738
1698
6927
3721
1689
4788
6346
6240
3215
9210
8393
11
6403
4146
1783
4775
1015
6886
4796
178
9223
8561
6946
2122
8150
9578
4729
6701
5838
6896
5933
8281
3154
7859
4247
761
2840
292
83
5006
707
9985
2500
2393
8847
2729
8551
8083
971
9360
4869
4314
8421
3098
9156
5176
4751
4804
5571
2111
59
9644
402
6319
3277
111
6856
8543
9899
1021
1935
722
6803
9790
9471
9237
6061
4553
3275
5421
1026
6646
5730
6478
2026
1618
9860
56
8703
9070
6010
8035
4721
7972
4947
1063
9583
6181
9116
8735
5872
8
8183
9950
7425
4146
7511
8631
3627
9918
9115
198
1528
149
1084
3412
3914
3923
4292
1658
251
6800
9839
828
5010
3899
6001
8830
4842
8408
9653
9880
5436
4540
9549
1018
8463
5780
9053
7880
4107
1228
6429
8784
9955
5811
6507
4571
6887
1535
7148
5660
1888
7457
8483
9072
168
7354
4939
3526
8145
8680
3788
5219
265
9234
4761
6988
600
66
4949
8134
4870
6412
7551
9023
370
1054
873
9198
7391
1429
1943
3307
1259
3993
7991
7978
6057
477
849
1108
840
5527
9734
5426
7440
1210
8519
720
1049
9519
3971
6821
6586
9014
789
5476
9906
9460
8701
9114
6481
5740
6134
6715
6737
481
3959
6272
1243
6783
930
123
9216
3840
7293
9343
6677
2124
1582
9160
2535
152
8149
7872
7457
5122
6721
2244
3203
2514
8072
6596
1775
1735
4627
5099
9392
3018
8689
6959
7250
2247
9477
4266
8588
3848
7604
2745
1720
1446
8799
7781
7877
9540
6579
6328
7591
8261
9258
1615
3760
1714
3068
8728
8710
4334
8347
7481
9212
2194
9950
3658
3434
4623
1910
287
675
3882
9283
3609
7517
3975
524
1757
3715
290
8719
2235
5156
8298
7508
1130
3760
7074
3198
5535
9178
748
5556
4254
5501
123
3532
9526
1496
5141
4347
3253
7630
6291
5653
3709
8977
5648
4097
9784
1190
1311
5013
8420
5615
6111
2324
914
4685
8819
9897
6359
1424
6374
1108
9926
8326
5029
8107
7394
442
997
261
8573
5943
5465
4604
8865
2645
3798
2152
8112
2977
3414
4344
7867
5735
7135
8639
9389
7798
2618
4840
2676
5244
7987
1828
1255
5182
5727
5383
3948
7540
6702
9342
192
1050
6440
2476
149
1506
3459
8268
886
6666
1785
3382
8010
2029
3241
4191
1190
6390
8718
9596
7823
6157
7584
3329
7955
3636
3349
3682
6918
8415
8204
571
6274
4071
4152
6817
9295
4658
8489
7882
4338
4350
3953
6010
3458
4604
3818
9225
1941
1536
4192
7557
8822
7106
1518
4035
3465
3110
4520
6513
8157
9777
1350
2471
8461
1214
7108
3938
7877
6424
4896
6531
7901
835
5258
3473
2203
1574
9870
3351
9818
4123
1741
5381
4223
647
1748
9168
2552
117
3351
6184
138
1976
9725
4561
2999
1482
7548
2244
7496
9879
1348
5516
6640
7661
9656
7986
1848
8045
1831
1891
3240
1169
6694
4034
8035
5968
8247
7814
9465
7940
1385
7760
3072
8711
6393
5924
1110
696
473
721
4026
7625
5854
9938
2775
6224
8741
6561
990
3761
7319
4507
8285
1460
2944
8968
5281
5690
6525
7030
3234
9733
2779
9556
8493
3587
2444
7928
1268
3731
6876
1151
7572
1109
7864
5614
5314
6756
1259
1810
7226
1686
6823
5703
620
6878
9474
1611
5767
7424
643
5419
4171
3442
7486
4292
4846
6298
1444
9187
3780
813
5293
7258
6885
6168
6935
7175
3595
7329
3653
8525
4431
4714
9804
1548
2909
7075
8936
1615
4113
832
2161
3843
3088
1456
6979
4129
3623
3572
768
9016
5311
2071
8030
6413
6392
9564
8817
4451
9943
2298
8016
8437
3771
2118
987
9456
3638
5938
1382
7770
7362
9829
5074
2947
8652
1450
4170
5429
9188
2805
3552
23
6561
4636
3213
2359
6683
3391
5155
3344
8258
4484
1672
1814
2816
3723
71
970
468
7523
491
7684
2189
2998
1654
5482
6997
5083
7760
4942
5394
3388
5263
7137
8746
7992
1876
9134
8904
8628
2772
247
782
8037
9512
2877
8157
3260
130
4929
1378
3199
4961
1665
2314
5868
7833
3563
2982
7731
5362
1600
5630
213
7950
4869
9221
4534
3067
4823
1847
937
2065
1840
4750
243
6902
4152
3486
8776
7324
3737
4952
2831
3563
2194
8427
3597
4823
2878
159
8313
6152
1173
3265
1172
4616
569
87
4642
3656
3623
192
5306
3081
441
1134
3120
6914
2070
8965
3681
77
4205
406
1624
6647
2798
6649
5755
6442
5623
9711
189
4664
3534
4785
892
8574
3577
5627
6332
4064
8843
5120
3701
3545
9646
9749
3122
1060
5306
6682
2752
3912
6477
8236
1946
766
1641
4524
1818
3919
4332
8199
8032
3911
2
641
9547
5655
241
4546
3337
6443
2632
9617
1233
9084
6704
8078
7001
3048
3527
4694
1136
8941
6958
6277
8187
5298
2838
125
6932
9052
3808
2413
9732
644
7088
9789
3543
9004
202
7466
819
759
3345
6309
1279
6860
7002
2862
4061
3562
7523
8769
392
9637
7062
9090
6953
3724
2454
4249
2817
115
7613
4284
2634
219
9884
588
1995
6915
4535
7997
2846
6060
3875
376
5595
648
4998
1326
8295
9976
6063
3370
1529
5039
2021
94
3581
7997
2835
9818
6549
5953
4649
703
3146
9061
3674
1059
6975
6414
866
7146
9027
9526
5923
4332
5762
6685
3495
6304
8726
1127
5954
2840
4051
4243
2754
7595
8198
9790
7006
3997
4079
4716
1447
6893
1410
3172
7230
6534
6974
3938
4351
1880
9110
8917
4343
2003
9116
7689
4332
6895
4502
6531
1091
5421
9998
1809
6651
8902
6306
6079
2861
7185
9407
6868
3067
4310
8078
9029
2921
2590
9455
6961
9330
4788
6776
4073
3730
5134
9900
751
8479
509
5458
110
9495
7548
3625
6026
6894
9601
6520
8327
227
894
1077
7165
2472
2241
5850
32
3925
86
4767
1742
7440
7541
7200
6303
8644
5925
8079
1516
9002
5555
7600
2351
1727
9296
7373
5518
685
2052
2135
3319
6069
1127
6733
8436
3710
9611
1600
1488
9283
9867
6826
8393
5741
3715
2670
1953
347
7321
7381
968
1522
5004
9325
4671
3294
8725
5438
3176
4868
331
9347
1872
7950
1447
5673
6313
807
8764
2593
9033
4325
6590
2232
9134
8729
9207
6610
8011
6626
5419
5171
3364
4670
1166
1797
1064
1801
2062
5141
4985
4172
8424
6620
8952
520
4953
442
4293
8042
6357
1146
1583
4728
8347
6643
4931
2771
190
5941
4087
2115
7426
6549
9448
5160
5983
7201
6784
9650
4608
4511
8745
3622
7607
4861
5900
9970
3280
8614
3776
8764
2316
9969
269
4273
3587
8635
6323
4522
6866
8293
1611
6120
1054
2870
6745
1874
7172
3791
4536
7751
3658
4643
3434
1846
2401
7961
7120
3486
743
4961
9490
1575
2165
5322
9798
7457
6280
5174
1573
7347
878
2261
2783
6314
2899
2624
2567
4737
8115
4025
2797
9488
4078
6025
5106
7672
6534
8422
1872
5626
1515
2836
3779
1904
8803
35
3955
5732
3071
9287
5594
1998
2218
7188
6872
1396
1859
7119
8946
9776
5393
2382
5370
6717
2163
2
7497
6139
215
2126
923
7857
3301
5947
5832
8041
8481
879
7511
2864
8668
6834
1666
8828
8431
799
7269
6889
9152
3710
5812
9415
9476
2095
232
9132
7466
7062
9741
8800
2537
7815
5516
944
8364
7736
8696
6271
1356
8831
2914
980
9608
6082
1108
8559
716
6542
8285
1363
2732
608
6987
6505
6313
1507
8381
1205
5714
6699
575
1419
1138
8710
326
852
1318
721
463
694
2102
997
5532
321
795
4832
9807
3394
987
1672
8416
923
8776
8377
6068
1929
828
9011
4631
6856
9355
7491
556
4657
8255
1494
9842
897
5755
256
7241
9995
6079
7591
9261
1734
5076
6666
5709
1481
1700
4987
218
4041
8283
9652
2642
2761
2642
8397
24
2306
6090
3606
1338
4611
440
874
2065
9300
4989
8909
7638
730
4431
8421
4843
1185
9116
4333
6853
4161
3302
3149
5155
4368
7273
6514
6374
8602
8852
7081
8255
7357
232
4934
3904
2472
6252
4649
1294
4201
4600
6408
6492
2791
7348
9487
9609
9862
4808
1457
3645
8308
1544
5862
9004
2940
8450
6970
7338
3925
4500
3462
448
7908
654
281
498
9497
4516
2371
4933
4466
3039
2651
9560
6893
6657
2364
7020
7785
6904
6512
3794
7394
3436
9946
5813
4369
5930
964
4021
9281
7310
7368
9700
1138
5960
8583
2137
7067
8989
112
5345
2437
6524
9178
5269
8892
6301
2110
6283
6086
9950
9553
7020
7988
9668
3054
4471
707
4468
6128
3566
3552
8349
5651
7155
5671
2951
8422
933
8073
227
9953
8796
6792
1166
1356
870
4258
4677
6920
8067
3819
4680
7935
9331
7757
347
1711
1469
2905
4112
1429
2599
2860
6545
1793
4088
873
2022
9598
5940
7879
1177
8209
5858
9997
756
228
6822
8312
2183
213
6030
7547
8060
9747
8871
413
6319
9398
5323
1239
6953
8027
3961
8798
7354
5935
246
9372
7268
9997
2235
5078
979
188
2642
6471
2077
9334
7000
118
4889
3156
722
3898
5398
5051
4800
6798
2922
3675
4553
2623
4274
4700
925
3150
4248
7060
2642
4821
9982
7449
1044
2186
7977
951
6567
7872
7105
2399
8336
6985
2397
5205
6350
3796
7305
62
3399
2302
1135
3448
6450
3593
5444
9611
804
6278
9262
9492
2222
5016
6691
2179
136
7439
2112
8535
5920
4446
8484
6927
9693
522
5338
7568
226
9068
8350
7129
5844
4186
3660
340
3685
6534
999
7451
6742
8366
147
288
8609
7613
176
3319
293
218
5068
8911
1683
8769
4141
8953
3818
4207
3754
5927
8254
7875
9385
1735
7928
2133
3647
8036
1356
6351
8493
3602
6439
4661
1793
7554
4299
8195
8318
2080
345
2019
7274
7
4000
9438
5446
7075
44
4707
6522
9478
2779
5071
9196
8866
8980
8411
2359
6476
3965
2139
1962
3942
1725
1465
2471
7021
6975
6587
4653
5623
5889
1674
5581
6234
601
9378
7735
8489
6686
6571
7992
6649
9828
9015
823
1368
5464
2927
8573
5888
5835
1841
8114
8205
57
3332
8281
2534
6967
8424
100
3457
53
898
3588
1105
9489
2962
8265
9602
675
3870
9789
7394
4147
5313
4113
2710
642
1103
1556
4048
8013
8765
9787
4047
3559
7376
6176
7268
1096
5201
1522
8262
6471
4535
6596
8929
5426
9718
1878
2502
4661
8971
5212
1965
2052
720
4058
4744
9218
5571
1891
5864
6867
6052
5444
1287
1111
9541
7545
2113
6785
996
8505
5474
2347
1526
922
9612
8716
5183
7283
924
9224
9054
9386
9041
3552
7822
1995
2839
3317
1432
8050
5524
3309
5658
1395
419
9090
5308
7818
5885
2172
9764
5716
3665
465
9738
9617
525
9797
4446
6027
4034
8287
966
6639
7812
6665
6402
7734
3288
7545
4705
8795
5353
2946
2981
2164
6689
131
503
521
3408
7364
1398
8751
9460
3338
5721
8575
3814
8204
1470
3041
8871
5405
4015
7236
2342
9019
3582
3753
2687
7573
4530
8339
7466
969
362
719
7484
7573
2928
393
9294
3924
2619
6669
6889
2215
7179
4473
944
7827
3920
5083
6075
1664
9923
9948
8930
5744
9822
7670
6549
6749
7833
5834
2834
3059
1284
8491
2976
5001
1091
6241
5276
1076
3747
4947
2785
7345
347
127
1840
9108
2808
4860
3653
9446
2263
5802
1045
414
1788
1740
7751
5258
3843
2544
6090
6784
3834
3829
930
8687
1497
5942
6736
7678
9807
4998
7917
4976
7162
1584
5396
9694
5829
7440
3941
2972
2180
3388
795
5482
7446
2562
3213
9351
8490
17
7232
1203
8856
6001
3510
6517
9197
3152
7610
6866
8124
5974
9638
7264
7885
6068
3251
203
6343
8056
9428
6403
8603
3117
4603
446
3034
5447
1241
8935
2729
7385
9188
9789
7766
6714
6120
1161
8073
8879
496
2677
9829
7074
4848
6205
3749
3530
7597
1377
9310
3009
3007
433
589
829
2599
5738
1397
3064
3483
3750
1910
8675
4136
739
6786
9849
9498
1171
9947
2089
2129
7464
7560
6750
6573
1528
8269
8398
6697
9503
7850
9864
9624
9719
4377
8755
9200
6936
4114
382
9764
5009
5395
6746
767
1154
2937
4108
9419
3900
4031
6425
1429
7220
879
5543
2873
3838
4256
1071
7468
2998
6366
3979
5899
2046
9050
4417
6362
8031
648
2562
7057
9565
2325
7120
2068
813
5983
5418
8590
4160
8978
2797
5471
1424
8434
2403
8839
8833
5881
5362
2680
3042
2913
6765
8642
1416
846
8721
2104
8520
7746
1387
3251
1469
9368
1864
4895
3759
3475
2059
7854
8837
2481
3308
4020
3569
8507
4474
3611
6646
5577
7528
2149
5285
9882
4014
6652
5559
8477
651
9966
7262
3314
69
6413
7590
9545
4002
2056
6570
7508
5079
5358
3821
7507
3842
561
9605
2745
5072
2909
6372
5109
5457
2942
218
9238
7965
1587
5354
5211
9335
5282
2823
2093
592
5523
2411
6894
6429
4024
4504
2418
7041
9138
497
2170
8328
7777
6040
3452
7047
2814
3404
7742
3594
2153
7857
7127
6195
8352
1579
2415
6701
1358
8172
9797
2534
1728
6915
8319
8150
2710
6316
1048
8404
3953
8067
6319
2444
8048
909
188
5546
1901
8164
6521
1878
5081
8499
8439
7665
5283
698
8076
2445
2089
5717
5683
965
700
9635
6600
862
7720
5302
4336
6498
2356
9338
9641
4085
1537
4682
8147
7443
1391
6868
4800
3193
1651
7919
7453
3229
8476
653
2866
2012
8239
8602
6314
8236
2384
5354
1743
8412
4309
9325
7826
6598
3828
22
9521
5742
8857
4353
6128
601
2551
633
1054
5220
916
2489
9313
2781
2182
3370
2385
7067
2436
2323
8258
3753
3023
1405
1701
6183
2938
9734
3133
2065
9042
8202
9364
1628
8397
1710
4371
4123
4525
2264
9461
7606
7548
1094
7319
9894
6040
8962
6230
938
6940
758
4162
1504
1764
5768
2719
7452
2651
9944
7662
2816
7499
8988
6178
2714
3124
7684
4384
471
8999
8262
2542
171
2862
651
6204
1929
4085
1807
142
3976
3504
2194
5124
8283
4039
7859
9864
2628
8991
6919
1471
4580
4602
6644
107
8560
4915
4605
6769
8355
4577
5759
1939
8678
8216
3991
8642
1113
9564
790
3366
844
9802
3686
9312
5305
3863
7894
8674
5264
7820
1756
1480
2080
6790
7962
5569
6218
544
7644
7013
9480
5037
1786
9398
7744
255
6446
66
48
9217
8750
3064
8201
3552
626
4777
915
7332
4802
4696
7020
5930
1504
535
2821
4278
9858
1887
254
8421
2424
569
1919
3776
3886
5807
8015
4287
1567
5049
7416
7827
8626
6047
9070
8691
3278
8527
6164
3184
4653
8886
5742
2947
9992
3550
3532
1251
6577
3465
396
4559
9812
1626
6793
8181
1144
4424
9666
4819
6762
6628
5764
9752
7279
9192
7304
5457
1465
4129
1000
1331
5722
7069
3768
3538
4826
8971
3783
335
2274
6764
7710
8101
4653
2857
8015
6999
9253
888
7547
8854
8861
1345
6422
8025
3121
5989
5668
799
6245
8075
9786
2448
2465
9064
8837
2742
7858
3255
3354
2172
640
9330
2544
9997
8917
7662
5098
4422
1177
304
6203
576
6581
2145
2470
4377
647
5743
416
8837
3303
2984
4090
4199
6977
5261
5635
5588
4020
5272
9141
5998
7533
5374
8213
9530
8800
6424
9107
5458
891
1246
9621
5941
1871
9209
5866
320
6594
4459
2095
2114
2838
4517
8869
7656
5240
8345
3020
3656
2026
9510
401
5905
1162
204
3042
1206
3932
2939
5577
4222
6635
4957
7945
2056
3362
8148
2327
7767
9395
5315
8993
9560
3176
7026
3159
3016
6505
556
4289
454
3404
5451
3432
1380
844
3716
4779
1667
6167
4659
6387
3654
8882
7872
5479
7881
6571
6812
4294
7092
6018
5252
4260
6711
516
841
2729
4135
7044
26
4701
3375
8650
5122
818
1184
1525
6564
1212
9646
3369
659
1600
4735
8928
5339
678
5303
1547
5278
6444
9693
6262
7197
4436
8151
1190
6721
864
3
986
643
4622
6140
9958
3011
5004
3760
7054
4295
6356
7
5599
4647
3722
5358
3652
9524
7782
5177
163
7425
2588
1766
3582
5007
7113
1452
685
2666
9993
4804
5700
1209
8659
2726
6037
5459
4777
5916
334
6917
8249
7252
8922
6437
4093
1614
3474
9077
4499
1665
8938
5687
9840
3561
8054
2855
2558
4950
5898
3552
3074
4387
4301
1551
4306
4390
5988
996
9321
8192
4747
1865
4842
3245
9175
