7865
2366
6252
8622
9668
6502
5825
8561
772
6327
9514
8155
8879
4333
4380
7560
7715
4178
7080
7701
7427
3618
914
8968
4020
1867
67
3421
5657
2050
6188
3415
6663
1906
5049
2153
1639
2504
6167
983
8887
9048
246
2892
7743
2632
2305
6980
9767
9329
632
5261
3110
8785
7330
4247
1452
7284
4602
7801
6434
2404
2903
8722
138
6098
1491
6973
9283
2226
5920
5210
8011
6097
8814
8378
3371
8022
1224
1387
9562
3086
3653
6327
1417
927
305
7877
4575
802
701
4355
7902
8365
4548
6483
6144
1524
2753
1645
1140
5331
7696
7541
3408
5421
7250
7013
9971
8951
875
3429
6059
3214
8239
3347
8750
6576
7304
9210
5793
3613
2397
8481
1525
1565
7308
9645
1548
2331
2233
1847
5268
9579
246
4230
5389
6112
2918
5995
3677
3291
7906
5624
9926
7272
8295
4687
126
1200
7732
9568
4219
3543
5851
7527
2933
9215
6016
1843
8113
7604
5464
7640
6717
9028
8160
6480
2968
4008
7957
2638
3657
1308
5532
2501
5707
6773
8555
4252
3269
2620
9519
348
4598
2665
7628
1725
3727
2719
1297
6174
95
1075
7882
6072
7827
266
8906
898
9111
1815
1719
6117
3242
5093
5911
2911
8010
3350
1820
6160
659
1763
8573
5492
8085
5116
3041
4052
1400
6435
2752
248
2711
1783
2542
2582
3426
9460
4674
5440
7866
7657
5141
1454
901
3401
7105
9504
6753
4716
3714
377
899
5136
5514
8332
2501
2389
7986
2710
7224
4854
9498
2675
9062
1470
3405
1459
2550
3328
9485
8550
8675
6379
8294
3002
6621
7118
4591
4683
8011
3536
7298
6683
2721
2375
9349
7575
6268
4210
80
1036
1473
1963
8216
3012
8159
2465
2392
9430
9996
5646
6954
3424
5231
5164
1702
4520
6842
2511
1711
5383
7798
3302
4699
3688
7555
2814
9954
6686
2121
5830
5190
8340
3248
8448
7076
6711
8163
5281
4843
4156
4725
5160
4687
2365
6582
3873
1451
7557
673
4828
732
3757
2498
4696
3238
8170
7264
4527
5456
5344
2511
5705
7308
4165
455
8613
176
6782
8087
4990
6357
1560
7668
7555
657
2637
8615
2334
7105
3681
1363
2397
6013
7292
5098
1433
5841
8551
5210
8906
9447
3635
9825
9499
1645
9020
7851
521
1909
7969
3697
4668
9469
5682
8471
9171
6088
4943
4039
601
9555
4929
7422
1775
3981
