3134
9296
8898
4248
6920
3392
2171
4275
444
8070
7313
3758
1719
3735
5329
1416
2517
9422
5951
3597
8760
3378
4771
5653
6465
6720
2808
5424
2286
5617
4411
3228
5960
1899
6728
3140
5774
8753
3954
8259
2322
3188
6379
3612
8599
9538
330
6843
8086
9915
3239
6433
1888
8613
856
9756
4524
3245
7782
200
583
6747
1988
4827
3658
4085
7797
9819
7006
2189
5641
3764
5468
7692
1275
5571
6998
1158
7053
6927
6389
5965
7338
2371
2378
7977
1339
7346
1043
6972
8616
2529
970
3753
7675
5575
1200
1552
9954
4513
1740
511
9837
5896
4273
9474
965
4196
7338
5284
2757
3365
6191
855
3810
4618
9408
9617
2449
5680
2746
451
8775
33
3573
3112
2794
1714
16
5699
4371
5446
1204
2539
5186
5878
6127
1441
8097
2903
7012
7143
7
5759
4215
5250
6337
115
9942
3057
6166
1583
9102
4273
1767
1289
1735
9803
2323
1161
6680
9250
4179
1638
913
7310
2160
3651
5668
7932
8490
7966
1520
9545
8668
5602
444
3016
5818
8322
6774
2678
1771
6959
9533
2788
6343
6930
772
3897
4143
6324
9118
6935
6223
7761
2963
8368
4845
6904
3090
2685
4447
2010
4566
8199
62
9557
5605
6165
844
8718
3984
4001
4387
4001
7479
7219
2105
8125
967
5229
2879
1770
3789
2166
8848
4584
3322
906
2638
2075
8171
8914
5232
4088
8231
9761
2392
1333
2725
6786
1325
4606
3052
5424
2339
5117
2548
2221
282
5744
6263
6720
5937
7860
9806
2676
8220
2400
9351
5478
6235
4698
3526
8769
546
5069
8769
298
5770
7717
4827
771
5400
4180
3904
8272
8718
8364
9826
3731
2036
1100
624
6894
5812
1450
2977
7371
4282
5555
1540
9992
1982
7247
551
6626
1080
4283
4877
7269
6348
2249
6451
2564
916
5491
1320
1756
3955
1533
3957
9856
2573
5620
3441
5134
4073
6631
2957
9096
2092
1397
6016
214
6177
4835
8789
8153
3629
7278
7192
4434
3486
2556
7382
9787
4649
8060
5977
320
130
1220
3416
2749
1597
1683
7418
6362
3805
5416
2552
4449
1325
5781
5177
4950
6232
6236
6387
6081
6702
3167
8127
6677
4341
9522
6370
17
8237
3654
485
6013
653
2636
8965
871
7981
3267
8617
4493
7417
2426
4347
8212
4725
2742
3109
7704
7379
2432
3555
8412
1673
9895
3617
6962
3093
6738
8407
2074
5313
7400
8125
151
4931
6539
3795
8689
6816
4305
6969
2965
7619
1893
8664
4275
8819
9914
1951
1598
6413
8665
2637
5805
98
2072
4340
757
9018
2002
7778
1242
4859
6542
9179
16
4301
4196
3280
8186
8947
4419
888
3074
5462
590
793
9779
1231
9342
8143
3178
4787
6809
5660
6648
4763
2320
52
2858
2198
3037
9670
4813
6526
5727
8105
1076
2714
8648
9974
4623
6634
3765
2651
1993
7776
9563
342
9508
1279
4560
9526
9676
3859
4600
6455
8049
881
2531
5252
1981
4143
422
5987
5909
4749
6075
6547
9735
2484
9716
7065
2582
9367
3519
6544
1021
4158
3666
8871
5200
1977
543
1578
7637
3511
9993
953
1926
9271
55
194
183
3395
7992
479
6211
7777
6742
7244
1701
3015
607
7024
1563
7495
6944
308
340
8055
5433
3891
7215
3659
52
3
3600
8843
8349
2397
4756
5121
4620
463
2428
9521
6882
9186
1375
3039
332
3244
7415
6422
7170
2184
1370
3518
15
142
6567
9684
613
3870
3838
6163
2979
6523
3343
7988
6879
7368
9427
4344
2487
6579
8394
143
4595
2041
613
7757
8933
7300
7723
2188
6476
792
6489
7868
8633
81
8828
8207
5830
5071
4508
750
6625
6264
6541
358
5843
3386
6160
2964
3817
3070
3934
590
3789
1226
8923
7973
9528
8809
750
3313
6147
1649
9687
2187
34
5474
9355
6797
8539
1219
8514
7416
2071
7644
3518
8330
5500
255
1914
5547
1139
4758
8371
3405
6857
5898
4078
7406
1158
854
8678
7020
4320
1194
4602
4975
6577
4354
323
368
4031
9362
4424
2597
4556
6518
8519
6144
7708
592
2473
9273
6895
5203
2173
1388
3277
6282
5329
4136
1396
1948
5639
7684
2541
1493
3095
876
3041
8542
1753
1145
9931
1546
1516
1776
334
5774
8848
339
7378
7933
9698
565
8381
9404
125
9117
9021
3214
1698
294
9024
6187
8971
2082
3723
6739
55
3062
3423
7643
3103
9165
8839
1327
9342
5349
3687
397
1053
7502
7433
4990
6757
3462
2249
5073
9303
3136
1368
3977
1855
9826
6843
1458
2120
3743
2574
9433
8053
3594
5718
5786
6916
9735
4830
532
1726
7054
62
4776
5430
8624
2160
4195
2861
4034
9430
5509
9832
8649
7436
6919
1693
9445
5787
3276
2322
7380
9206
5598
2774
4253
2343
7459
1783
1647
8073
7021
8632
1716
3347
2249
3073
6592
8547
3231
7666
2647
8597
8086
4313
7064
9600
9404
6157
8799
4092
7471
3948
1554
8210
4345
7847
4463
2001
1176
6280
4701
2412
1213
5960
2408
6877
8116
5301
5187
3845
5101
897
2556
5610
9674
8783
1120
1285
5710
4653
2939
1301
2984
7555
602
3073
7077
3506
9001
4401
8609
4591
7371
6950
2964
235
7383
2125
1904
187
1484
4102
970
4953
8991
6573
1391
5943
8536
5562
6726
3178
6290
6523
3341
3399
9427
3658
5358
9335
9799
4609
6300
785
5236
509
3525
5605
2645
9438
1399
8994
9380
5523
3168
8836
331
8030
8563
4028
1681
1134
4969
3439
7674
5430
8300
847
3609
9565
807
3725
6767
2569
387
6874
7802
184
9717
8481
3048
5785
3298
9098
4163
7732
3798
767
3354
4504
3068
1396
5094
1329
7653
8665
9640
2860
3110
9805
2208
2678
1996
3080
8630
7673
2227
6811
5135
6293
1034
146
8313
81
980
5896
7835
5871
9275
9942
1632
7533
7492
9104
6496
9411
8630
5437
4916
1721
7234
4941
7074
9912
6273
370
3788
218
468
6489
5504
6987
5631
7061
3470
2922
3083
5012
349
1757
830
3769
3585
3167
8172
4675
5185
2892
6583
9219
9043
6790
1895
3413
9059
6092
3072
8401
3808
610
2107
7616
5403
2786
4438
4645
1901
431
5633
3573
6327
3618
5087
3158
891
3465
1356
3906
1739
1598
5184
896
3634
1248
7446
8713
5092
2218
8001
7378
9850
4681
1204
9738
9649
3213
8366
799
8729
3526
2773
4753
7259
3009
2891
5425
1702
8736
2522
5594
4736
9166
6661
2210
5425
1211
3981
4154
5339
5724
9553
9683
2430
8255
3723
1646
2413
5349
3509
7677
5098
557
5176
8212
8824
431
3637
625
8357
2021
7011
6355
9696
2407
2642
684
8019
8993
4313
8438
9232
4212
5459
3004
3973
3090
2323
9004
9286
1245
3011
6353
5227
4844
495
4179
3989
8449
3386
4993
7573
3356
5796
3318
8713
3197
9986
22
5613
3039
3626
3420
1035
5070
8445
886
5097
2172
4239
5733
8108
4633
1338
7112
9010
657
1128
4852
1911
8462
6695
9570
5607
9319
864
5875
8415
2140
4290
775
3103
2300
3390
6247
7618
9590
5317
156
6398
9608
9081
1816
4209
7652
6885
2940
2018
8684
4308
8055
2068
5134
8111
7150
6343
4055
7813
1716
4205
2570
2471
2957
7881
3463
2629
5808
1242
5091
9494
9419
5340
972
8453
2302
9381
4878
5361
7954
2434
7923
3857
9731
7832
6235
8706
7968
4188
6240
9903
3562
1777
3601
5950
3827
7137
6124
3935
745
5023
1077
1698
6926
9189
4888
2715
1096
6680
5808
7768
1465
8694
9859
9282
6282
8712
2739
5124
1646
4756
4660
1619
5001
5187
5931
7642
1738
5021
4626
5164
3257
943
4615
2930
1357
6225
6930
541
2944
3519
7610
1288
8380
8471
8438
4867
1918
4319
9668
5115
4398
999
2288
5988
362
9457
6697
1739
3258
7245
977
6074
2054
643
4511
522
4079
6928
7925
57
1782
2198
2180
8127
7146
3372
3239
6529
6749
1063
5724
7419
5353
9510
766
2257
8654
8626
2568
1899
9528
5191
7283
5698
2542
1535
9233
7736
3960
7915
788
4989
6394
9611
3333
2199
8819
4161
8842
6989
6218
167
4989
2194
1521
3558
721
2543
9877
2254
1867
5452
4359
6025
529
6590
4915
6481
5584
5610
4139
5503
2569
8833
274
734
1024
5741
6177
8567
3437
4492
9784
5578
5681
9360
201
5088
4177
8984
814
6689
7859
1706
6048
5336
629
368
9082
6742
7284
2338
8576
3231
2850
715
7597
6156
1919
786
2533
4979
6366
1309
8816
7374
5668
8781
344
1168
6388
9826
2304
6600
4796
7449
7643
863
2785
4938
104
655
6659
9435
1282
1099
5915
6552
2727
4966
1762
4045
3168
3390
6450
5834
323
6549
2889
8673
9668
1848
24
7913
353
7457
33
1976
8435
5400
3071
6734
3370
6981
681
1877
8320
6930
27
7716
1458
9115
6053
5377
9405
2343
6658
8913
149
8962
7126
1094
7973
4111
5270
8256
631
8745
9081
3825
1065
3939
8117
7326
1894
5028
674
6187
2708
4573
7513
3392
6522
5173
7215
552
5794
4646
8508
8010
799
1119
1826
9472
8274
1976
8761
9259
1710
2425
1246
9574
7849
6201
6650
7518
998
8726
3482
4377
1668
470
6205
5576
1448
3733
4572
2800
6896
4718
2462
5984
237
1070
3026
9946
2113
8644
9052
9918
6266
1414
4477
283
3327
7939
5543
320
8522
9696
9554
7067
1163
4130
6342
328
4914
6250
8024
4540
7404
5961
2363
6992
9962
5261
9337
6778
3175
6704
5405
2353
9674
3564
8110
253
5993
5921
2248
3509
8189
4252
4277
7199
5163
5395
4820
6106
4728
2698
5031
5863
620
4511
2513
305
9051
7484
320
8065
8602
8765
7144
1818
4290
7201
7392
7599
6019
6088
4334
8992
4001
4515
6350
3152
1683
5163
1828
4567
441
3230
2049
477
1673
9542
1732
5162
1051
7805
1202
8508
5601
4183
4906
9424
7107
2459
2908
7962
8002
7221
87
8639
8363
6038
1862
6105
8160
9361
8622
3887
5656
5752
7624
5372
6716
6666
144
4748
5468
2230
6548
8214
4886
5825
3391
9818
9608
6926
6044
9223
2254
3866
6565
3220
3143
3409
2113
5634
7679
5627
7001
1689
9182
7314
2852
9848
6558
9534
2708
440
2314
8160
2493
5772
672
1872
3753
2538
2647
2043
6496
1234
3316
9398
1632
1789
9187
4404
2229
3306
4553
4510
7068
9840
5228
4858
9031
7572
2972
3542
3259
74
4218
5603
6909
4094
1372
793
2547
1270
9656
9575
2987
5635
9131
5767
8372
9784
5681
1063
661
2154
7305
9401
5887
7804
1091
2653
544
5814
2840
6180
9565
9104
8784
6422
7015
7713
2489
7537
416
8393
1856
958
3650
4977
1522
1432
709
9460
6486
9247
1890
1909
2880
1105
2768
4817
9715
9104
3003
8719
249
6733
8429
3475
9
3883
6851
2708
8752
659
7295
8144
646
2267
297
6346
5750
910
6281
9658
1943
1083
9328
3593
4290
7656
6223
7679
3653
2198
7997
3384
4534
1697
8144
5123
2528
174
4968
7639
4581
8001
708
5826
1952
3746
1262
612
807
6421
9066
8805
2822
3344
6776
9165
7405
4836
9185
2352
7659
9172
9054
6554
2661
3910
3609
8949
4123
5174
3818
5575
5942
8642
5077
3942
375
3501
1641
543
6394
5610
6871
7232
3131
9192
562
1189
4920
8979
7718
7691
989
2615
9979
5408
8946
4154
3165
8041
136
2313
6489
5633
2603
3490
2862
4180
8267
2834
8790
3903
3195
8641
5958
2049
2300
1822
3422
3468
3348
2420
4028
5144
7455
6126
4586
3326
8663
9668
4995
6221
335
3599
407
4081
9120
1238
4628
9640
6329
6381
2921
2086
189
3814
4496
2348
6657
7929
3108
7124
731
9697
4692
7716
8284
1345
8177
6476
8904
9536
5516
8599
7838
2568
3568
9595
8234
1876
2928
1061
7193
3781
7138
6966
9498
1941
4955
3641
1630
2238
6669
733
6559
7871
5489
638
8906
2690
5796
7775
3061
8152
736
6793
865
4322
4247
7620
246
4900
4114
4780
5000
2046
9931
6949
2558
7726
8218
6342
6390
4535
4846
6666
2866
4783
2039
9967
7078
2929
689
5543
6079
5153
8000
9041
3045
344
6101
5176
7694
7334
3394
6730
8124
1889
5732
4512
7939
8540
8079
1180
4472
9454
1385
8525
3305
4070
3927
6082
2282
4280
541
7316
4210
8570
8700
9847
4046
890
3904
2214
1624
3041
8648
9055
1141
8116
8542
977
9050
7527
2027
8538
4849
9509
1071
6625
3768
9475
5735
8974
6417
19
2894
3414
6793
6078
2519
9553
3188
5885
466
7049
4636
5865
9555
1430
806
2330
7384
5189
5528
2949
