898
1929
3397
7683
2703
1217
765
3146
6425
8859
5278
3494
1239
8514
2006
4812
464
7252
3224
8394
1509
2667
6604
7486
2307
9802
4281
1545
8951
5714
132
3050
8029
5113
4770
6128
4960
7380
8922
5681
5388
7800
5001
2964
8963
301
2099
7492
2821
7099
2666
6234
9088
5430
5042
8231
5325
5911
5376
2900
6935
9219
4194
710
8727
2227
5465
6126
3744
5877
9852
3083
8330
7543
3005
3708
7666
3639
8522
2005
7703
6789
8723
1852
3048
3897
3961
2599
70
6538
803
9048
2004
6021
8745
6169
3605
4290
4236
6736
4836
5972
3747
6944
7246
9583
7903
1545
2424
1333
564
1685
7388
3370
5196
146
495
2342
7662
4829
8265
2866
6055
7205
5073
804
1079
2308
8797
6836
103
3375
9403
1786
7169
1730
3041
1779
4606
3465
5993
2416
174
8737
5973
9118
1660
8633
824
8598
5673
1263
6628
9406
8470
1970
9916
6542
1870
6442
8503
5595
2748
5588
1230
7189
2282
5602
6201
3465
7105
8716
7736
4197
8836
5849
2692
7318
1231
5955
9144
2445
1483
198
1162
8840
6747
9996
3315
5199
1814
6498
9908
8164
4961
398
9668
4585
7506
8784
6836
6057
2432
7358
1493
6957
3527
2431
570
2621
9278
2597
5310
5915
7297
6057
4111
2549
4425
2390
442
2286
2287
1001
1651
606
8807
9572
9235
8437
6181
8106
9812
2447
9118
3086
13
4124
8705
4205
5312
4316
9425
693
5921
9216
1188
3993
866
8903
6286
7119
160
5116
8341
4550
3770
1430
5707
886
8149
3955
3195
2133
6440
1171
2785
2863
6796
4211
6044
9987
3843
219
7077
6126
2860
1593
5080
2435
9418
4814
8705
332
2151
9062
7946
4695
4105
4568
9315
8582
8417
7819
6056
1357
1120
7292
4253
4749
6430
8324
7196
6654
2859
6299
3275
9940
8038
2215
1689
2177
6350
3271
1467
3334
5249
2862
9981
7378
3225
8089
8757
2228
4895
7461
1569
6023
4162
5719
5005
5568
7339
331
6005
1093
7618
2051
7472
5852
5786
8005
6657
1889
2879
7138
2232
5146
6352
2722
6108
8257
7310
6874
1523
8340
9567
4967
1759
5397
4729
7252
5777
2319
7210
6120
4837
6018
7265
373
5715
3197
5390
4129
1592
5219
1432
6867
9349
7756
5229
6423
9671
1440
9611
6747
8258
464
8807
7665
1526
2651
292
2075
1122
8533
2227
4337
4679
6758
2300
6213
7880
5978
7006
2910
2867
3180
5282
6304
6907
2699
5618
4002
167
8306
7581
4337
2707
463
7862
4372
7211
9600
8846
3064
2905
3314
3007
3058
2991
7094
2188
2591
5456
9015
8542
3692
4434
6700
3879
5077
5182
2502
757
8827
7032
6289
1907
2815
952
7890
1630
4216
8895
7927
9002
8280
7132
3941
4
9553
173
2224
3312
9812
510
3027
8546
1152
9764
3888
9902
6007
6583
2784
9190
4708
8842
18
6032
6616
1406
192
2105
5100
5464
7972
3695
7528
13
261
6560
492
6695
4325
4904
2957
9190
944
8316
4005
7743
755
3050
7064
7988
5622
7632
6110
8737
4293
9437
7113
7909
3388
8147
9981
118
8211
4348
2538
9331
1018
1138
9503
7328
9409
9311
2258
7880
6232
5518
7898
1702
2026
8872
650
7141
5041
7112
9841
339
7584
8791
5720
824
9447
2583
3307
6178
4923
2839
978
6596
5778
4674
6725
9617
3547
9735
8578
6311
5374
8230
2504
8774
1539
5411
5883
4515
7496
2839
5076
1099
4506
2198
1746
2226
5418
8678
7881
6826
6004
6079
2956
3393
4539
1301
5923
7352
2147
1033
3593
5305
8534
3530
4965
9354
6287
6945
9284
4036
6700
8791
8681
2083
7762
9879
2090
3579
2927
4498
4199
4868
1854
1751
307
9294
5273
9110
4235
238
9487
8530
2367
6463
9246
9770
2564
975
7233
2392
5939
8472
9394
3845
126
7212
7398
873
5630
4660
9210
2344
4425
7649
6833
8724
3451
6782
3223
5670
4080
7176
2710
9046
4548
8169
6423
2217
2837
7992
7314
1115
6345
534
8558
5726
5474
8009
1625
3094
1896
4400
3480
9574
1027
7142
4105
4718
9629
521
6319
5782
7751
1563
8312
8763
5762
348
9296
1956
788
5180
8035
7638
7345
8095
5998
3890
9091
1107
3250
5441
5156
128
3773
9680
3696
3135
8018
7406
4063
1705
2588
2315
1673
1532
3363
4782
2222
9794
9963
5126
8713
9668
2306
6716
6364
5842
2228
2932
1143
215
5626
8522
7271
877
625
7622
7789
8632
5067
2626
2329
1890
7893
9082
2591
5720
5965
5813
4731
1216
1668
9296
1143
8124
6728
5487
7822
7057
3315
7853
906
5086
6262
3848
6078
4066
5043
795
906
5740
6992
3589
4727
7336
2796
6823
1775
3223
4124
643
9877
6415
8200
9926
8546
6330
7378
9147
4149
5137
9800
732
5316
7213
1720
7243
5627
4045
3003
8525
676
5169
4906
8991
4224
8078
4569
3806
5327
9905
3712
4599
2933
2671
7976
4491
6885
6335
5301
9748
6687
5896
6646
5769
5940
6260
8273
7513
5616
5552
1195
7730
219
5598
9967
4707
1508
9209
5702
467
1760
3571
3819
4243
1425
5200
7798
2644
9237
7228
358
9292
8743
3255
1837
4780
8523
9137
3050
7964
9805
7055
8190
9775
8709
5981
4379
7334
2704
3268
2982
7676
633
4833
7987
3116
2077
2402
4343
739
8461
5628
8276
8387
5194
1902
8986
6964
3761
5186
6184
2371
6158
7738
662
4705
5381
4044
5533
5443
821
464
9940
5968
4246
2682
8659
3910
5267
8721
2703
6120
4794
2311
9502
4176
8779
9802
4580
6807
6995
7414
3572
7517
7084
611
1517
2894
4171
3282
7735
8032
6868
8899
9917
7996
5687
2307
4141
2512
3243
5076
1697
5040
2483
64
7577
3847
8235
6485
5925
5578
9463
8726
8448
3406
6891
2423
8884
3634
1164
5764
9739
1984
985
4670
9251
5894
2393
1506
8489
6471
5661
2068
3563
1919
5717
8532
5033
7019
3034
7670
4658
7685
7357
2156
8569
8141
451
6511
1104
3264
3423
506
1348
7478
5337
9712
4054
7813
812
1682
1453
6729
7996
9453
9917
7394
5163
6528
7689
8359
7389
1864
600
3493
1105
2053
4627
8829
6100
1109
5442
5882
401
5224
3047
5154
720
6084
6582
6005
4478
7220
6207
1351
6217
7929
9689
7903
2239
1175
2978
3923
8821
2745
5875
1559
9905
7854
6372
3283
5084
5225
1712
9702
6240
5571
6328
2771
6405
4762
6674
9078
9946
1684
3880
168
5656
9249
7276
3176
2364
6724
6590
4925
8131
1519
7060
7655
9349
1488
5249
2866
9711
3298
920
9253
5508
6505
5111
645
1600
6917
1497
7476
4500
3900
3976
7137
8865
5706
5902
656
577
3196
919
8360
8635
6787
1571
4721
8510
8672
3422
4917
9513
3808
9366
6648
764
4627
4660
9151
4138
6630
1575
5446
5226
9113
424
4231
7543
9922
8790
3642
5586
4592
2288
6515
2378
2559
618
8720
4933
389
2135
2927
3494
6580
7963
692
4534
7328
6373
4237
1046
6750
6518
3947
1620
5473
3134
9521
6362
7340
7178
8587
9882
9780
9330
4920
1519
2850
4269
8204
4009
5939
4217
3748
4495
8647
1951
8645
1150
9731
9697
214
3549
4552
2595
8835
8074
8341
4894
6905
9424
1096
2357
7593
3211
3547
3045
3714
7249
3042
9173
1683
3058
8168
228
5106
2532
2770
9451
2973
3521
4488
8371
6631
7643
6963
5038
5329
7185
494
6846
3178
7956
7363
8780
2912
3582
6623
536
947
5602
8237
1395
8108
558
8013
7156
5380
4324
7488
6303
5304
8889
1921
3384
4936
2725
5726
9950
6248
8508
7715
6529
6755
6195
5994
3726
5694
9388
7315
1524
5908
2233
8503
7370
5283
3092
263
6072
9629
9806
9658
1005
9696
4191
1541
4288
6034
3979
3843
187
7855
6672
4287
2439
7887
1708
4640
1912
4564
4286
1461
5991
7008
5964
394
3070
385
4550
8100
1843
2461
9653
321
6442
8850
6709
6832
2563
4654
1705
7691
1715
5544
7128
3668
9235
7946
6064
9483
3575
8451
8351
1508
5342
8345
3666
3997
3732
3797
8471
3902
1484
5878
2000
7725
8201
6351
7845
3589
1177
4875
2077
7257
2858
6595
9746
446
9880
2295
1158
5124
4321
5067
4525
3391
4110
8145
4979
8097
5183
2712
3100
8766
6182
7802
6207
5836
3544
9402
5467
2884
101
2475
8306
8699
6374
1093
8650
8747
8598
3219
4117
1436
2638
3346
9581
6417
1353
8608
3614
56
1371
9747
8405
8465
1775
3311
1075
5055
387
3909
6902
477
6828
8273
5022
1846
6760
5825
7017
3017
9494
6232
9498
1963
8595
1663
6127
2835
8221
9790
4482
4935
5787
5410
1513
353
4069
9841
6924
3063
18
3594
8359
4689
6317
3639
4608
4364
8323
7734
9656
5527
1591
597
562
5138
249
6441
9869
111
7183
8239
6834
597
9426
1966
4689
1418
6760
4669
7777
6919
8901
3954
2999
5899
7873
4809
5646
4955
7055
1762
4511
486
134
8954
3344
5190
4848
6374
103
7627
9971
6813
5879
1779
6760
7762
5262
4350
8950
3190
7604
3654
9957
2736
6626
7637
7598
4662
7265
5440
794
4914
3055
5420
3727
6347
462
472
8622
9499
6569
386
4565
149
6948
2087
8074
1220
9139
110
9547
1296
6004
3864
4158
857
528
7398
2328
5706
7591
186
9108
4663
6832
5056
3757
458
8051
412
7299
4789
5727
9451
6620
7217
9088
9808
5787
4538
9563
6378
5522
7155
5893
9498
8910
9191
1261
2869
5819
3064
8144
2916
1907
6383
1278
9902
3316
1892
8330
7615
3168
8726
2810
4757
5569
6553
7244
6941
1769
720
1610
7789
6143
1213
4663
1952
8769
7334
6146
4566
9197
5182
4593
4235
6645
2810
7543
237
5939
9185
6491
3895
6208
1947
3210
6796
4344
1136
3928
2356
1947
4320
1100
5099
1454
354
6773
694
1720
9325
1132
5982
5746
3763
8418
7985
4132
8575
8111
2758
9010
7006
1001
2583
4228
7715
1580
4195
8003
7866
7608
7633
3405
3789
2619
4876
4082
9494
2781
6291
6037
6849
8516
6614
8052
509
8148
2444
3529
5224
2663
5769
3025
1169
3346
4940
3319
8516
870
3738
8773
2577
2690
3853
1717
3499
2576
1956
1144
3542
3903
4637
5794
1819
6721
2160
8489
4387
4530
3719
9566
9136
666
2778
5203
1838
4608
2235
443
7679
1557
5565
8624
9042
7517
3459
4158
4663
4897
4553
7932
6192
1299
9986
1321
8026
9974
1205
4448
1185
6450
8931
3986
7151
4172
9637
1910
9912
8650
9878
8891
341
1513
3465
1985
8338
6013
6752
4302
3261
8002
3826
9490
9977
5787
3374
7836
680
1457
7176
1863
3403
7787
9258
1229
2625
1578
1472
4870
7880
1549
4245
6013
5018
5662
7590
4678
7834
8001
2982
2012
3222
6902
1186
3182
2623
9441
4008
1364
797
1800
1230
8455
1473
8014
5487
2553
2254
2236
9360
6759
4540
1882
6422
1712
3756
7812
4471
4315
8196
8695
1
2678
8474
5164
8641
6500
6600
6075
8605
3183
7570
108
4072
6079
318
5790
4540
7003
174
5036
2424
5598
8641
6223
7471
1340
480
9474
9425
4811
4970
9693
3167
2101
1799
8552
9980
6308
9373
8987
5953
6178
3630
6176
9189
4432
7809
343
1393
7966
3272
7467
4141
3159
6271
4402
4037
2251
7693
7300
6020
7125
6650
3794
8212
7876
6940
1970
4280
1766
5810
8231
7630
1186
9083
6245
1968
2464
7033
3038
3530
136
8080
1459
1538
7502
5551
8
5830
7396
4515
7728
8615
2072
2966
8827
9528
9836
7963
1312
7491
5838
6063
9627
2155
5040
9836
2954
4075
26
2434
1572
5218
4654
3769
5883
9044
5190
2255
710
2325
6932
6140
6883
7251
8081
9616
5558
8220
255
6716
2131
4500
5721
5547
7692
4073
8453
9303
6497
7665
2597
5932
5803
4961
2942
2510
3960
8302
7083
9782
4337
7580
7253
8987
559
9698
9179
2376
4074
5424
4278
4734
3820
3309
303
7071
9496
9107
6077
1809
591
5887
5758
3044
9727
999
336
1922
4308
5571
5655
7255
1136
473
2378
4551
7247
6733
4988
7993
4894
6077
5229
1073
3387
7862
2112
2493
4658
5871
3013
4853
2225
5273
9191
8450
1822
4209
9259
9559
9361
7256
8067
8503
9768
7023
3597
3347
931
5752
9824
2763
4118
8083
6915
4513
657
4685
9657
1864
8887
7843
7264
8436
2557
802
5029
5863
1281
3928
2728
3038
7474
5428
8632
7637
8010
6726
1304
6363
4265
8765
1562
8905
6047
250
734
4141
8358
4678
7792
7136
4551
7394
671
1518
9992
9630
5945
8965
1993
7734
2065
7002
3023
6785
5288
8690
9450
9277
6503
3931
3380
3294
7599
122
6280
8358
2389
2306
67
888
7504
6603
6136
5591
8486
79
4757
7114
7645
8379
780
2338
4369
6531
6699
4559
5882
9261
4961
2044
4690
9081
8174
3860
3756
1257
9795
549
5237
1633
7241
3639
8898
1105
229
5462
866
7431
8299
5209
3932
2336
1631
8124
3151
1041
8924
1067
3423
1720
2476
3128
7344
8022
6197
8423
8428
2275
1835
7228
284
4207
1877
6012
1138
7141
3440
3263
6302
1237
3693
8450
961
9752
8111
2354
7449
50
709
2715
2333
8727
7126
3516
9157
4112
6294
875
4908
1805
7033
8591
5596
1071
4925
9725
459
5619
6985
6009
7600
5660
4765
2186
8027
4025
2166
7592
9910
3842
973
8378
1565
9120
4895
1556
7081
8360
6854
7025
847
2564
8355
4497
4203
5102
2854
9890
4827
8386
1895
1830
3064
4700
5114
6672
3962
4940
5488
5131
1945
8701
964
1065
831
8655
7025
6476
6176
3368
2643
2098
8764
9960
5162
5036
7305
268
7982
2925
1170
2276
2765
1524
1947
9143
5313
6865
4005
8222
7594
2141
2871
1722
5079
2145
1600
7290
3665
5547
8076
6378
3714
1458
5742
9797
3065
3104
9537
78
9367
3693
6957
2563
3961
9669
5936
9440
9117
1687
3342
160
2470
7953
5773
502
9226
7042
4880
3016
3436
15
6602
2435
4849
4792
8562
1306
5781
2150
6078
2208
7328
3927
8855
3900
5183
308
7761
5410
6208
2159
8172
1978
2205
7916
3908
5760
5684
5239
570
6023
8224
6520
6641
9351
7091
4522
7714
9169
1106
4630
3658
6967
5608
1133
2831
8542
9097
1873
5319
8917
9280
9469
6808
1276
1843
4624
230
6932
884
2801
5621
542
1579
55
3984
807
7285
9503
6809
661
2594
8592
4303
1578
8501
1204
6369
1071
5084
5365
6662
3811
9920
1653
6742
8754
9712
5365
7508
2466
4292
781
8285
8305
9008
3115
5388
5553
7149
2024
1257
9594
5063
4658
6323
688
5166
5229
2774
639
8255
9158
1848
5518
6138
1809
622
9925
3313
5230
1094
1920
1995
4343
6369
1813
306
5998
2569
5385
5815
816
3922
3059
4107
7068
8747
5262
5330
6053
3588
4482
2590
6869
4211
5133
8932
2766
2166
7199
2493
5462
2239
1919
929
9337
7598
720
8288
4510
381
9168
2660
7389
4823
7438
5236
8788
1410
9069
3061
5359
4595
7259
1642
6611
9329
5125
131
1235
2880
7540
3831
5370
2891
352
8576
2003
2129
4770
9469
8027
6973
819
5672
4419
1822
5201
2046
6772
9897
144
1355
3096
4137
7133
866
4980
276
4317
7
2473
589
7053
1630
2840
5336
7290
4497
4470
8862
3233
6658
6640
9600
5034
8386
3776
1587
7222
4789
4127
3079
3359
1338
2735
6185
734
1232
5757
9485
3595
1726
7811
4762
6996
7438
9919
9189
2831
9083
4532
703
7575
7909
6663
3485
4715
3496
9102
8747
7090
3393
3054
9528
5880
9393
7229
5714
8894
6655
4601
6057
8740
4984
5266
1506
8846
1877
2603
7596
8466
4586
8755
8139
257
3423
5504
5449
4674
9250
1470
7238
2130
7010
2395
202
8671
8283
8882
7603
208
4205
294
6176
4481
8475
1963
2590
2642
5156
4638
2837
893
1506
280
2504
4637
4915
9271
2456
3889
1780
1040
9644
5184
7363
3926
1729
2589
5064
2835
563
2994
5000
7387
4261
4291
2579
3657
1782
1460
2913
2806
9517
4611
8632
6344
624
6730
9890
5565
3756
9012
6426
3713
8428
3164
650
991
7117
4548
234
0
7578
2321
4075
9843
5893
4118
6018
8212
2057
1257
7489
995
975
8973
1522
5033
6552
1018
3302
4999
2698
9498
9078
1550
6567
1286
8959
1096
3641
1588
6539
7233
1226
2912
5228
7195
535
8789
451
6505
711
1678
3508
2498
1523
5431
2738
9454
1642
5617
4439
6099
1245
5234
7302
8079
3243
2524
3276
4606
5158
4921
4570
469
4718
255
9769
8062
3745
4326
4497
7763
566
6796
4287
1020
5990
6580
27
1136
8547
9505
9454
8024
7149
440
5988
5991
5610
7148
3952
8010
5512
5845
1347
5790
7107
3039
7780
1268
5661
4675
5709
7316
1119
6676
5532
4448
946
6281
2089
6663
2497
2139
6058
5653
5467
6546
3319
4277
4267
3777
2451
6597
373
6486
2250
4721
5449
8497
3912
2951
8800
8758
5474
3871
3796
2137
6904
472
4908
1539
5044
9328
5058
7289
5512
3373
9786
5694
323
561
9719
3502
7001
1883
2224
9111
6942
4632
4426
810
8999
2449
2369
9137
7862
3738
6664
2186
1856
3329
9642
2847
9369
2727
8732
3122
1538
3084
973
8876
4935
9755
8174
3351
3232
5298
1757
3591
1647
4684
5194
2271
6046
4097
2540
2595
6959
5920
9426
1773
6708
7599
3837
6993
919
6871
4132
4273
3150
9101
7573
3858
3659
5549
5874
9244
4275
9018
5905
2564
1981
3073
539
7172
8134
7370
6800
5272
187
6137
6163
5617
3657
9200
2168
7336
5917
1180
2432
6360
1165
7483
440
2546
7110
1336
8612
497
8222
3296
8319
7940
15
6862
9792
3635
7059
6665
8859
3548
71
8859
4086
7013
2937
1956
201
4458
3380
8538
3326
3095
6586
9545
1398
4497
2632
7992
61
6798
8758
6302
7049
6890
7817
8223
5602
6795
9407
8533
276
9252
2321
8883
6288
2306
3397
3427
9608
5154
1135
4153
7117
9684
9970
5224
1354
469
5463
5295
1002
9066
6603
2060
4790
3768
1809
7196
9195
4714
6354
3405
5051
4847
8262
4073
774
7702
3256
9092
1100
9205
8384
4907
5663
4604
9185
7365
6920
2592
6869
5132
1332
4112
7530
1209
2649
260
4093
2519
496
6200
4231
4894
8800
7729
9102
2269
1422
5896
4450
3651
7212
6370
4194
1797
682
1695
6397
185
4583
4444
275
6603
7845
1221
2073
938
7316
7052
1424
513
3609
737
8596
4899
4973
3490
6106
7933
5502
6915
5943
1024
8141
3217
7919
4961
9917
5733
527
953
3862
3907
7936
6052
5925
7628
7048
7578
5655
8163
4953
4369
4471
3936
41
6475
7774
9295
6823
7192
5588
8463
4683
7667
8500
9251
8461
4627
3302
7112
1021
1583
6525
470
6651
9702
2800
2543
8974
7345
6441
8528
2278
7339
1962
1574
6552
4205
3175
1443
7186
622
8909
3334
5364
5399
9224
268
7552
6674
9167
2420
4276
8543
7141
3369
7844
4000
7285
339
3675
5231
320
9478
750
7060
6185
7344
5704
6926
2698
4256
1451
1858
9925
398
2673
3190
5106
1252
477
2532
4991
2300
8177
4021
4251
3735
197
8592
3730
2551
6919
2836
7768
1955
301
9431
2584
8304
9213
1880
4563
626
3975
4911
968
2418
8617
6743
696
4653
8894
6033
9861
1142
239
8020
1301
6729
2809
2449
7146
7112
3195
146
7336
8615
4089
7970
96
3242
605
6802
2038
8597
7968
4365
8324
3266
3052
1833
5118
3453
7896
9076
3656
885
2974
6625
1715
2281
8129
5855
5494
6763
4733
7451
7430
3828
7574
2353
8328
646
6647
7453
4047
2092
3995
1263
3174
5874
9695
8034
3676
975
7331
3692
9215
4119
6489
6451
5641
7464
6254
7815
5112
4750
1307
5274
3864
516
6935
4496
5691
699
3504
4471
6806
443
5028
1564
6889
1710
3451
5841
2585
95
2178
4518
9431
1040
8236
3310
7338
1122
6712
863
4391
8831
2340
9297
785
8721
7399
2657
8938
5199
2343
2977
7471
2860
6886
8772
9090
4925
9561
3930
4013
412
5229
5017
2571
6788
5842
2824
2280
3624
7157
4568
3986
2640
79
7974
8102
5731
779
8168
4311
793
6902
7385
7751
9201
7047
6571
4154
9463
4220
2413
1561
2781
6850
3978
3602
7323
6725
3996
2878
4575
377
5314
8042
7774
8990
4830
2781
8911
670
3358
4146
1393
9619
3220
3510
7844
7265
3370
9740
9271
8669
2816
9404
4744
3007
1205
5790
6100
4372
778
9006
6782
5290
9735
415
1588
9343
9977
210
2217
3790
5242
8793
861
8267
168
3162
3630
468
5757
57
3354
4255
3607
5905
7560
5910
3298
4766
7785
9039
6680
4538
9891
4352
7363
6102
9883
2804
1922
8501
7288
3160
7523
5481
3427
4022
8542
6476
2839
8042
2159
5631
8614
721
5651
2526
1683
3830
2854
5677
6044
5210
2424
3177
7109
704
8902
6509
903
4065
3278
826
8546
7256
2769
194
6732
8126
2478
3538
7368
6821
1927
9743
6879
1048
5923
9169
8700
4836
4419
6053
9949
6244
2456
2078
735
4345
8371
2723
5119
2032
5573
8773
4764
1333
7085
1358
7952
5456
5794
3557
1351
9316
8309
9223
3282
2681
6298
6060
4780
9733
7808
6066
9646
7224
876
2302
4800
691
9459
2387
9754
9754
8418
5335
1248
3153
4979
5546
3963
4565
1217
3244
9042
862
4701
632
7935
3233
8795
8054
8047
2310
7942
5386
4223
9506
9127
7539
457
4782
6557
7261
5997
3406
3802
1596
897
2973
7974
128
7702
751
2096
214
8515
4564
7023
8784
2522
243
4367
1566
1895
1405
4340
7443
1812
3032
1112
1741
4026
7439
5088
9181
8007
3956
7247
5636
7059
3105
9735
4961
5258
8666
352
7295
214
7728
6870
9658
2482
343
5016
213
415
4990
5365
4592
9065
6358
9784
7865
1861
6233
6102
262
5662
2915
2207
4559
7317
1387
1724
9417
508
9405
6308
3229
1052
7045
7229
4084
6161
1453
9259
3682
2423
4875
8765
3016
8590
2654
6570
700
3320
1869
3100
9025
2563
89
1632
7298
5520
2310
2341
1095
8619
5598
9704
1010
8682
2136
3539
2020
9128
5700
1703
408
6974
2420
7838
787
4150
9190
5969
4662
4816
1023
6097
8639
6305
7283
665
963
5413
9931
8563
3850
9111
8164
5063
6825
5170
7755
4334
6454
9115
4550
1572
7619
165
2691
2051
143
2250
844
3147
6329
6341
7678
6278
7595
9500
1065
4704
1399
1470
2575
6607
9197
7137
7853
1296
8809
7357
1013
5617
6395
4856
9514
5547
266
9451
8478
8473
3613
5231
522
8712
4568
6783
2233
7509
1433
1885
7467
7324
4104
3050
2934
4984
6539
7942
2374
481
2312
1395
3241
2785
1237
5227
6752
1472
6826
2131
6011
8143
1022
2592
1090
6167
947
3863
2038
2413
4903
343
9863
6924
9889
3689
1512
3345
1922
4530
9007
2323
7076
7996
6160
2218
1990
7737
7475
9341
31
760
682
9302
5874
9323
6302
1511
1959
6766
4036
2676
5904
9961
5578
1968
1531
6317
2896
7547
3714
3406
9550
2295
3123
3687
1067
3025
6431
8871
4177
3210
6388
2697
2381
4143
9661
561
1049
565
7387
1
1385
5155
494
6331
6419
7115
2418
4192
686
5672
4840
9927
5626
6624
1209
8386
6178
2187
8256
3276
5080
3087
2589
826
6287
3206
7579
1434
2306
970
5267
2331
160
3713
2021
4395
1801
6792
7267
3951
607
2239
8184
8504
8369
6460
7071
5756
2933
1274
4382
8862
2308
4110
4920
8297
2565
9667
43
3213
9535
983
1885
9716
404
2509
9767
1912
4603
6813
6585
9386
4919
4304
2669
2840
4902
4084
2456
9827
6135
1822
8501
1032
6588
6405
22
6050
8792
3723
1830
2133
6748
4054
4416
9623
354
8468
8099
5860
6693
5158
1153
6119
4689
4996
3943
8004
1440
2080
3394
8480
7211
215
7078
7712
2482
853
3127
3999
2486
3716
3120
879
4983
4451
2637
865
9888
3046
2486
6434
5985
6595
3133
977
669
2381
6342
1591
2462
2018
4609
6712
328
3349
4922
6532
6975
6703
7141
9500
5340
4100
3373
2976
2037
274
1135
238
2359
3077
8115
8394
9593
6960
2495
615
7082
6101
7043
100
4510
1536
1537
468
9107
6408
550
1634
9528
6104
3889
3185
5904
2985
1093
1885
3221
157
8939
394
1246
6103
9232
9384
3902
6214
7118
3368
853
4306
9450
874
9659
7041
4989
3804
2562
2905
3868
5629
9723
9501
709
6254
9188
4930
2489
6608
5867
610
7393
6924
7161
6648
8853
8407
2303
2152
6565
2893
9289
7182
781
5222
6653
3014
3525
8863
7995
7288
9322
316
6288
3309
671
1745
5394
2977
196
8972
3724
510
7500
242
6912
2526
3713
3010
8187
6582
1501
410
6339
975
6339
2541
8720
5487
9601
6173
1405
3625
8612
8579
1288
7077
636
3851
5977
7108
3013
9325
1956
7593
9168
8779
9681
538
8309
4127
9301
514
676
1412
5786
8911
3977
5312
6970
8129
3025
9906
3376
4022
7566
99
1897
8921
8954
9835
1889
9861
7032
1078
3569
2176
8454
8745
1807
7559
2859
8181
7178
5473
6872
890
2949
7199
2792
2376
3100
5324
6881
7848
4083
3106
5948
7933
27
9068
6882
759
1584
8473
2237
9439
3481
9598
7843
3610
457
5231
3504
9410
5269
4843
2728
7902
7149
6675
7150
4697
6129
6577
6734
6565
2979
9184
6994
462
6227
520
8718
2739
677
2100
6597
8704
3236
7432
7409
3350
9356
9181
1918
7868
1819
7471
2578
9240
378
8046
783
3351
1918
2185
4630
5006
1739
5672
6459
4296
2603
7380
7383
9937
6513
765
8732
3169
8245
4023
4666
9716
9266
3799
5340
6947
4658
8865
4745
5508
6606
7754
84
8181
9736
5367
820
8492
7469
1591
6965
7563
973
3112
747
1976
1798
1981
1355
1054
8738
9408
994
6354
3379
1067
4084
8119
6844
7682
347
2873
926
951
7690
4849
7296
9202
201
1146
9945
240
5700
6654
7058
7102
8743
6154
3051
3364
5149
2677
7510
3691
6769
7197
6759
3729
4801
8669
1282
2700
1648
9787
1243
4092
6637
21
5422
5898
4679
2595
1780
209
1109
8497
3708
4340
9296
6276
2323
7930
5068
3479
2532
7670
5362
7234
4181
492
8089
3566
4400
1532
9863
7244
8592
5912
5411
2965
465
8722
731
7152
8684
2554
897
7300
2582
8272
3489
2418
4432
8524
6345
3352
7632
8168
7254
3572
8729
9402
5839
4930
7808
1113
8194
248
345
3864
9905
7795
8929
6331
5811
3601
7198
7915
4794
9978
6772
8061
4652
5909
7002
5670
9134
5876
5186
6511
9612
423
8658
1838
4236
1062
2882
5801
9344
7571
4359
649
6955
8718
8367
5693
3489
8101
2712
2744
6154
9716
3374
7276
6799
667
4750
9930
7927
2138
1978
2318
5061
3834
4251
9481
9137
7090
2094
4749
718
1396
8571
7222
5618
6123
1106
5933
7541
1309
2181
1032
3163
2441
357
9896
7049
1382
5038
3568
6311
2951
7874
7206
5593
2041
5587
3120
4466
8886
6555
6398
6006
7962
2025
4757
1145
6152
1657
676
9561
8816
2388
6618
9956
945
9154
2620
3477
4355
2432
7755
2052
8526
8437
7767
3522
1365
1628
3577
536
7986
1466
8655
4753
5782
5026
5200
416
5599
8750
896
9724
4362
4006
7495
562
1256
7249
4647
2886
2967
9642
111
6453
8800
4346
7479
9525
4258
1234
9780
4523
8079
140
1574
7349
3733
1864
4174
5919
3953
2203
7877
5604
1535
8030
7690
4519
942
7204
2266
4116
6981
691
7568
8343
1355
2202
5952
1435
7546
5675
6157
4365
8970
6373
1644
4221
2431
145
6829
9391
3074
8728
8932
763
1764
4507
4918
769
6656
2959
8582
7053
8967
5664
7542
7388
2571
3231
5994
1530
5911
2739
8372
8278
6046
3512
6633
5162
6385
3468
2087
797
375
2875
1041
8252
1758
6804
6578
6848
7283
5183
4779
4586
7093
9104
5397
3306
8831
4256
1649
9200
4151
5298
3479
335
355
654
4717
8252
7873
9755
4383
3187
872
7785
6678
6092
4622
9289
5629
5766
6652
9146
4247
728
7960
3785
1184
6941
8114
3327
6331
2129
1818
2887
6646
5076
9395
706
7896
1104
2087
8325
8974
7527
799
1591
3714
9308
2426
9305
8684
9542
8626
5883
2547
5004
1051
2751
2375
6570
9469
7775
138
4546
3424
2254
1369
7984
1139
1601
6697
3915
1392
4525
3679
8326
171
6719
9928
6368
71
1876
4515
8808
4642
6789
3502
5935
339
1641
4025
6643
8331
1326
1635
4311
8187
4428
4102
8545
221
5729
8169
825
2608
4769
8149
4101
2203
4221
4833
4332
2822
6006
6499
7592
3260
1329
9903
6635
8751
5434
7645
9498
7575
53
5583
65
2889
9367
139
5742
2616
1383
6147
4341
3707
3690
6200
9873
8639
9400
3731
6117
6807
9693
3821
2325
4827
4042
1051
6857
4525
7466
9793
4787
8083
8671
3249
2555
9185
8083
1211
2835
4081
9090
1715
1438
9859
2157
3885
9569
5129
29
7996
9351
1702
1527
2690
7882
6231
3258
5238
8847
8315
3281
1217
5149
1590
1359
6257
5036
441
3645
688
555
8188
895
2035
7716
7977
2382
2466
2669
156
1481
1727
4495
9470
442
3084
6556
5980
5366
6323
5927
2845
2364
4520
800
7873
6566
9848
8499
5900
8849
9128
1484
9341
7441
1162
806
9491
4973
9905
3848
791
2568
8691
6834
1554
6721
5679
1148
8275
9701
9055
5075
7321
4761
7709
5824
6375
1235
9843
1410
2534
3967
6769
1307
2352
243
5154
2029
9279
2278
7064
1007
5460
2474
5135
277
3672
7685
9246
1151
887
8700
224
6198
9793
4053
4163
4580
9731
5338
4430
8255
5130
8495
1314
6824
5798
7384
4481
1310
1567
3649
1868
5996
2636
8048
9614
4846
9625
7432
2151
8690
1989
8691
523
3834
3743
570
1513
8299
6079
574
2297
3941
7847
8808
5876
6965
1160
8310
4478
6288
3204
7935
9584
7237
6831
4227
3561
1744
4439
9316
4954
2298
3186
5740
6266
6438
7972
7480
3081
5228
5870
6182
5230
992
1352
7926
8149
3828
2171
2649
3686
1314
2954
5862
5485
4054
9107
3285
7002
9515
7009
9768
3860
6763
5619
9999
754
2106
2542
9438
8993
3680
5229
9250
418
7022
2704
8591
5885
8904
6077
9733
9573
1789
5630
3639
9344
7323
255
2211
7331
4686
478
3565
8219
6101
2321
8467
5373
1353
7172
6043
1286
2733
3656
5
6085
3704
5444
8463
1350
515
7400
8097
3438
7275
195
2070
1132
1980
654
3431
1851
330
2107
4306
3202
1663
1030
4316
4700
4236
3218
4532
1732
33
8447
6839
8133
5624
7554
5639
1879
1791
861
6815
7286
2380
127
943
5906
251
7334
3392
698
3741
4192
955
626
9349
6803
4421
2673
1128
3762
7113
7297
2867
6364
3404
8828
3355
3936
5508
4426
5014
1551
59
9468
5291
7020
821
1536
87
8409
4448
6902
9825
3834
7991
5841
7491
6213
8784
8820
3132
2966
751
8028
3748
9518
4418
6016
6722
2114
2550
6314
1826
8966
5683
2189
4133
1486
5334
2329
5982
2884
2585
2718
9313
211
7471
9033
8372
7563
1337
7142
5152
6687
1293
2048
800
2030
5720
5773
2601
4805
4814
7972
5859
8134
5075
859
8150
5802
1708
6004
879
6454
2838
247
380
8033
8715
3537
2046
5385
7643
9159
777
5408
1161
5139
7672
3634
1389
2103
5766
9560
9727
1177
8070
4612
6859
1179
5135
6612
882
2570
5855
5333
6262
8698
3848
1045
1667
2767
3315
2183
3727
7216
7161
5655
7195
450
6972
9935
3186
4515
4412
9605
238
1318
6727
1661
2177
5767
1174
7535
8401
5434
4502
5072
3304
5444
9146
2463
1291
6626
1967
8622
8787
3582
5833
2511
4015
2415
7417
6409
4206
5200
3425
6367
8158
6250
5094
4944
1970
2186
8868
5900
1593
5779
3782
8293
2713
2089
2350
1751
1304
4509
8644
6560
2548
5790
817
6655
5485
4215
7646
9761
8350
4764
3328
3201
2008
8135
6914
7054
349
4202
492
9104
7757
6067
7029
3008
9800
7539
9797
1925
64
5665
5104
9697
6555
6865
3818
2367
5433
8439
9458
7755
4540
9107
7549
6828
2450
581
6284
4578
5175
5296
1402
7101
4016
9540
8802
6481
8761
7808
6854
7946
4417
5720
9697
2685
9660
3631
6645
5143
4317
4546
1621
1909
4743
2737
4563
8650
8517
200
557
9219
1254
5219
6750
4767
4263
8003
5680
7015
8063
7336
3605
7624
1585
1512
3337
8819
9409
4864
7168
8819
3935
1141
261
628
3675
9492
2358
1279
4976
151
7964
8560
7251
7634
6691
9198
8970
4929
8421
1657
7950
9630
7079
6980
941
3996
324
3231
9399
5743
9240
3653
3032
1738
5284
113
4957
6121
1091
4770
5644
4401
2038
7912
9372
5044
372
3950
4821
4138
9849
4480
6442
5511
868
4304
4062
3281
9687
9678
9168
9126
1879
9232
910
4310
5527
5513
2350
6577
4241
2848
3837
3650
6012
3549
7592
9167
7607
5896
3624
6373
8410
5261
5894
4760
7211
7521
869
979
6051
1676
6434
1412
5602
6518
2521
2805
7001
5062
9517
4859
1600
8243
9897
7000
643
2791
9498
7318
6712
4894
5673
3790
6054
2795
716
6618
3338
6149
7099
8006
4643
1370
526
2564
6414
2424
8048
9494
1028
4787
2165
2545
6379
8764
4773
167
5363
8894
4117
4419
8022
3551
4267
1156
6003
2643
5358
2807
5801
5902
9467
852
7962
1510
215
229
7716
7333
585
8218
4743
4
6290
1925
2728
3127
7411
7289
8021
549
1254
4443
2032
2679
9983
1092
7103
9370
6560
3771
7066
5241
3692
5125
5319
1313
4583
4868
8549
4543
2450
8030
8309
5898
9676
8018
7260
2342
8427
2876
5231
8068
4785
5252
4647
5023
8819
5282
1527
9122
3125
8345
772
6814
1152
9501
6312
1164
6605
1415
8544
2543
8740
3477
8098
3224
6134
6133
3003
1964
3831
4761
942
3684
8539
8997
455
8439
477
296
2494
9300
3340
9427
1418
4105
7258
1494
4746
174
1705
6096
5737
7012
4332
2688
9328
1307
7154
1423
8889
2686
2279
9562
5290
8364
7403
7087
8274
2154
9046
7872
686
6308
8921
9244
9203
9313
2059
3993
5965
4639
1386
2829
259
7735
9024
3930
9352
5851
9669
9147
1285
9054
1407
9807
7020
3777
4136
3053
6702
171
3220
2592
1128
3833
5409
9428
8091
5087
3485
15
9248
3161
5457
4249
1299
9450
9303
7554
9340
3472
7734
2423
2484
9898
6586
1632
4901
9113
2223
5425
5176
9006
7290
5794
1419
8794
1700
6425
2326
9595
5839
4264
2366
9654
9899
8124
3596
7158
8508
7570
4473
6581
3712
3229
2436
796
107
1229
7246
3776
4526
8977
2864
8059
4838
241
5870
9662
2829
2504
7749
2878
5228
9744
7633
3470
56
2830
9999
8462
8035
7743
604
4652
951
8594
5293
4061
3358
622
8686
471
9179
8549
5069
6861
1400
4306
4815
9657
2253
3934
4328
6004
9821
1595
1353
3967
5595
8966
739
7277
1230
8783
5741
6783
8373
8211
7108
6244
4947
1808
6303
2206
3817
7277
3699
6679
4675
772
2070
5750
8014
341
6208
4101
3414
4600
4831
9355
7241
1325
8465
4392
9883
1408
9240
395
2807
8285
8487
3188
7198
8571
4709
445
7630
2121
2186
2543
7896
4673
9292
4823
6895
4989
9263
888
2575
1640
3368
3773
3379
7752
9002
3621
3342
1911
2323
2408
8036
3303
3871
6389
2284
8881
8551
9442
5631
5763
6470
1292
2413
2288
1458
2567
2033
3642
7496
4893
2145
8352
7819
1167
4917
4714
9808
9445
9568
1087
7102
5718
9798
9777
4506
4592
802
2902
2538
8014
6438
9820
5257
6811
5169
2075
1359
1091
6294
6435
1588
9700
4414
7430
263
9684
5484
2703
1472
7570
9072
9105
9874
4544
8660
751
1494
2635
7782
6865
1765
9131
1104
9482
8455
2324
3094
1007
5998
2841
3354
8717
3151
3133
9499
7402
1303
2368
9514
4821
9108
8098
1429
4967
8941
7332
9946
712
8151
4417
581
8724
3308
9428
4670
2457
8595
4932
8975
7938
6589
4476
6705
8631
4216
355
5954
6740
5044
1258
9447
9126
3121
2960
7756
3666
7701
6136
540
1122
2378
2382
2856
1580
2259
4630
5408
3723
8463
7042
8806
6371
3392
1575
8231
4632
1392
2798
751
8586
1377
3205
5668
6893
4969
1455
5602
348
1671
1003
4756
2459
4392
7852
5560
4207
1619
5125
6371
9586
4946
2231
8277
8002
2451
3076
5733
1545
4729
3123
2273
4902
5384
1953
9744
9172
6713
5963
6610
804
9027
5060
2051
7459
2286
6346
1978
5540
6015
4023
3013
6267
6427
1165
3640
9146
4928
7665
4441
1892
5721
4057
5618
8547
8729
9853
7074
2438
8107
6388
7494
5655
8514
5566
559
9885
179
817
5716
6104
1098
193
5529
705
110
6006
8474
4219
8313
598
4243
9048
1522
4717
5083
4969
9441
3503
8729
2432
9271
9540
7432
9627
6529
7357
7752
861
606
3754
8967
4110
1949
8336
794
5527
8527
4912
8437
2723
1378
2855
4124
7509
2144
8445
4133
3797
482
5589
443
6675
2088
3283
6832
1558
2761
5902
4176
2752
8254
7613
3613
4559
1630
133
7098
3185
3922
9555
6441
4529
5066
6006
1053
6416
5415
9922
7482
8083
3224
3955
378
5016
3310
2292
2022
8665
1503
9236
2766
2625
736
5684
4469
3765
9242
9565
5879
2011
1347
947
9874
926
9147
5914
1609
6082
2229
416
6143
2838
8419
6092
9528
4298
7235
8596
1248
9338
8111
8433
1681
4686
6789
3816
3793
9381
1536
7288
7174
5849
4043
5471
6736
2276
4080
9451
5868
7395
683
5940
6435
1087
3093
9927
4205
4643
6156
170
6530
645
8316
6540
3900
2913
9266
5188
4137
5331
2121
2227
4545
4941
3242
293
8795
2948
9356
7251
218
7783
2728
3852
8655
2170
1997
593
1592
6862
9610
9149
3224
1366
758
6528
7532
7502
1571
3822
3010
8892
5314
537
5274
8455
1395
1494
7845
2800
1132
1257
5287
8905
9952
8746
7917
4463
7885
1729
916
8672
3595
7274
5720
2971
9002
3178
4183
6713
2760
1292
1376
5533
4241
1325
2468
2190
8578
199
775
503
2748
8792
5730
8353
3862
4319
1413
2011
8611
3069
9617
9842
2905
4338
5297
8039
4816
2302
9453
8216
7310
1132
39
9839
9880
9753
4663
8627
6278
5726
5884
7685
953
413
5923
4802
1544
7367
9109
4682
1764
2172
8102
9691
1674
1534
2627
9903
6027
4428
7374
6276
746
2559
3192
1616
8753
5890
8472
4108
9656
2786
5733
2884
7184
1932
8888
2492
8414
495
6495
7448
3192
4770
6451
5138
3029
348
8165
8345
7126
4760
2599
1849
8351
9608
6938
8393
7221
4307
6048
5654
8894
5000
5026
8978
6438
5217
2507
9741
2646
135
1489
5532
7933
9926
3083
5975
6108
8053
8586
8405
7724
126
6982
4895
187
3884
4532
7575
4994
494
5271
4106
4446
840
8553
8192
9744
7473
8699
7811
7841
8423
5699
6990
3271
7067
3915
8425
6524
962
2285
9167
5720
7643
7930
8768
8017
130
8790
2554
685
4931
4747
2151
4864
7382
1085
7092
1372
4891
6231
8634
9354
775
563
9300
4427
9992
1624
3120
9968
6107
1051
4031
8209
6103
8385
6802
2910
9785
175
9614
8682
6145
7126
2909
3675
3547
2126
5888
5981
6822
7052
1633
4731
3650
9813
4945
7079
8629
4340
8025
8506
5670
2585
4578
3879
716
3942
8760
8996
4282
4182
1586
4715
6616
9952
3208
3648
7654
5625
879
7865
5735
7138
3146
9054
9417
9299
4558
6290
3439
9723
4281
5444
2149
1108
3011
3559
2548
9030
2959
9605
3366
6892
1698
2640
5466
6917
8114
3698
6604
1297
9425
3004
3461
160
2770
8532
9439
5524
4462
1416
9383
2469
5556
4559
9900
6141
2566
5508
6940
9649
1100
8623
2665
1273
4498
8843
5439
506
3588
2500
1185
860
9685
2142
297
1277
1983
1989
8337
4479
4119
7024
4567
1542
221
896
1335
7139
2739
9324
4351
2605
6757
6955
196
801
338
2187
5661
3927
3093
8933
1935
1962
231
8523
2783
3413
4262
8623
4158
576
7171
2461
5529
4076
4056
1123
1052
3601
7507
8300
7766
4263
8148
8579
4102
2730
1946
9495
939
9796
6328
4409
1386
5186
5088
2605
1310
1698
8112
7921
2876
4116
5165
3775
5434
4296
1426
6120
6745
9215
1135
2059
6420
4792
1166
7672
3813
1652
4420
53
1467
4766
7684
4361
4247
2761
1074
342
8988
1450
9812
9353
5488
9585
5423
3650
9097
4373
3144
9806
1304
5826
2749
1724
8660
4268
7989
6593
4019
7416
8792
9658
7277
8059
6454
8109
6431
803
9527
2673
3221
1083
7131
5295
9402
1781
6570
6834
9369
7516
8574
9439
8508
4614
8749
5640
2016
5960
5701
9978
4771
4481
6323
1572
2657
153
2076
7429
3131
7313
7218
8293
4846
471
6584
220
8694
7454
2321
6879
7698
1155
7224
6503
8842
9353
1150
2663
9309
813
6092
471
5102
9548
7901
8740
4760
5559
2637
9248
9705
9140
3703
2055
297
280
4592
8036
8029
8528
6946
4562
3638
8821
2280
3616
7257
9820
2729
3304
9003
9412
8119
2317
1220
6746
3191
5298
2569
7844
5460
3134
4816
3072
7173
8557
7451
5168
6205
8562
4760
3113
4633
780
3867
1530
6833
6281
7267
4285
1483
4939
2829
9333
245
292
1021
1385
835
3550
7089
9294
5467
185
3068
3811
9745
566
1648
3722
6165
2089
3614
4167
8544
5890
4779
7338
8450
9690
9913
6910
8030
8283
6361
520
305
5483
2827
6880
7536
6065
4332
2655
1473
5465
7645
4447
7712
55
1784
6266
4632
3544
8120
9394
1325
8661
788
4354
5513
3682
2935
1145
3636
178
1263
7183
3824
2547
3506
4261
7739
4767
6186
99
7756
959
2694
3078
8244
331
9626
8394
7905
3647
2277
4485
163
6966
9195
1643
4694
8472
1367
3853
3130
3187
9018
1294
4201
461
623
5164
6549
7523
8527
9865
7358
8020
1637
365
5966
7710
6110
5182
4055
4540
3240
9989
7901
6778
7020
6857
3352
1862
9566
9267
3399
2332
6969
4568
1940
1400
8876
7783
9707
4461
1845
381
5120
2411
7127
2142
5328
8829
5676
6984
2361
6185
9798
8589
9947
9029
3392
7423
3441
3765
1812
4687
7956
9259
6465
5025
1051
7068
8425
4565
8834
8327
5474
9594
2695
2858
4869
5489
9650
4877
1528
4522
6185
2582
6905
7214
2534
8379
4621
2911
8008
1452
4341
5942
2649
7158
2425
5860
5946
2102
1091
8260
404
1110
8150
4034
711
204
5894
7088
4159
7902
7773
8564
2237
7290
8501
5373
2353
9251
2490
2672
2447
5513
6557
7381
3985
9532
6944
5537
432
9008
9543
7548
3785
3268
4117
5075
4432
2870
6502
2330
2485
7533
8751
105
3678
5777
3705
5358
8656
7052
3506
6695
9611
8419
5813
4891
4553
768
49
1179
3259
356
6655
5151
8359
225
4778
8968
3172
3425
941
9483
2748
160
186
4913
6761
6452
3702
8208
5826
1586
6880
3380
5501
2848
7936
5366
7455
9226
521
3663
2821
5323
9071
2128
877
3600
1745
3453
998
4736
2185
5231
6110
4023
3946
9451
8232
899
8129
8101
7065
1841
5352
1672
3476
3275
9649
5511
2288
9412
1512
3946
2904
7277
6662
7424
1088
8057
4036
3161
4706
249
7209
1090
9400
1649
7269
1478
8901
8485
7133
6556
1096
2420
6597
979
9971
7398
8652
7602
3950
6234
1164
1586
3224
8239
2326
8833
7361
6521
8362
174
6863
4968
3394
6816
4631
4262
2272
1826
6005
8171
6610
3803
2278
4956
2850
483
679
5682
7453
3690
9405
6433
9211
8472
9084
5623
7865
1160
9322
8436
4116
2379
122
6958
9693
6127
9026
9781
6348
5708
5125
6825
1597
5778
9623
7360
9307
8268
5389
1843
8154
1679
9067
4672
769
429
5757
4922
7731
9008
6396
1111
2504
7568
4054
4230
3680
5320
5262
6722
1457
898
9333
1745
8564
2579
4836
3432
8848
1723
6315
9597
5771
7478
282
2437
3311
5450
6189
9264
370
4103
2049
7339
9312
4014
4321
4028
1723
5393
3679
3987
3005
8666
386
7256
2345
7322
6107
8189
5592
2325
6074
6007
2692
6798
5339
5025
7286
1617
919
8230
9130
5998
6352
7353
8848
1994
2432
4550
8258
808
1708
3455
8044
2327
6592
7104
7092
3026
92
5988
9343
7999
3671
8044
8028
6041
4647
2513
8674
9295
6741
106
4473
5449
4856
7006
2314
3032
8407
351
4889
1557
9930
4783
616
2619
7963
364
206
8235
7933
4260
1524
4930
8887
1130
2327
8307
9324
2806
7346
9919
5875
8963
4067
1602
8981
2594
7470
9585
4790
4059
4618
9741
1098
7785
8069
8887
7428
5409
8077
4282
2307
439
1361
2480
8582
9543
6562
3726
4679
4007
3707
5600
3004
4970
5681
967
716
9014
3638
5369
2894
620
3445
3874
9642
1783
3831
1101
3061
3439
878
3915
4729
3064
7611
5436
7601
1586
3020
9437
6032
3744
4906
782
351
9017
6737
6127
2104
7102
8170
8414
1771
2708
1388
1686
6993
7487
2838
6798
5712
5460
664
1240
3128
9792
871
9939
7359
245
3365
9130
5993
4200
9337
9149
5714
2662
3522
624
5046
7703
8997
5959
5268
2463
2144
2020
1676
5924
8442
114
8747
6221
3725
571
3080
3666
7654
559
8146
6797
8768
1858
3737
9040
2420
7570
3371
2238
5972
4331
3964
2214
1752
8008
6463
4705
5971
664
7648
8850
8262
1434
1802
3250
382
9772
475
8765
6068
2048
5008
2963
2478
8248
8934
7138
2222
6228
43
4573
8649
9437
9952
4110
6149
6533
4468
5716
4108
8375
7694
6989
2911
9295
8535
7334
56
486
8657
2648
7095
4605
6170
3924
9323
1001
9735
3504
9073
9324
2483
9742
621
3074
201
8824
1482
7691
7101
3849
5304
4758
4657
7693
4353
8018
51
3182
9713
1600
7082
1736
7571
7394
7478
4043
3267
6027
4787
5147
6797
964
6643
4783
5891
7952
6367
9837
9094
9710
5852
2364
3384
4807
7344
2337
9948
8476
9571
1304
949
6552
3790
7473
2242
747
2170
3226
5595
6157
5556
5454
2904
1953
7051
4339
8115
9873
1801
6400
1651
214
4088
3
5747
4717
8351
2764
50
5141
4095
4791
6456
3482
4198
245
7173
9169
2541
5144
5782
3140
4241
2937
4153
397
9460
1431
7756
3004
4222
74
6674
3170
9653
734
2464
3787
1725
7525
2395
9406
3176
454
2061
765
8998
9421
7755
6806
7166
8945
7332
6656
618
8510
5973
1150
5849
5350
5256
6920
5008
7046
919
4020
8116
3285
3829
3463
7780
3385
7444
5016
2749
6375
9964
3786
875
3388
1399
39
3676
949
5837
5276
2742
17
2552
1143
4760
1313
7937
6375
2268
5475
4398
6129
9535
8040
2648
5712
5592
4291
9025
3780
1501
2316
3907
4242
8545
2187
275
2461
3950
5217
3243
4058
1209
5642
1278
8099
733
2685
8702
6467
5447
1068
2747
7273
1977
3835
4251
2834
739
5686
4447
9384
1923
2056
3775
426
6110
8309
2598
2573
1038
5476
2424
7051
2231
339
4920
3892
6762
4549
4979
2906
5588
2558
8332
432
9568
6633
2265
4709
7935
7440
1722
8264
769
3859
2134
9152
1867
851
1989
2424
87
6129
5428
9971
8644
5696
5041
1637
8915
359
6072
6190
707
1540
3796
9365
3723
3342
858
9476
6043
7888
4638
3598
3754
4159
6281
8372
8205
5767
2024
5911
2560
2555
2818
9459
7129
8361
1787
3872
1592
627
5794
7576
1368
5531
7557
9229
62
2769
5428
8524
9993
2512
6380
2199
1491
1830
6217
4484
9414
6669
3432
3147
8334
160
3630
8151
8721
4337
2235
5362
1554
6985
7884
5415
2094
7061
2230
8222
6602
7052
8310
5436
338
3500
5918
47
6174
619
7967
5299
2143
7303
4457
4923
7195
2646
9241
1207
1901
9405
507
5725
533
66
6969
3007
4628
964
104
4429
9600
7995
7881
2362
8359
7996
2809
4834
4242
3582
1976
8102
6369
6936
3218
4251
2528
2961
8220
9448
7820
1022
6320
7197
6544
2584
4902
272
6530
2910
5418
5210
514
3538
5698
4148
9421
2094
6564
9199
9837
4407
6964
8318
7428
2405
9356
3597
6847
2718
478
1667
2743
656
6609
8577
1674
684
5817
5774
3094
2536
8303
1331
8164
6766
7587
2830
1237
9070
4830
433
6396
9021
9610
3412
4058
8002
9769
4139
3228
1304
3424
3812
2431
3751
2466
9857
6929
7120
2473
8737
6277
789
6105
7300
6104
5632
154
661
4817
6525
2359
7777
7887
