4026
9523
3271
8652
6758
5354
8231
1407
5288
2193
7436
353
5841
5459
3459
6778
5123
7275
5574
1425
7044
4856
5372
2902
8580
963
5209
96
1066
7421
4532
893
838
9046
9316
5827
6114
2154
9891
3660
9090
8347
7425
3077
27
5167
237
2339
1241
480
3052
7737
1904
1501
2328
9170
4151
368
71
5794
144
8135
341
7867
7661
6543
9514
6795
6143
7632
663
2968
7384
1913
2334
8697
7430
2295
2875
3413
726
2870
8855
585
4369
6794
8988
9337
6717
146
1675
5745
2082
4096
3515
955
8006
9558
5415
3484
5652
3442
6195
3608
9816
83
353
9990
9166
3631
1739
1855
7493
6658
5068
7274
9279
9755
3497
866
7554
177
77
5997
5957
4918
885
3287
8398
1379
690
7872
6879
9390
7760
7284
6674
5247
769
4286
6441
8998
171
3086
8406
9819
8252
5424
9028
6241
1675
8250
6060
4549
5929
5475
3364
198
7651
4898
9197
7066
1592
7786
2940
3866
4976
8102
8897
7783
599
4032
8986
9211
4425
8556
5
6991
7590
6137
6666
5461
4258
2156
9704
2439
1812
2330
3461
2285
3919
6476
7595
5871
5088
9374
7405
2385
145
4540
4843
149
6526
1244
5641
7642
9264
6848
123
7373
5470
6373
2607
1514
8231
3736
2807
9435
8081
501
2053
2645
4641
6612
3864
4123
6436
3115
4123
5050
1150
7619
6845
3050
1293
6516
8934
3013
6515
2061
3175
4964
2207
6087
6815
7545
3868
6081
7639
1352
6567
7970
4303
9644
2486
2197
5508
9914
7380
1518
1206
6149
2724
5072
6222
7850
9528
9557
220
1715
4801
9793
2920
6020
7325
7089
438
8553
9797
6318
254
354
5475
2771
8483
3180
3315
7201
563
9095
1008
9020
5633
4997
855
7025
2239
7134
9865
8964
8017
4311
5861
5924
6550
6773
5050
8283
2318
5397
1759
6955
116
1062
1263
851
673
9953
6589
3042
4534
2326
8994
1124
706
5781
4160
7923
5164
300
4849
3304
8687
832
8300
5943
4493
9551
6221
1709
8130
5032
4883
5165
7336
4053
8904
4570
3733
4
6352
2286
544
6823
4429
5691
5317
4737
5217
769
2613
7127
3118
2018
547
8455
8267
9283
2761
5320
6357
1122
3732
4880
4911
9502
7443
3828
3787
6653
6877
9589
4189
5160
3947
2563
2759
1864
6403
2609
626
9756
4333
5451
9096
1003
1913
2865
4617
8881
5786
9620
1809
8413
3646
5229
8553
5664
1911
4927
8247
1489
949
8563
3892
3023
2937
7958
8070
7984
5696
6402
2880
152
4693
6601
6788
8280
5784
3908
7589
4578
9210
4906
867
7256
7780
5776
1514
8718
4009
7094
9953
1475
4361
9137
8806
5769
1559
6072
8065
3955
4794
6633
3184
9383
6739
1657
3719
7044
8441
273
9880
8002
7337
3669
2278
6043
7696
6635
5242
7161
6443
9352
3975
8601
6449
1404
5790
5556
7795
1018
6720
9711
5842
3634
9783
2576
1721
1483
516
6123
2056
4469
277
3736
7214
1950
4137
692
6858
2763
8073
4924
830
904
7511
5442
2658
4583
2934
5335
5866
8162
9249
7422
3552
168
2160
3703
3886
9701
4321
6212
6119
9118
5104
1973
9075
238
1386
4499
7267
5097
8698
5031
2945
1796
8881
4938
6122
4340
9918
7137
8549
5181
256
3893
5220
2854
184
7045
9790
433
6806
7156
8441
1861
8805
1711
5799
5538
6367
2419
3196
8434
8068
768
9464
4217
4477
1755
1287
7221
7581
9545
9783
7183
7662
937
8861
1211
6753
6220
54
4341
4708
6833
8291
1541
6590
1084
2991
7169
9139
584
7973
7499
3941
114
7113
9488
4429
1003
8377
8428
5757
2568
2852
7260
7373
1258
4198
7867
2849
4588
8784
147
2365
8855
3726
1235
2477
7922
7627
3393
8763
4117
8081
6997
1572
2284
3242
7547
3824
9373
6781
5749
7843
1625
8583
2140
3980
1030
4168
5331
6885
5124
4320
4551
1799
7825
5133
5085
6388
5878
7010
6507
3375
4984
9665
1640
4486
5855
5688
5088
8016
6650
4042
3475
7806
3035
2304
739
271
1585
7254
1446
3753
2295
6507
3639
9797
3530
5197
3746
7150
8156
1158
7946
2362
273
2373
2858
1960
6943
7653
8125
5342
9079
7315
234
1081
844
6744
8764
5521
4394
4813
4802
8623
5564
2753
1080
8476
6026
1842
956
657
1942
7938
9860
5492
6096
1113
7533
661
9445
8779
3328
3932
9129
6104
4673
4980
6272
2557
8953
6786
6433
8225
2756
3342
6355
9322
6798
7519
1293
4382
5934
5100
6697
7467
3399
1141
7455
4742
4984
9731
9211
8102
6075
5615
1485
870
9494
9460
8080
6099
2203
3468
2888
4169
4223
3717
5182
6517
9136
6774
4314
13
9367
5063
2845
8227
7235
1661
2704
3532
7525
1530
7572
9222
7575
8330
2149
7140
1856
5485
9827
7337
9439
5194
2178
2465
2212
2527
3243
9682
5958
937
5606
8210
5416
9197
8735
1012
2770
3257
3634
7833
6756
4547
8574
673
5895
3665
6594
5892
1568
8041
4660
3650
6946
6976
573
4173
2885
379
6015
4707
8417
3021
7574
6588
5923
9362
3806
8377
9595
1136
4370
8599
1850
1994
581
4892
6620
1504
6569
8546
5933
7351
8114
7917
6276
1955
1264
8439
8624
4561
8127
2390
7242
8926
9415
3734
6973
1985
4750
6533
9859
8216
6297
431
3670
6061
1799
4951
6394
5680
7553
1380
3809
7468
8774
1066
4906
9656
312
3967
8098
5366
9752
5033
3009
1980
1357
2923
2578
6847
7919
4634
6754
36
8687
7716
1053
7683
4246
214
156
6312
2044
2943
7008
6746
8581
9773
152
8349
8828
7316
1673
782
8435
4492
8464
1263
7421
1690
4704
8875
2373
9547
7761
2918
4626
3773
8781
1058
12
7223
5410
97
3811
1786
3322
6808
8025
6263
3399
1583
2771
4229
8019
602
2960
5972
1601
4194
9252
9789
261
2556
5510
1280
3939
2496
5182
4089
2119
4808
991
9094
8336
1604
1906
1576
6970
6648
1170
1655
3238
1158
8291
3120
6104
8143
1528
7158
9958
8654
2171
4586
1805
222
6961
2853
4586
2530
7846
825
1626
3935
4143
8591
591
3677
5892
6414
8696
1384
9001
4952
3024
7596
6551
9102
4265
2390
5176
5795
967
8023
4131
3464
2636
6404
7288
8114
4643
9052
6989
4440
8802
344
29
9302
7014
9699
2528
2426
2251
5114
8462
8573
9653
7219
1562
4209
3671
7858
8588
2195
7354
2051
9857
3602
9804
678
5954
4186
6389
7778
1771
9643
4394
4561
6150
2679
7567
7249
2088
4565
9862
2749
3543
5853
9561
5557
3811
5417
4842
3079
4443
6784
464
4793
7085
6750
486
6426
9498
6335
3745
8341
6037
4473
3343
8818
4178
5092
1068
8883
6641
6421
5770
4022
2333
4604
8508
4004
4041
4246
6867
537
9344
3309
3335
4987
9179
9600
7475
9400
2192
1141
7751
5752
820
1520
6711
9070
2509
742
1379
8719
4348
5958
6437
8021
1013
6441
2460
2480
8242
6482
2385
5251
9468
3207
8996
2727
1137
8356
9639
4578
7616
1668
6690
5500
8670
18
3202
812
7893
9437
1495
3298
2867
8148
6188
3385
6872
5313
3973
2738
7140
4994
1158
5710
8756
2499
6283
7612
2524
3983
7932
4153
1103
6801
1102
2680
9268
937
9350
994
3238
1647
4587
8804
4987
9087
2384
1320
7018
5611
5855
5823
4382
6901
7437
2622
510
980
6744
6170
3735
5589
8288
3909
1505
7341
2194
6066
7045
3508
4117
5934
5963
2979
9499
5493
406
2353
722
9668
115
4963
593
6913
8128
2108
9770
4202
9363
8479
2169
8287
4193
3179
7259
7648
3358
678
7299
7645
6892
6317
4274
3509
1493
9920
9860
1403
7401
1943
2215
8156
257
7075
6055
8771
4996
1375
5780
9396
7571
7991
6702
8566
1339
5829
1741
2783
5719
1850
2135
9728
5054
3077
2776
3797
688
7083
5419
8207
2247
8366
6800
7419
6264
4013
8029
7118
7124
8487
2652
1982
4897
7902
73
8900
9615
5708
2170
5663
8179
7077
5684
5551
9808
2487
3102
7180
4299
2257
8082
7912
5956
7573
7148
9205
1191
9283
2301
7326
7800
4622
5658
7231
9197
152
4830
7151
3003
3875
4182
4980
4913
9755
28
5170
2681
1249
7610
3777
910
849
2819
4866
404
4740
6026
7324
754
868
7709
332
3406
4844
7863
3556
1418
8452
6353
9656
7656
5950
4176
423
8075
3102
2999
6200
7544
1978
6523
9941
1672
8524
6415
6950
1803
791
6826
4457
4126
7505
6397
2135
6165
3850
1573
68
1892
6471
3751
4229
4895
7954
6120
4959
6672
2395
6791
7302
1741
9825
9779
8775
4344
7768
8659
4882
8429
912
1753
627
1626
1896
5530
151
9553
2040
4258
4224
1528
2930
4308
1073
8227
2294
5045
3718
2404
1455
278
9407
4000
9524
2715
4300
7725
7621
7790
8397
5190
6691
1638
979
4718
3124
2602
2999
2424
5968
5405
4631
8137
2566
5773
8810
5517
8706
548
2050
2722
4941
2478
6973
634
2345
6626
2102
9180
1229
2425
1932
4250
5860
9033
4837
1292
3328
6355
5102
9691
2046
1293
6435
6049
5646
1270
1433
3750
3905
8782
9019
7072
5740
5675
248
4213
4665
345
2372
6497
500
3819
1194
3543
3473
381
2276
3532
936
7518
2189
2350
5445
2358
676
3647
6042
923
4988
1074
5193
8352
5274
2447
3405
4860
8509
185
8784
623
6626
2983
3982
8605
9191
8226
99
2892
2576
5264
8994
7900
2813
6386
6593
6668
1626
3381
4998
6601
8170
3741
5356
1297
1304
2148
8544
8747
137
8613
1872
2090
4747
313
891
9206
8368
6840
3167
2449
3548
3150
8347
9723
2080
7292
5538
8887
5853
6737
3233
5128
5186
2183
2452
2885
7626
2684
7300
7042
9681
1352
2754
3963
3392
6903
3152
2500
5495
7386
8300
4785
213
2549
3052
5020
5394
5633
9217
4012
6609
9656
2893
3400
5379
6743
6904
2563
7860
8005
1580
5683
9540
6124
2767
2196
395
4383
6331
5177
4139
3038
3392
8466
8436
8447
4914
2637
9131
7432
7491
1992
3467
3288
433
25
8458
9354
8584
6648
9999
588
4640
7489
5806
2617
5245
4088
9781
856
4625
1010
9301
4039
9872
3570
6264
4426
4963
6931
1828
4266
3432
427
514
9587
2215
6251
5691
2742
3737
1040
5799
9682
5178
3550
8398
5902
2659
5818
3202
826
2856
8274
2806
6480
2690
9427
3415
6862
3760
4031
4390
1652
4820
5732
7156
4212
6975
6219
401
8994
8397
7038
7119
3584
5211
9619
8861
6322
5172
361
1766
9145
3729
1002
1410
5158
7621
4033
6896
2788
2835
8828
8981
9705
6649
4147
4862
9446
6394
4186
8927
6440
5417
4207
2428
5817
1155
9222
1269
3071
566
7093
1690
3399
2264
5245
7922
3817
4321
1997
6591
2942
9322
7612
6158
9568
8056
7413
6934
1063
4757
9415
9927
985
1434
5326
3727
9521
8573
5593
4003
8398
2763
3824
2222
5741
7138
5582
7440
1404
6224
1044
5124
4396
7595
5985
7117
7804
8049
2860
7760
3741
2287
205
8314
1150
7166
704
1965
6938
1517
8401
5244
8728
7994
8192
178
5498
5390
417
2430
2474
9972
5530
4839
3712
4290
5530
3390
5449
8208
5923
1472
5713
7832
261
6111
2557
5510
1071
8575
6433
3617
502
9886
7822
5799
6395
6402
9403
5806
1619
2413
7631
429
5286
3769
6756
5366
4601
6859
1635
7314
6515
8729
5594
6928
9531
896
7732
2081
7621
9987
4318
1841
5997
8856
9470
5644
7016
7913
7895
9127
3987
9643
6589
3509
3840
5283
2545
6492
9354
7191
909
4212
6939
9119
7101
1772
4292
894
6268
5499
8670
7321
8184
1632
8094
5790
4431
6430
4298
1112
8349
6688
8964
2507
3326
6872
2140
2084
3088
4247
8351
1239
2726
429
9078
106
4902
6878
1754
7697
1351
6122
1644
2395
457
6665
1458
4957
5414
8050
852
6114
2193
8241
8842
4220
5247
4431
5792
229
9631
2207
7805
2021
7148
7430
4594
7755
2553
7988
887
7553
4675
6601
9760
2226
5043
6568
2050
6661
5414
7183
6669
5037
3395
2236
9045
4485
1587
4857
4859
470
1086
1525
8065
9144
8316
9623
5247
3026
2070
3702
2403
7426
7162
3298
1438
5592
8480
6615
9176
8678
2380
9131
4814
2448
5537
2768
8625
4911
8384
109
6167
7695
3128
417
6467
3150
8535
616
3910
5420
1321
9024
4590
1711
4780
9243
7875
96
797
3453
6004
4972
5681
6180
8089
1955
6711
5617
3606
5548
997
335
4641
1961
7535
4707
4297
6744
6831
8288
7057
7864
2705
3756
7356
3356
4540
3102
7667
6294
4893
8528
4114
4931
4104
1195
2014
6948
2328
4511
6438
2917
7009
8361
4422
985
4383
2628
4176
72
4945
1130
3265
2508
6396
8140
2267
1925
8823
4733
7414
3608
7949
7312
655
2469
6221
9709
7857
6340
2693
7349
4416
2319
1849
4139
854
4343
9333
6371
8972
1911
8926
7595
1348
3762
5263
1605
8534
5963
8927
89
8124
7595
7097
2830
4967
9697
7706
1953
4764
4674
4771
7835
7379
7596
6714
945
658
2257
7286
7923
2591
2452
5760
5502
4682
354
5964
6892
7205
4615
1174
1893
7412
2603
9225
6821
5222
9019
9171
1157
6637
7380
1606
4298
7140
1091
215
3751
7048
4318
946
6277
8676
1004
7497
5671
1834
1594
8148
4612
3732
813
4748
148
3499
2877
422
4775
8371
9893
5723
1639
3085
6129
1286
5211
845
1462
8362
3591
139
2212
9844
2887
3668
4896
3217
6408
5105
3553
4986
3627
871
4559
7424
5823
2632
1458
799
4262
668
5439
5380
7155
8594
9307
3192
2546
9718
2286
4825
372
3231
4556
4473
1520
969
1860
6479
8602
9660
4014
9670
4817
4906
2095
767
8526
8705
5462
2579
9387
663
4100
2922
4699
6832
2688
4292
4361
1704
670
6689
2818
8728
4613
395
6314
85
5904
4853
771
4978
2196
4602
6653
5769
563
2248
6498
8540
4666
3841
4255
9707
5438
9709
9131
1633
9773
4687
8281
7568
2118
6898
8990
7324
6851
6089
292
1700
4452
8440
2801
608
1807
4408
8466
9498
6269
8930
6269
439
7794
5820
7037
6828
2434
3111
3289
4904
1264
4680
311
1216
6572
3203
2860
5297
5612
9328
8918
4473
1955
4798
4087
6226
1040
3646
7899
1029
1242
9633
5364
843
8418
7841
9773
6297
9861
2161
4890
3740
2799
5388
436
9772
8128
1585
4036
8604
1548
3168
3885
6940
12
1795
8483
2995
1732
811
5788
8787
5211
2259
3661
1630
9316
9468
2797
8730
3429
6562
5436
3451
4437
5177
1674
6567
4362
4315
8097
9455
9610
9295
9481
8073
5747
8423
830
6623
9357
6778
4565
9049
6372
6102
8528
539
1726
8805
455
8660
8787
5305
5175
4986
7732
434
2502
4834
121
1916
8633
7417
2714
6333
9177
5916
2778
5588
5883
892
8637
6174
9372
6651
1997
6387
7078
8335
6649
1134
4840
5557
3859
9437
667
4304
4119
4494
341
5312
5920
5996
6501
7441
8144
7147
6335
38
6925
2612
7760
6138
2922
9563
22
2612
5932
8524
2989
1345
3356
4167
8185
8986
7075
3076
3557
3276
5666
4872
1796
8283
5246
570
4971
2640
9673
1931
8506
4849
51
7040
1409
4037
3373
8702
2634
4296
9414
8055
8372
5595
1505
8996
1956
1752
7811
7514
365
5068
3590
3058
4372
2052
815
9476
891
2351
4591
7381
2939
4001
17
8139
1293
6316
2758
4147
5613
8373
441
9260
3862
7610
6500
6201
6778
6250
8614
3219
4829
2158
1565
3437
1258
6992
2667
9356
3221
3896
7810
282
9705
2032
5115
4370
5577
3365
7702
5640
8994
3663
1901
1992
4626
4329
9196
6761
5552
4613
2698
4641
3737
1371
2552
781
2435
6579
6880
4301
3648
3402
926
1716
563
158
9555
1829
2495
2129
623
3412
8547
2974
4224
1165
256
9573
8811
6929
7796
5905
3804
8607
1198
3168
6545
8333
9480
4334
1935
8997
6484
3401
1991
5592
2737
185
1428
4468
4774
7366
4266
3422
3990
9285
6094
763
7146
1386
524
2861
7768
9951
6504
7742
9597
2318
517
7394
3613
1221
2349
8160
194
1626
6927
5145
982
8632
8428
70
8144
4342
2154
429
1639
381
4617
1912
7073
5781
1186
8093
3809
9073
1228
6532
6897
4248
5994
419
9667
4033
855
3553
5016
6105
3227
2363
2357
949
9781
8514
2958
454
4716
3426
7797
6074
6103
9215
7700
8605
321
7831
34
4256
4351
1121
397
395
8247
6733
2638
8008
403
4111
3487
8601
5413
5533
7154
2254
9554
6123
6000
2672
5135
3355
4356
7802
8735
822
8145
6778
2719
1062
3712
3023
3518
760
1754
2106
1965
1962
2701
3047
5875
4949
50
605
9938
9196
661
570
2061
5446
9050
4197
1830
7362
9121
996
6764
2595
1659
7425
8588
5860
5289
9340
398
463
5083
4653
3779
5047
288
7592
3422
2953
6796
185
3304
3750
7863
9539
160
7575
4716
7273
2012
9514
1192
6155
1639
758
5341
9370
303
5276
4459
15
9660
710
206
9475
4113
6008
6790
7013
5157
1457
775
8877
565
8935
7691
3013
4731
2120
7264
1012
1143
8016
7328
883
9270
8927
3013
3020
9706
917
7289
8146
8493
6781
525
2594
3543
8388
5426
4152
784
7703
2115
554
8739
2315
5590
2703
3066
2327
4638
8182
8011
3446
8872
1643
3382
9323
204
5185
2994
3770
7307
4239
4168
2629
383
3784
8410
5097
9470
6343
6694
3111
228
3439
5900
6773
2144
6955
3337
310
9954
7378
6279
9106
134
5047
7908
8881
9211
4220
8184
240
1158
7014
395
7875
6385
6110
1931
1805
4293
7968
2857
8295
1488
4899
3217
5432
5743
6608
7178
3248
1848
2684
3815
9929
7960
5062
2494
5336
5875
9528
5885
5249
8159
6453
1953
3214
3044
8025
387
6033
5024
1531
6016
1985
4520
7984
7617
5235
1829
2476
3138
2602
7041
4935
8391
8473
3198
466
9915
1323
3616
6594
5930
4765
2082
7608
135
5034
2945
3
2388
7718
6221
1145
8224
317
6668
1830
5408
9976
7444
7259
3507
3399
6390
3282
8207
3223
8062
3480
15
2577
8109
9064
2417
8429
5601
1251
9902
6912
7848
2583
2289
1826
87
5420
6381
5896
6710
8074
1805
1368
5057
9939
3879
6357
3087
2530
8374
8799
9400
6912
6972
9465
9987
9810
9608
7156
8728
9795
4716
5416
1927
8496
2127
4861
4969
1680
3311
970
6901
2311
6513
9988
1674
8647
7520
8170
5185
6060
5341
3070
2876
1102
7511
936
5610
2824
1838
277
5811
9225
7167
6915
3357
6388
9440
6561
7811
9018
1387
1406
9218
7404
1898
7089
398
6984
7790
1340
2290
1437
1971
2668
4453
1645
2540
824
984
1191
9250
2145
9842
3033
5158
7675
5143
9597
6630
5286
9206
958
358
6167
4672
3935
3851
5472
9204
422
537
8626
5033
498
7987
4374
7253
4499
2462
1711
3848
8616
5577
6620
9767
9242
1564
6185
2245
4222
1945
801
353
2504
2133
1331
1079
5804
7995
518
7794
7068
1620
561
654
623
7111
9344
5045
784
422
644
7135
4918
1438
590
5380
3738
6399
5430
2371
7666
3226
4981
8477
9735
8272
2528
8364
6655
3294
1448
6503
1943
3917
6779
6996
5016
5966
9143
2130
2219
1139
1461
3800
1301
3665
5434
1066
1543
5951
7340
9405
2565
8147
127
3841
6638
2084
918
2351
4583
980
8390
7489
8973
4140
5191
1001
4658
3594
364
7772
7255
3299
151
6527
1764
1181
7176
6070
2837
1462
6820
704
5954
2043
3937
3796
3790
2937
357
2932
5047
6792
7547
1239
2749
3972
4826
7160
8473
4433
6408
7949
5587
9568
2149
9266
7995
3599
2077
5457
4907
4847
9513
3120
4159
7685
1534
6930
203
1395
7211
1720
3236
7431
2724
462
5752
8912
3778
7792
6354
15
7596
8404
5054
8871
5117
6386
9893
4671
5800
190
860
4899
8024
200
7279
4426
7080
5063
2437
7896
6957
7078
7222
4687
4712
8155
6843
1687
3513
9083
9821
4284
9103
4892
7251
1108
8066
5288
2568
5148
7036
5531
5594
7020
859
8337
9407
2524
3183
1326
1831
8715
5355
8458
3058
518
1182
366
4158
6961
9542
8206
1157
6716
368
6575
5796
3131
2948
6170
6359
1792
2495
7288
859
1425
1483
201
3827
6374
8747
4319
8503
2187
7251
1106
8929
644
1834
6732
9926
7699
1129
5606
5606
8830
4374
8877
6651
4284
2541
6275
9575
7012
4966
39
6220
8066
7598
1632
9034
980
6538
7783
8214
5222
9702
8970
9465
9262
7645
5151
1297
6216
6243
8659
662
6888
1682
2029
7051
2605
3549
9543
3833
2472
4744
1491
7220
7211
4886
863
3046
202
7697
8946
1160
3345
7392
383
9127
5403
9412
7389
6638
7390
4978
3359
769
6306
9377
9331
6384
5568
4580
6429
7431
6995
3950
5742
478
8211
1749
2253
4376
6782
2104
1095
8518
7297
7498
7316
9496
1298
2902
1647
3192
6160
2904
6442
7494
1385
722
914
7834
5554
4478
7477
5621
1268
1514
4165
9395
1650
9905
916
3653
7159
3012
9855
5285
3882
4840
3471
8807
2060
9834
5085
2666
2932
3236
1270
4090
7507
8247
9093
7489
835
4418
8821
2304
4626
5474
7249
5782
3333
7921
7846
1393
1986
7994
6033
3147
3048
1156
3611
6544
7250
2106
5774
5719
9392
4811
2688
8032
244
74
1887
3402
812
3426
2818
2740
4190
7551
659
8408
7590
7688
5474
4138
1988
3692
680
4938
7202
8123
1041
6350
4636
2548
238
8729
8644
3102
2911
9815
2785
9217
5538
3258
6033
4444
581
8559
5175
3292
8957
5496
497
5203
8953
9561
6632
1635
3731
5700
4131
7749
829
2121
9032
5536
8765
8263
3188
4088
4096
1088
4640
843
5622
8373
2150
2215
8105
7544
3110
2121
9762
3910
9165
5544
5852
9432
3594
677
2097
7008
9370
7211
5684
5036
8388
3417
4226
496
5678
2318
5370
1087
9195
7868
856
9654
9581
580
7411
4416
3530
6186
2589
2009
7986
6918
2955
3487
9683
9333
4668
2511
1991
7087
1717
7429
5159
586
9984
8732
7989
7608
1866
792
6750
8675
4714
1297
4688
6198
9851
3014
3265
7680
3478
3183
4621
3674
7049
1470
462
738
812
6345
7649
2859
9095
2107
6150
3427
4494
8994
596
8678
6427
5921
4320
1796
5259
9311
2203
1657
8799
3485
9481
1654
9245
4310
3609
8533
2807
1485
3537
8514
8270
7250
6795
5521
3143
3890
9579
2606
5146
1261
1703
856
2418
4587
1253
7556
8863
2824
8414
7737
9266
8804
1939
7327
6863
5995
3614
4785
8498
7616
619
3009
5457
2082
407
9177
9126
8799
8653
1368
9731
9597
6511
7537
1781
8624
9235
4658
3057
6052
9670
9983
3070
5799
9247
9465
5310
9467
8657
7147
276
4794
4108
7529
642
8694
5399
336
4179
2076
8430
64
4171
7046
8005
9669
2293
4401
5546
8239
6759
8955
1728
2445
7946
635
9939
9658
2834
941
3866
9658
141
1506
1092
4937
5488
8981
6895
3087
3225
8899
478
981
7622
9606
5812
6023
7793
9578
7172
909
3921
418
387
1320
3066
1662
9583
6
8754
5740
7501
3237
8209
8771
9922
2665
5954
3068
4180
3311
7506
2459
5013
7860
8477
746
4822
8339
4823
3915
1865
3255
3769
2957
5736
9723
1118
9771
1871
3825
9397
6888
4332
7484
1397
7240
2771
8850
9683
3147
69
4724
5398
3860
3402
1462
5404
2527
2843
2319
6839
1243
5182
4838
3875
4246
9468
5252
3034
199
1546
6182
1197
354
3913
617
8126
7528
6462
1236
7975
5972
8656
1676
3846
7140
7857
9908
9554
4274
4318
8590
6928
9552
6985
8154
1705
9493
3609
7151
7772
7518
5816
9484
1600
3886
3527
5043
9946
2784
3335
7875
6064
1606
4343
867
2587
3506
992
6735
6388
9559
5698
8760
5881
2955
9254
1644
3369
5759
8912
8632
3919
9311
3463
457
155
9171
76
9959
3612
2814
9961
6769
938
6442
2526
5321
5208
6117
5566
8199
8501
6874
762
8212
1819
7056
3602
8644
4631
1882
1673
4186
3872
4702
3956
6753
8143
3886
712
3415
3430
1032
3122
3574
9597
8928
7821
9438
429
3933
6436
7251
193
712
131
7045
8548
5250
8637
3099
5569
1431
5327
1729
1140
5774
2897
6235
2485
5772
7178
1322
5405
2150
4769
7468
3751
7188
8615
2891
9234
4163
8214
697
5446
4422
3993
3159
4570
6911
8204
2892
5248
7612
7846
1998
5704
1393
2433
3822
6031
1585
6952
4657
6755
5113
1846
8042
5943
2663
3293
1360
6635
5745
3865
1405
3216
4630
6282
6718
1781
9737
1665
5574
7567
4285
6073
7792
4304
2770
1763
2358
4754
4792
6860
7649
7210
3557
3942
333
2576
5951
7216
1907
3617
6844
6256
9502
3747
6441
8781
1074
5110
5714
2041
6293
9920
1378
7090
2469
9039
4053
3738
3172
899
935
6605
1843
8885
6215
4194
9659
687
5949
4142
5830
2521
9757
1956
722
8029
6571
4045
7862
3989
688
7247
9039
2750
566
7728
5832
6467
1472
1293
8522
2212
4043
1007
2682
238
4413
616
7531
2246
9121
386
9161
1572
6211
3772
162
9422
6367
4440
2468
7
5875
9183
211
3687
7565
9092
8319
8487
8362
3192
9215
4655
5619
3617
8478
8749
9273
484
3616
5954
6514
5615
4867
302
8085
7467
6539
6793
7565
6410
100
7031
8825
8515
6336
4859
796
8994
2673
5320
2296
9044
3884
5929
1171
4506
5952
2593
5294
1413
148
5882
824
6513
3493
260
4316
9909
5602
98
2552
1526
921
1951
3092
2183
5829
7104
7281
3618
7953
279
7811
8295
3657
7469
1730
8937
9130
3579
1515
3945
1498
6152
6261
4217
6207
2312
5021
6076
543
887
3392
2575
2767
770
8122
1932
2837
8987
8676
8848
5312
1676
3459
9869
8071
2528
2855
6023
8529
5378
778
2022
8582
8606
27
4769
5690
8874
5976
3517
2082
1204
3075
7065
6886
5235
5528
2887
9347
9797
6099
143
4902
2666
8633
9822
2692
6392
6145
3679
9456
8998
7547
5164
109
1369
3992
4160
742
3353
6242
3962
3010
5159
6765
4108
8601
6393
2982
2835
7000
9968
6676
8731
9279
634
7119
5915
9973
204
2076
9297
2729
2296
4061
3084
3657
7910
6956
5516
1243
1367
2144
5993
3555
2136
7132
9743
5901
4525
1221
6298
3410
3309
6679
9487
2321
8815
5885
9474
4250
8076
4187
537
1277
6945
1233
714
1098
3681
450
690
9437
7465
1592
5632
7824
683
5176
7142
3501
7376
14
5448
8983
5777
5887
9420
5617
4573
762
4841
2025
7481
1266
3167
7180
1606
4716
6609
903
6418
8644
2219
4074
531
6861
5944
1717
1046
1663
1638
3639
8742
5973
6873
8061
8739
1554
5499
1058
1813
5096
6524
2918
5609
8664
1955
6199
8424
8452
6218
5967
8566
6238
7082
8731
7795
1373
8451
8916
9942
7703
4570
2910
9124
1201
3282
1508
4392
5105
8441
51
9216
5551
9090
1321
2120
9300
8465
1867
4906
9745
3292
2594
5444
5670
5073
2504
8890
8142
266
7365
3102
6583
1115
4110
526
3614
3794
4407
5381
446
1806
3319
11
6166
6750
3014
7148
5760
6611
8494
2908
6584
4009
197
4410
1975
7465
3453
6128
778
2617
6250
4838
1075
6949
2632
4436
4979
795
8506
5506
4058
6486
4459
7938
9972
2583
9278
8920
2058
5355
3129
1531
1772
4457
6518
2573
917
9699
8550
6148
340
8278
4602
7829
5556
8480
8935
9217
4118
8578
2168
4965
8105
2987
8849
98
9550
2259
4438
9392
8187
4533
4070
5423
9487
4718
3066
6618
430
58
3518
5280
2244
2357
5166
5780
1883
6629
2381
1492
3647
61
4801
3480
3186
8164
3426
8785
5607
6419
3023
8657
5261
9158
7961
5807
4208
9178
8341
837
5414
2317
8786
4059
5059
6887
2721
5747
7821
3069
8214
2920
9878
2946
5744
8125
9732
589
2236
1323
1292
4281
1010
4011
7035
4860
19
3086
4396
9359
1571
2705
8288
1543
6077
1330
1274
741
8420
6298
5443
7678
963
2538
8205
102
8779
2315
3413
9835
6074
3618
6941
7017
9545
1133
1306
4775
7024
198
6868
9634
1351
8462
1497
5509
4632
8334
6868
4413
6851
8990
2168
5938
5880
3614
3317
8472
5805
6932
6081
7704
9672
4561
3284
7953
5763
1270
1998
4944
24
6499
3717
8222
9430
5808
6327
2501
1040
2696
5470
444
5446
8999
2984
7084
1449
1003
1137
5930
7815
2833
8969
91
4117
9163
9962
6790
5178
3544
9745
3361
6336
1924
4389
351
5273
3946
6507
72
7286
816
7431
3109
1462
5636
2257
672
1576
6199
6503
4759
133
6067
7128
7190
7529
3625
4104
266
5846
9537
7322
7495
2950
2108
4108
3522
4610
2632
1811
7503
4495
1065
8643
6999
5401
5860
8628
8481
6905
9289
5213
8978
7041
4986
3228
268
4795
7198
2821
1647
9841
6241
4226
7749
3493
9936
159
9354
1527
8735
6062
8944
4388
9000
264
9068
7423
128
1788
1669
4996
5623
3360
6556
4323
8343
454
7964
8879
3839
8726
7411
9810
163
7661
8254
6838
894
3506
5465
5701
9274
6953
8170
3226
6269
4590
8041
4721
4160
2845
4667
5409
1152
6651
4217
2880
7669
3426
5149
9481
2194
474
7687
8
8650
9133
4225
1338
2009
2229
6529
6622
6322
5967
5721
8670
5189
3330
8054
3753
2413
3242
4719
994
4059
2001
8658
3511
3443
5373
9169
7467
8356
5984
3506
8800
9265
8162
4576
7136
365
6702
2712
1931
6315
8045
9087
5184
929
5547
7690
4339
5372
1396
7068
8952
5754
6693
5949
6648
474
713
7894
6636
3059
9061
8265
338
2461
6921
9405
7027
8753
918
3387
5711
530
2788
4678
6014
2914
3473
2581
7896
7682
4830
2095
6960
8915
4554
3045
2571
2212
7928
6661
9652
8807
6076
8871
7254
9779
8748
2723
4008
6142
663
5585
4453
8008
1356
8422
2966
2015
9935
3733
7001
8131
9998
8953
8228
6966
1305
1422
7907
3876
6833
4815
825
4257
3735
6903
4453
3916
7424
6234
4166
750
8573
1754
7019
9245
7641
8951
7558
6131
79
556
2277
4194
9659
1520
8809
7122
643
287
8474
7325
4816
132
9308
5847
4760
196
4273
4453
3968
9049
4590
3701
9566
6250
9557
8243
1933
8983
9324
2353
3863
1775
3796
6276
2537
6630
4597
2214
8094
7331
3273
7136
7759
6841
5934
8441
2445
1171
4485
7445
4677
3105
2163
1029
5966
8576
4627
3408
1963
565
5188
1659
963
6120
3461
3040
6335
3032
3310
8129
5599
2059
6358
6637
5775
7454
5941
2725
316
1116
5797
762
4498
1879
7676
758
9612
2767
309
3961
2002
1188
250
7528
2142
1614
6172
1638
3379
2893
2106
9413
7861
6355
1845
2618
6747
5526
5253
8511
2634
1902
3092
847
4768
4426
7161
9084
8444
2703
3428
3568
2722
9349
6126
4411
1808
8829
4494
4161
1281
4302
9345
7423
9010
6384
2900
8142
33
5058
4010
4086
7513
1798
1326
100
8096
9403
2760
7715
4452
7087
3194
676
9464
8537
6690
8512
228
7434
809
7917
1031
1092
7230
8332
2556
5668
1836
8383
1526
9018
9051
3386
8692
9342
6055
924
8022
6026
6315
2404
6069
6778
9709
4193
1108
8669
7959
472
9694
4388
7914
2599
4248
6093
3054
6421
4568
2994
7544
2427
7566
4376
6189
5434
8036
9807
1983
122
2482
5765
489
4202
1118
8404
1848
4252
1383
3036
7223
3886
7709
1364
8689
7138
1104
6451
9137
2599
6287
9633
6356
5028
8482
3887
4837
1692
589
4274
6157
1301
6685
7836
7989
3928
3898
3711
1480
5843
4244
8802
5038
1531
5771
3657
4718
6202
5687
9051
4329
1584
669
9384
3834
2848
9409
5461
5720
7231
3566
156
3662
7108
6878
5921
7201
9872
3374
4760
3239
7392
4970
3293
8355
7485
4595
4824
9257
4824
9168
8635
6004
1538
9945
4572
631
7301
4002
5140
4519
8436
7991
4249
2277
4088
5139
7930
4653
9849
6456
4846
2827
926
5811
6936
6613
7375
1029
6348
8253
4584
6204
895
8062
4931
4151
2124
7162
2306
5290
9899
5870
8234
241
4802
9401
721
1016
4266
2346
6665
171
9407
8368
4322
5807
5077
5726
3008
7958
3256
6271
7653
6887
9935
2232
7095
6187
7345
9936
3014
767
2346
4559
6556
8975
4593
685
1008
7535
5892
6358
6762
4002
1588
4413
6796
2527
3739
9123
9074
6398
4154
4347
2033
3627
8216
1346
306
2570
2305
4534
3671
4330
9332
5898
7824
4848
1811
5347
1214
4391
4717
5472
2066
6897
9509
3650
5299
5521
5436
4568
2448
8222
862
6616
6612
7999
2525
2928
758
3246
379
8438
5230
1358
2687
2431
4670
5689
6588
1947
716
8392
7908
4682
1680
8681
2281
5136
4118
4566
6047
4784
7134
7737
2086
5448
3468
2715
9285
9825
2323
8882
4588
7968
4012
6278
242
707
4209
7077
8980
9609
8933
3488
3852
4055
313
6180
4935
7930
5717
7389
8810
6192
7198
5595
1304
7493
9272
7239
8963
1954
6404
6762
9624
1833
3803
9940
669
5401
8439
1574
926
7040
5585
6438
5850
3646
3885
8030
5134
7288
7780
1354
4108
4933
72
8395
769
8416
4974
2749
1435
6970
8114
7025
3204
2170
3863
2019
252
373
5510
9533
9491
4143
6463
1769
607
760
9745
7658
3607
1242
2104
1675
4174
5050
2654
4691
1760
5408
9171
2253
427
5689
139
3955
8926
8559
3233
3680
9782
1865
7777
4761
1777
8246
1862
9964
8470
8303
7788
8
8671
7315
9141
192
4866
6438
2851
8154
9515
9171
258
4844
1202
3257
9105
3801
4004
2507
2843
2047
7527
6064
7875
1742
3464
7342
9897
5927
3187
2689
6220
3456
7619
9162
3581
3112
6548
9946
9089
2487
5707
5078
4164
611
1607
2933
3559
8520
9141
8061
5960
5963
5460
5741
2481
2606
9439
7399
6728
7524
6541
6924
4967
6825
2951
6801
7224
2039
9675
5993
7253
4057
3418
355
6339
2448
1900
7264
134
531
3782
1377
6785
5125
6728
257
7996
1878
6680
975
3672
9149
3218
1565
5946
8783
110
7338
7659
4805
5708
1520
8845
3148
808
1903
2545
5104
9401
32
706
2175
7264
6196
3741
5164
138
9841
96
2693
8805
5346
5359
8699
2320
8104
839
1852
4409
7556
2337
4561
9604
5329
4822
2262
2531
3637
4317
4825
7712
2892
2476
6647
269
1497
1884
7021
7823
781
8644
269
7241
4966
6000
361
6160
145
827
2704
1063
692
694
1845
7694
6144
2570
1935
1373
1479
2632
6500
5523
5270
4981
5912
2870
8711
8430
822
6219
3817
4029
3627
8911
2068
7319
4638
9329
4461
6101
2386
2809
1613
3762
7019
2197
630
8952
4124
8927
9949
5647
6344
8149
2143
4745
1970
9984
87
7491
7448
1714
5
6484
7245
6663
7066
2934
5626
8824
7931
2605
6912
5377
246
3691
3910
1508
7962
3715
2240
9759
4306
1895
6269
8170
7684
5478
6767
7323
5348
4654
9241
6970
8653
671
2804
5129
6516
356
5130
7696
3326
5300
995
7343
8735
967
7902
8452
835
462
2022
6371
5250
7689
7408
8110
214
9075
8978
1588
6166
8302
3475
3277
3363
9942
6724
9575
886
8780
4991
7605
8584
4544
6432
9005
899
8926
9434
6717
7576
8315
6488
4886
2632
2870
1719
963
3262
4693
4914
7441
1377
3542
1529
5024
1824
7718
3980
8792
4243
8327
7565
2054
5470
4416
7787
706
1256
8402
7211
1288
9640
2261
4011
7851
1813
8589
644
493
8223
5760
6312
6192
3866
7550
6227
5042
3014
1408
7181
3180
4945
642
2474
9249
749
4434
9415
8215
5082
1012
9707
4859
7482
3625
7800
9116
9530
3678
3210
3235
7073
3486
569
8482
2014
1373
8187
7920
8188
2744
7692
9847
1221
4030
6342
8998
9787
4762
7101
7379
9173
2428
5410
7210
6053
1453
8710
241
9750
7111
5511
9335
8198
3946
6106
1459
72
3991
7235
9376
6247
1495
27
2337
3320
9859
3638
3451
7282
8801
9329
4768
6576
5831
4061
4644
8075
3359
2429
560
2662
7946
8169
1077
7233
8356
1649
7274
7924
4883
8926
5795
7527
7725
1132
7677
2401
3072
3890
6193
7814
5258
2958
948
7782
743
2759
2367
9885
1461
3384
6713
1561
6674
6713
8300
3325
8950
5104
4963
8210
6363
5526
2399
9875
3533
7240
8851
4699
6383
2243
5002
9468
6235
2746
7404
4988
7221
3295
6489
5597
9282
7389
6463
1499
2212
4234
853
1011
2831
4352
3451
7968
8926
7983
1451
9731
558
1072
4248
3503
3907
7667
3501
9218
8381
7244
5325
3928
9309
3312
6103
5655
8615
9366
8927
8974
9063
900
7663
9299
6386
7839
1867
2031
8791
7034
541
8252
1294
7672
4429
6149
9046
2986
1689
1614
3887
7245
3117
4967
8908
6925
1702
9518
8248
7796
9353
9560
9056
2477
668
9658
3409
4949
7116
6068
5800
1470
426
1347
6702
7073
2633
1637
8883
9954
6608
5628
7676
7312
5086
1818
7783
2695
390
9461
6137
2348
3782
995
7680
981
9195
8817
7004
4770
2740
4097
5870
5621
5814
2417
6818
1769
8265
1834
4292
65
635
8293
1187
3724
1884
1743
7390
8849
1875
713
4558
7654
9931
3451
7687
9430
3666
5721
7877
3815
4633
4113
7214
2511
9758
2054
1498
2668
4999
6013
4430
8555
5169
6071
1713
5489
9807
3956
9096
7452
1427
8154
2895
2026
9538
8215
5690
2362
4729
7387
8103
2543
3957
477
5431
6522
1079
8675
3966
9829
244
4722
3849
5861
6283
6002
2485
3859
1738
2198
9622
9710
6624
424
2388
6478
1218
5187
2973
1542
6364
9135
7939
7612
7910
1886
4598
4692
640
5191
4409
1132
9990
9267
7208
6705
4305
7033
5743
3535
5730
1830
624
2531
7765
8392
5918
3532
8088
8953
5304
5892
5702
2423
3465
1108
6782
6237
7951
4397
1404
7792
3219
6547
7788
8490
9720
7357
3216
5682
2172
4184
9444
9437
5812
4533
8511
5407
9846
9517
5967
1066
6603
1686
9886
8517
5429
7566
5801
6099
9922
8068
9081
1346
2131
7937
8611
4077
4742
9274
8672
8560
315
2406
6780
1119
6448
6264
6611
8931
2597
1375
6390
8433
8429
338
1189
1532
6660
9271
3061
2153
1556
7116
5760
4104
5102
8098
7306
7874
5921
4433
665
572
845
7406
750
4197
4905
8767
2068
9164
955
6870
3502
8546
1677
648
2916
1792
6748
7078
7416
5470
6213
6518
7004
3199
6645
2676
6016
8350
8958
8736
3009
8163
709
5818
7588
1022
9588
6991
6627
7893
7203
3896
1198
4685
3614
7213
2426
4454
5181
5513
1126
8842
7016
5194
4359
4326
401
7551
7552
2229
2750
3718
206
2219
3860
5338
7837
5859
3060
1894
2204
9756
451
9523
8267
2316
5320
2318
9584
9431
249
1562
3168
3444
7609
4166
1146
5514
1458
3261
620
2037
9439
4397
5142
3484
3690
8978
825
8275
9376
6567
1393
3286
3309
1370
8390
7493
6927
2042
9005
8082
7966
8120
1980
1187
549
6761
4609
9693
4192
2322
4400
9798
1274
167
316
6054
4381
4782
8625
6341
1493
1308
54
3682
168
9882
135
6239
5776
3653
8587
9416
4256
2537
4070
1319
2417
3954
2935
6929
4369
1132
4083
7054
2166
1595
2012
3141
1053
2336
3111
2145
3417
2663
6589
6658
8065
8298
1019
667
6626
8370
3917
538
3734
4984
5542
8736
6096
8997
3637
426
1847
1696
1972
360
7224
3000
1515
8572
7869
6993
5185
3439
541
6441
5999
1592
5947
7412
3253
4118
2935
2268
303
5999
7215
3545
3319
7181
6053
3276
7045
2056
8699
2685
298
1720
691
6228
9433
5065
6782
2446
2797
9632
3184
477
9997
7292
8985
3949
2788
8684
5744
9518
7491
9579
1393
5973
3145
3679
9680
4333
2519
4593
9948
3129
4740
7856
6143
4278
901
9719
7978
8187
7335
489
9470
670
2815
6737
3548
6026
8196
2103
487
8360
6311
9180
5193
719
327
4718
3082
5754
5384
2449
9926
8204
9684
54
5737
2140
1149
4706
3048
3069
705
7556
2182
7002
108
722
3157
6408
131
3654
6137
415
4106
1587
6817
5560
2662
5424
3950
6183
6636
2224
2803
4886
562
1265
986
2760
1000
1407
4877
3489
9055
7417
7654
8755
6997
8191
610
9604
1560
6674
5622
1729
6312
9511
4098
8097
3236
177
9477
5724
755
6865
6433
8481
4752
7296
6440
8842
9736
396
5408
8723
8777
2647
1359
6688
3932
8062
8562
4470
4814
4346
4622
9962
6601
1073
8574
1050
7167
2888
9524
822
1929
9152
2733
2190
983
9173
4002
9701
1751
1767
9868
1163
1265
6899
2952
3664
8151
7409
4164
5174
1614
5007
910
6409
2242
6471
1880
3679
8722
5389
1675
6847
872
4585
6794
9624
9913
9169
5704
4759
4059
8861
2719
3046
4478
3459
8696
9702
8121
4909
2899
9758
8724
4350
9208
6922
8242
6323
9947
4512
7292
323
978
6362
92
3020
291
6680
105
3328
3751
8981
1704
9405
1114
2752
2288
7863
1931
8783
7775
2178
5557
3812
2489
1917
8123
6521
5377
9871
1381
3589
9222
1192
7466
3735
7882
6356
2954
1457
3168
2016
9596
4792
1158
3918
8053
9318
3236
6455
4634
379
4392
1164
6737
5114
4765
7166
3873
8175
4896
3769
1303
233
1946
161
9759
511
1939
7378
4869
5931
4908
473
5615
5759
2581
764
2654
8571
3863
8805
3285
8921
5236
1002
9197
8057
4455
2351
8970
716
2483
4779
6561
9398
712
9363
2846
997
4158
7541
7379
5857
1585
8702
5470
3918
5548
978
2532
4000
4511
5301
4311
6091
483
2381
4996
943
963
1701
6056
9587
8408
4153
3448
129
3912
6216
5046
3218
7918
1657
4413
6321
1425
7427
7335
6534
5532
5279
2508
3477
9819
4969
6205
7181
467
469
8914
8331
4366
1903
33
2456
1485
7792
7449
7432
5254
5340
5
9332
5931
9314
6082
2854
888
7990
4665
3055
5046
8462
5410
5684
9193
2579
9768
3439
7948
6267
9662
3442
7302
6715
8851
6014
1624
1956
4836
3633
9978
9902
1279
191
5273
3176
7545
504
8886
3350
6292
2476
5803
5858
3284
5903
6492
4348
3263
8905
8024
4010
9484
8987
5678
6563
2030
9216
462
67
1230
8932
3154
1032
3077
5143
7182
5218
411
6016
5034
9263
4552
4597
9974
7185
7638
1443
3430
2948
9522
7275
8693
5930
5609
5968
418
2292
4513
8710
1146
8328
41
8818
2120
7360
9322
4771
2781
8141
8720
1273
3937
7246
3871
8760
9457
4886
9013
8493
8924
586
5786
7514
545
3954
239
7223
5423
7108
4724
4890
705
1701
4869
6705
9221
5734
2476
2613
7862
2867
8661
5289
4227
8248
3337
1446
2058
6848
6511
5531
3279
6019
9786
559
2542
2527
8272
8165
7121
2098
9348
5673
3416
3830
568
2236
2377
7166
9538
3723
2409
6399
630
6056
1925
496
3287
2297
617
8792
5165
8574
597
9193
1610
4685
1915
4310
4163
6694
7461
4311
5491
5763
3518
2988
1873
396
7680
1101
9069
4892
7309
2787
3121
6879
5389
3729
8634
2045
9240
5974
7548
8328
6933
774
5075
4222
2219
5882
320
8066
3003
2844
6262
8098
907
4866
2537
8937
8623
2890
4617
9515
9723
272
1264
7809
6071
4731
9296
8185
5675
2117
7453
1486
6762
7162
8830
2744
7912
7650
8176
1797
780
1002
1889
4464
6525
5022
5971
522
1191
9697
3421
6349
1357
8033
8605
6660
9509
7266
8151
7488
6585
2134
2390
885
5391
4775
1336
3745
6036
9792
1024
973
4714
2820
8734
8721
8383
6799
1284
1048
8759
8774
6994
5978
8696
1104
129
8729
8557
2169
3234
646
9498
687
5211
8646
8611
1003
9073
1749
3686
2226
4485
1398
8672
2448
1635
8537
9298
9884
8276
2710
5982
7102
8729
7811
5140
6412
2188
4287
4646
2607
5187
3866
6558
378
1474
4026
7608
88
109
7379
7725
9534
7361
6532
4288
5595
7306
6248
9468
1591
9430
8673
3892
524
4664
2396
1958
7400
3505
2199
8814
4786
7103
1079
7039
619
4840
8294
973
7608
928
9210
9774
896
4984
6447
9740
2196
3523
9545
9106
5940
4818
3054
3176
6514
9973
6033
5713
9078
2068
208
6583
7910
8565
2939
2430
6282
9493
3669
754
9011
5274
1859
663
220
8898
2996
5539
8216
2655
9761
3876
3959
3093
2873
9968
4048
7903
525
645
8806
2580
1895
5540
720
2627
1864
2331
2045
4016
3458
2703
9853
8790
94
666
2958
2391
2956
7615
6977
493
7497
6423
2306
6331
2623
4817
5691
2970
8382
8379
8968
3024
1948
6431
3378
6319
9943
7593
7034
664
3494
4199
9196
7057
4023
5169
2998
2207
7010
1657
4947
2909
3667
8312
5083
5472
3234
4388
3
7047
6640
9074
5634
5079
3735
6829
6842
3663
7288
6638
2447
5362
580
6313
6999
3297
7226
5248
2308
7453
1818
3484
5960
6724
3432
6058
9356
3635
1347
7905
3085
5554
7589
9987
4024
4419
8565
4117
3322
7193
8327
9335
4919
371
9209
9584
2328
7354
1313
1786
8246
7985
2079
2550
5228
3156
3114
8909
1647
7677
7472
3207
2315
9382
3553
6892
7773
593
2289
2580
4731
3108
1926
5115
9126
2482
8565
5588
7515
3847
3729
2002
2321
9561
9659
5099
3475
5039
4758
867
1304
9655
2470
5645
9720
5119
7020
5536
6817
2316
1811
1735
5064
8733
7054
5137
6058
6964
3423
2746
4591
7526
1394
7799
3947
5470
885
2753
9722
8454
3417
2734
5835
1421
1275
5076
638
6281
5394
4006
5462
3028
8771
5198
2036
1994
6937
3588
2507
4521
9041
6510
1615
2012
6276
3778
8261
4671
1697
4250
4234
4266
5814
8363
8898
9076
5900
3643
7457
1977
4499
9777
1570
9416
7283
1562
8754
6195
5762
1952
8532
7296
246
5200
9412
6907
1118
3822
5144
7496
6814
5967
4583
1144
9772
1196
7214
407
6299
2959
6094
3294
6130
529
22
9264
4939
2199
4728
4713
5023
2066
8908
9745
5717
6937
4019
613
8950
1991
7958
2077
8498
9961
5163
8532
5193
425
9644
6087
4348
8347
9895
2802
5858
5238
1166
9716
5178
148
1967
8919
9094
431
2473
4747
7058
4838
5427
2835
7176
6600
1457
4308
5001
4017
4795
6169
5365
1489
4070
4514
2555
8641
364
6676
2170
6105
3887
478
5770
4303
5434
8801
23
9039
2982
8066
7487
415
1473
355
4998
6808
8910
7748
6889
5587
7801
1840
443
4997
4350
3688
6078
7453
6364
453
66
5797
2577
952
951
4949
7064
2873
1165
2656
4284
5962
1034
6728
8681
4950
16
3715
9515
5746
9730
2616
9786
6582
8304
2046
35
773
9952
1746
2722
2570
2674
2529
8000
1690
7838
520
9404
49
9744
6037
6582
4233
1303
1838
806
3714
6315
9400
3672
2363
7938
618
722
7450
6010
5994
2648
8904
4914
6290
2920
9419
9933
1714
3287
8504
8728
6990
7112
9495
4311
9466
6001
3693
6033
5552
5279
6465
1240
6320
4458
552
8074
359
4632
2056
1807
549
5680
1843
7872
499
5135
3453
3116
7163
4300
9589
8551
2301
4986
9324
2288
4177
8052
8472
4616
7029
1417
457
714
6183
7664
8593
1832
2368
1345
9573
7081
1230
6697
8179
1310
5268
1623
3812
4330
2547
576
8869
1252
5690
7913
8938
1334
5133
8263
3896
2307
6160
7440
4778
9131
5222
1129
1689
2834
6541
1621
748
5818
4727
2507
7320
5604
6806
8013
7020
2553
4240
4141
2068
6453
2547
9205
5024
8269
8726
7259
6698
4104
7448
7266
921
3790
1919
9047
6088
4139
9934
977
7788
925
9827
3051
6525
3183
593
3334
4527
7120
1243
1343
8067
2018
5371
8324
6583
6017
6105
3419
4107
9282
4923
6644
8370
7460
1586
3530
3684
7759
1925
2880
2619
3262
6352
1142
6625
9496
2680
1840
7676
5392
2731
9578
2860
6105
9199
8902
8418
3594
2463
71
8034
6514
6870
8506
6002
3183
4680
9064
1597
7062
9649
6767
5194
8362
8723
4804
5666
4228
1699
7087
3336
4264
5743
8715
6550
5345
3783
2265
8261
2683
5111
90
5296
1854
4846
6105
6392
7846
5140
3441
4816
3616
243
613
5742
5963
4383
4497
7381
4394
3236
4190
1894
5376
6734
3769
770
8154
1955
656
9399
2415
802
8913
1951
9559
1471
3340
3516
2617
8412
7819
9088
8258
2271
9720
4020
5130
2973
586
962
9286
4883
3866
9447
921
8195
9919
5119
1076
5335
8237
5890
4483
4041
2400
2813
1329
8662
6183
4492
1042
981
4764
5982
5416
5102
3636
3105
7014
9749
5639
5181
1369
9694
113
7532
6936
9466
1030
1363
1552
8220
2439
7281
174
1928
4604
4216
9870
6907
2690
6468
6789
6094
9919
8305
118
7884
4030
5818
4559
6814
8105
1327
9695
3056
4521
4788
3927
4868
5877
1863
7631
4819
2939
2822
8542
7482
5808
3487
498
9419
3234
106
7058
9171
8391
5274
9775
1808
7413
9051
5436
5211
6804
4737
115
1111
7586
7117
7407
9815
288
5001
1030
827
8836
1969
3154
7096
9762
2636
2076
542
5320
5139
3579
7998
4269
523
4665
9246
5013
2119
7455
6825
6426
2420
8015
8202
2707
7430
9896
8690
6080
682
9131
8233
9076
6230
334
6421
2120
2678
2045
4777
6975
4894
9890
1664
1157
2116
6841
7062
2452
8161
4802
8169
7546
4204
4401
6416
3954
4951
4389
2332
2740
3385
4462
4638
6008
5346
8921
8039
189
8243
7126
2334
73
2677
9849
1532
2529
6350
7045
590
589
2833
6238
7919
5879
961
686
4872
1829
3918
2467
7168
8288
9713
2037
3590
432
5252
5656
5810
3194
8802
6873
4208
1034
2468
8095
4868
4354
2868
3887
7603
7906
3799
1743
9906
7146
6542
8758
5046
4660
4049
6210
6270
5776
9957
4045
360
640
6259
1100
7276
694
1234
7395
1786
5960
2029
6884
3411
2866
5818
517
8960
30
4863
9261
4489
7970
2130
6443
3889
6494
610
1150
9144
2592
602
8432
1077
8423
7735
4227
8095
1768
6610
6909
6672
6403
9956
3946
5116
9658
5346
2180
8842
3532
7250
6239
912
696
9555
2389
8509
9815
7210
781
84
84
8251
9194
5357
3597
5807
4988
5130
1590
2421
7191
3420
7954
2589
8086
8013
8184
1326
4230
1148
8429
2308
5612
5342
4362
7519
380
8867
5345
5717
8280
4558
5829
6824
6587
8152
762
8588
1519
3851
357
7049
7251
1111
58
2819
2958
8107
1469
4376
325
8488
2979
9633
1654
7776
2638
3852
994
6078
5426
6121
9785
5872
4141
2633
7590
1129
6001
9933
7251
9595
9807
379
790
1380
5056
4501
5283
1542
4560
2273
7397
969
5392
9791
1578
6195
5170
8811
5513
6910
7593
5440
8425
4236
7264
1379
6969
7425
5228
1828
2105
1535
7125
729
8680
2600
8843
274
2719
8137
8568
9451
1517
3152
8723
8816
479
4349
1054
1395
5959
7189
4419
340
2002
4367
1953
6553
4115
3676
7531
7857
6313
2732
167
5861
3843
4663
1110
8977
7351
4895
6092
7375
8341
8141
3922
5272
5513
8448
899
2619
6370
3833
5868
4916
7116
6784
8727
4313
646
2289
6158
9042
606
710
3138
8785
2984
2861
4972
5816
3239
2077
4043
1064
1097
7044
1998
3860
444
6681
1040
5667
2776
4911
1486
2480
6863
5251
8745
7059
5936
6796
8330
5061
8737
7049
6769
7631
5003
5137
2287
2651
3475
5083
9380
4293
9789
4804
3819
71
4785
4866
3869
3965
1249
490
6266
5694
9223
657
1921
7733
4115
7912
9879
6442
3746
8981
2327
4048
274
4367
8856
5307
4393
8388
2191
7693
5530
7193
2690
2059
1431
8673
2273
1069
2927
4365
3812
8246
782
1075
8407
4346
3215
4553
8535
5563
5204
2938
547
807
2477
9771
9797
417
6009
8562
9571
2860
8299
8573
163
2030
7966
9862
6302
5441
5638
8809
3514
9381
5169
4080
3265
9199
5960
4510
2091
9839
9852
6628
2488
2592
6646
1882
9581
1660
8876
1856
5060
4365
4793
951
9947
2209
911
6376
6379
3352
8251
3094
9924
6394
9424
1166
5638
8396
6506
598
4456
1499
6470
9731
3008
1670
6084
7571
5384
6083
280
4641
6565
3782
3749
9148
4587
4218
4133
1055
8288
9584
8130
8739
1588
6758
6704
6094
3167
5479
6244
1185
5154
8277
7399
3560
7895
5061
7943
8276
6125
3339
991
295
3072
3609
6528
6141
2644
275
6578
1419
4263
5450
2310
4872
3368
7731
8143
6249
4966
9989
4403
9904
9838
9095
9487
8287
6382
188
1253
9525
6275
5856
4929
4948
8592
7835
5666
7978
230
562
3449
2892
8901
4825
6921
9703
5967
2527
192
164
6918
1693
3310
6135
8935
1086
456
3976
4122
8240
9759
2456
9021
7053
5144
8407
520
7361
6280
5533
2064
164
6019
4404
6540
1511
1003
5013
2173
9783
2319
3855
9996
1089
2606
4581
2545
8794
6013
7505
7378
1690
3856
1989
803
993
3870
1847
9681
8514
9183
8606
6246
4659
8100
6754
5674
8906
9595
7423
83
5443
1803
4338
5921
5903
2459
7932
4446
562
5861
1726
1347
8774
8155
373
6307
4029
3600
5546
7640
9155
5332
3659
600
3713
7608
5337
2989
5852
8907
3638
9198
8589
7422
1934
9886
9517
6068
4899
8533
5938
7401
9119
2652
7456
7258
7472
6504
7726
446
1644
5305
4049
9783
927
111
8144
3738
2207
8294
7122
4942
8593
1654
2223
2528
2758
1352
6220
486
6790
7961
8701
7012
1702
1754
6213
1006
3144
6454
136
8832
5263
5406
7262
8332
5149
8806
6494
1823
1742
5779
3860
6605
1410
995
8808
7464
429
4928
4500
6119
283
7239
3656
3683
6604
7036
8081
9173
3898
7137
594
5753
8158
8289
9679
3186
4392
3890
7378
3951
4857
4397
8744
1010
4100
2096
5601
706
2946
8748
577
8215
1953
4016
8549
8024
1750
3579
1728
8113
725
7321
7925
4605
5185
8106
8447
3121
1315
5621
3071
6538
7549
549
1262
5886
8495
