1905
9325
5525
9755
1835
2534
6168
8439
5308
1211
7114
6833
9246
6216
1508
7388
7774
645
4490
5844
8944
5155
476
6628
9475
47
3543
5802
9988
8304
8783
5028
5776
8940
4403
8044
5689
648
7551
8699
3136
3531
7815
5440
306
5626
271
1357
5829
591
5096
4724
7114
6161
6829
6750
8848
8896
279
1788
8991
365
8451
7003
2428
2085
1056
306
1813
3464
1699
7125
3094
5791
2708
5412
7340
5035
6321
3849
9775
2185
9973
9397
3208
4058
7913
9614
2110
7653
9195
6792
369
5763
9708
2770
5080
811
3012
8221
4569
9965
9544
2364
8892
7970
1630
1323
3453
1417
9409
3813
2574
6430
2013
6805
392
9053
3795
8370
4171
1442
8195
4160
4269
4906
6755
7330
6082
9937
332
6528
2023
8100
9279
9809
2641
7608
505
5237
2427
6590
6160
693
8243
5381
4217
3939
3750
2902
2378
6026
7015
4641
4049
3127
1770
5383
8095
3985
1215
4299
5240
3516
1084
2881
1789
4474
7150
2203
4164
2783
8548
8558
5942
7581
5281
7501
5917
8887
688
2816
3580
3180
7559
4305
9512
7381
4051
6152
8039
7257
9513
6519
4022
8128
1350
2644
9608
5361
3591
9743
6788
1546
8737
9594
7478
8457
8698
6468
7846
4268
9466
9207
3296
8398
719
2059
5956
6779
3368
4408
423
998
4164
6907
3270
2028
4536
7814
6231
2636
7893
555
5295
945
6028
2033
4442
7964
6826
1055
8682
7583
8305
3770
7791
305
3223
5624
7409
9290
6688
2829
1992
9183
9319
5789
7382
1830
6324
5450
3921
884
236
5209
6375
8910
3912
2351
2369
8685
7617
7991
9952
2313
5725
2840
2692
393
9115
2965
8804
8912
405
6941
5948
5063
8562
6111
1625
239
4650
2611
1640
1376
7134
7798
7346
3096
7395
8880
6392
872
3254
8723
1672
8696
2876
9679
3458
6479
3096
6989
2714
3358
6645
5008
479
3295
9261
1311
348
7800
725
2130
4034
5005
6351
8575
5178
7927
5494
9596
2997
235
6572
7932
5657
1681
5268
7252
2187
8882
2653
5145
7142
7661
9896
8281
4731
2125
7319
4050
3835
6084
8532
8592
146
1124
4689
6667
2344
4300
4500
5531
985
3500
3992
2479
6786
8712
9351
8797
8027
2008
9124
1465
5146
5579
4987
6373
5108
8069
3844
3053
607
1443
5761
6913
1703
7980
7785
4533
6992
8600
4907
7886
4382
7122
4160
3642
3668
7417
1495
6019
2774
8521
6022
1826
6960
7067
3445
4567
6137
8315
1559
4275
456
1447
4923
9541
7738
7078
775
8806
926
4818
1805
9427
7101
1237
7082
8024
1419
1344
2704
7690
6573
7824
279
2086
5420
3934
9953
4636
4534
3218
8396
8676
7041
631
7429
2935
2198
4618
5903
6589
6641
2689
5092
7956
6715
6595
4724
5722
9984
5420
3147
4792
5611
3868
7702
2631
1168
2836
4121
3804
7125
6139
4271
7707
6421
3129
2385
6469
3807
4147
5826
6800
5440
6114
1048
3884
2732
2322
5370
8824
9209
4230
4652
9114
71
3603
3064
3172
2929
4797
1767
9361
497
2099
9464
502
8417
7384
1534
3586
4209
8254
1915
5836
9594
6346
9351
9496
2819
3817
9899
8845
7466
5296
4594
2895
1487
5157
7636
2817
64
9213
3540
9009
2380
6464
6303
3341
6650
546
5467
5347
788
1783
4615
954
2315
8815
9519
3724
4252
3568
353
9112
4898
2921
1895
5200
7505
6568
9015
3259
9748
8716
3522
4996
4714
2905
3455
3130
43
6009
2846
2273
8350
4552
8056
5682
681
3639
579
2671
5638
3911
8565
6496
8860
4428
4111
9458
4568
1102
5836
81
1531
2207
5598
2071
8261
9618
6240
9409
5359
6389
3681
8242
722
8079
762
345
4864
6213
4519
3865
5989
6343
7621
5836
151
7026
6136
286
8794
3996
8561
8940
173
2764
742
6142
8953
5985
7420
1062
7399
1170
7311
9248
230
322
5773
780
3666
3765
4594
8355
6583
1971
4092
5187
4586
9762
1920
1235
3481
5954
615
1363
7828
4741
8069
7957
7337
4619
1392
8879
8792
3457
6465
4818
9031
8372
5606
9828
1252
5356
6619
5028
9402
205
2357
8202
8671
5554
1555
9191
4064
6185
7580
1445
554
5948
1420
5489
2253
7815
3442
9046
2373
5714
9563
3125
5505
9273
6156
6213
4156
2092
9982
8125
9334
5586
1960
7622
2384
9866
9285
1783
3063
2200
4815
2606
5876
5020
4263
3082
6952
116
7575
3436
1913
7573
2655
3688
642
9231
2697
9398
9397
5342
5035
1972
6203
9455
2111
4968
3988
3797
3105
2386
8529
1659
5982
172
899
6956
7249
484
5009
3073
9260
4039
4517
6546
6212
1760
2930
8272
6980
3152
7169
9887
2385
7721
7165
2842
6403
6421
2909
9295
9094
3155
7011
5188
4906
253
1590
2483
2788
3685
1981
2212
4388
6324
6082
995
7455
9657
3242
350
2037
5716
6817
9952
5217
8642
9273
8261
3006
8056
553
828
7574
5714
3979
6105
7028
9328
1639
5958
169
447
5483
3294
1171
4956
5499
6061
1638
6170
5387
6746
3178
2558
7258
3378
6338
7059
9971
6264
980
3329
9476
4732
3132
1153
4638
8674
2345
9976
3967
8126
8017
7284
180
1589
233
3522
8781
260
3142
3212
6622
6836
2669
3807
7650
5016
8455
600
9767
9969
9357
5375
4978
6840
971
750
162
18
318
6824
3716
1662
2202
7260
8728
5893
2377
5668
3144
2815
8277
9710
3121
7767
6706
2640
2063
9325
3503
9621
218
1744
209
3998
8768
2642
2306
3340
618
9482
3359
8763
9942
6318
9496
4960
4633
5408
5078
1756
2638
2787
7456
6951
1691
9646
2253
7210
134
8330
8687
837
6514
696
6605
1971
1452
8204
8492
6086
3587
9037
5050
3662
9455
9514
9768
6803
8271
1746
8006
6654
4246
1747
6983
7431
4288
3258
2307
9122
388
5096
3206
2287
794
2522
2248
9245
9712
7524
3508
6428
6916
8992
8168
3600
7737
3793
7495
2176
9878
5450
8938
8387
323
2032
6591
4767
3712
9174
7683
8194
5897
9369
5697
8491
5831
2762
2867
6933
7266
522
7090
746
8237
1578
9738
5254
3578
3383
9694
494
5762
130
9243
4938
6157
4818
1963
8761
5931
7480
5532
537
9841
5313
531
7546
3295
9677
7768
4974
925
562
4909
9355
8359
8192
150
8745
2294
1336
1189
329
9480
7189
2432
5766
126
758
2333
1013
798
4105
1002
9786
4989
6552
905
2923
1046
2192
1959
3900
5614
4719
9568
5199
5221
9887
6578
7964
4668
3218
6467
4594
6290
5203
1057
2651
2881
4764
7419
2536
7343
6755
4176
6820
9560
5123
4366
1806
7286
7226
7699
101
9377
7288
4715
4760
7620
7232
545
239
4180
4369
6345
7580
7638
6407
3495
9786
5495
8253
42
6281
4772
9423
6557
8858
543
2748
5639
97
5521
4771
677
7442
5519
6366
5216
9002
488
6297
5030
5649
4219
7180
8356
2974
410
6595
9181
3152
1628
4580
6311
9033
7184
1417
5328
9954
731
5856
4217
4872
1592
447
4717
9408
3691
8903
2061
1272
1190
4492
9297
9198
3222
4392
2061
7592
1066
3582
8447
3947
3566
2487
8468
941
8460
1644
258
4101
1037
5262
8270
4631
2079
158
4056
3771
2462
8947
9283
1507
4534
7909
1961
7135
5282
7113
5810
2791
9355
7736
8887
7149
7408
270
1306
9105
1978
3776
947
2046
8645
7959
235
5928
6222
4665
7118
3064
336
8290
5129
2119
4299
6940
9412
5656
525
1333
5658
1347
5834
7466
4746
3300
6374
1121
7223
1809
8852
4950
1792
8686
7999
7236
2862
6574
7674
6032
913
616
9994
2746
2454
1065
2607
6768
2849
468
857
5649
8579
645
8118
9600
6212
1178
3213
6934
9553
5101
7442
5309
4211
5385
6497
6443
4119
7062
4077
2837
7982
4493
420
5042
1352
3087
5011
3680
692
9606
8271
6754
951
3203
6370
1147
568
8399
1024
1684
3361
739
6479
5811
3173
4685
8534
7069
4568
6164
2648
5787
6391
8020
7666
4086
225
3075
8247
3124
6166
9532
6241
9946
6830
688
4357
1008
9014
5349
5875
5719
6038
2392
9476
7242
8013
4608
1868
6667
4552
7942
9112
4528
6957
2483
363
2931
5536
2284
921
7492
151
7899
5518
3828
4498
6532
8980
2485
328
7526
8054
9218
289
6929
9748
3998
8543
423
6072
5616
1207
1580
8571
8223
420
1712
2989
4346
325
1425
5471
6730
4427
8382
5568
8139
6874
5647
2744
1481
5627
9383
6338
7026
9888
9894
4239
28
2734
6365
4388
5112
6211
5305
6285
8571
9327
7294
3408
2785
3543
4634
2159
8903
2054
1323
4790
1906
1361
1609
7123
2896
7679
4591
9988
1823
5241
1545
8335
525
7473
2960
1611
3960
7037
358
518
9122
2097
6996
8812
9580
2239
9959
7938
993
7223
7435
4971
8564
5104
2333
8667
1125
9241
1491
7433
1620
5316
4461
3329
7781
8959
2882
5311
582
3022
8199
1866
1696
805
5667
9808
4364
2797
7542
657
7720
6652
8995
4599
7806
6573
9770
5421
5140
4293
486
4718
5545
2925
8898
3805
7635
3667
1030
621
9356
4647
7355
7971
9024
5569
3275
7759
9436
2524
4303
8328
1698
834
9713
4968
6321
9862
5522
1208
9188
7461
171
6289
2536
3481
6320
8771
1907
1861
2172
696
1767
6921
1300
3072
9296
1023
5575
2236
3297
2011
5984
2615
9990
2158
3019
4710
3211
3929
7484
7773
8144
9821
1432
1894
4475
1066
5434
5542
9248
4504
5852
7574
351
3606
6561
4776
9533
6640
5671
5297
4287
3286
7910
7177
1476
7556
6299
378
461
1610
5559
7977
4377
4399
2552
1945
5489
9406
8597
8230
5588
32
2988
8793
6159
8410
2263
6383
5597
8242
5176
6571
8258
2186
3486
4858
1911
4254
417
6919
4767
5056
5081
7638
8944
7874
3196
5952
1054
4615
9287
127
8043
7441
9708
4254
297
9117
1018
3066
5292
9915
4781
2219
6433
8988
9718
2191
913
7693
34
1234
8988
1678
3462
532
4951
5349
9848
8284
5213
6311
5328
981
8954
5049
8528
817
2477
9231
4560
2793
3236
7351
1626
4851
275
2861
1205
9956
8156
1004
5038
3361
4581
8053
1139
6364
3978
9176
9303
4948
9268
2734
7852
8981
4586
3799
3264
1383
459
8901
9714
1682
3132
7240
7997
1636
52
8611
256
2089
4143
9891
127
4209
1272
1967
6399
901
3910
2163
6838
3300
9927
9612
3524
502
9499
2644
264
6475
9597
9821
9496
9254
1290
3356
228
7341
55
9502
6312
5366
8920
7213
804
9377
2606
3643
7708
2619
7400
2362
7473
8296
2062
6414
1754
3520
3715
7495
2136
7407
8347
3781
2492
4322
394
873
2919
7916
1739
9058
846
4407
5851
1472
4380
2713
8808
4147
7895
5856
4935
7645
9075
7235
2348
1200
7191
4875
1601
6708
3626
2559
7365
8904
7019
5139
4721
6482
8982
1733
723
9792
879
8341
1515
3066
2444
590
2033
9040
4711
9567
9599
6280
2471
701
4705
5256
1973
9193
3681
8043
6314
5030
5432
8286
7041
6946
4452
9241
7991
2326
5164
6162
5132
5143
6765
733
5719
9282
8755
6601
2842
2561
1996
4058
2959
1085
6433
6318
433
9464
4508
9788
8051
2680
3478
5849
2909
3228
6024
5498
6138
2792
1048
2385
4403
3436
1147
7328
3936
3971
9537
2691
438
7080
5201
3753
3034
1373
5326
5956
513
8134
8807
8526
7817
5375
8111
2451
1664
916
7824
2490
3257
3257
462
49
1512
9610
9655
9523
9937
9104
2381
6462
9927
1816
9350
971
7479
9725
2814
1536
7902
68
4985
8004
3984
2522
4568
9027
5325
8696
5663
3020
6147
7047
9434
7180
6617
5151
2241
3423
1717
5803
6018
1408
5752
2345
8599
6000
6024
7140
4972
1939
8101
6287
4588
3189
8271
2458
6064
8990
5042
628
4197
1241
3441
9361
314
2880
2382
2169
4353
2327
7484
9391
9818
2098
4049
3576
2251
1639
3922
8567
3002
8185
3723
3724
4919
9859
2458
6245
8909
4158
9086
3250
8381
1089
1606
4777
7967
6390
2030
5719
3618
3855
2786
2644
4455
8709
6469
2490
9139
4694
207
4425
5067
6475
7625
6012
7517
9717
4442
455
421
6137
3260
195
3241
4233
1010
8728
491
9271
5609
5860
9608
8203
4948
9147
5398
1079
9268
6209
3390
9968
7105
4214
3951
4661
8183
1906
3463
5594
7260
8250
1948
1575
5298
7481
594
2591
9403
222
7699
7740
1998
9867
9085
4346
4817
6864
1526
8478
613
6437
448
8233
7064
452
9031
9046
6243
8579
6049
9104
5265
4897
2011
7359
3912
8032
2905
7467
8553
2807
1676
9045
8509
5649
7970
7238
5128
9604
9844
1319
379
4984
4980
822
7801
3715
4511
4845
8449
1547
6347
823
4172
8595
2475
7100
7856
1726
434
6784
3958
4058
9925
7806
4761
1402
9723
1414
2482
1793
3918
6639
8735
4730
8724
280
9917
1188
9557
197
3521
8059
9017
7005
6459
852
4872
9914
3174
869
9381
3402
9170
3059
7360
6320
5059
7173
6061
6398
3991
3096
2363
6656
7629
9708
2087
9442
9870
2194
7183
6667
2168
237
3263
5899
5041
2919
1346
3908
6529
9809
8240
1612
2411
515
7468
5676
7370
2403
5220
2743
5127
3158
6205
425
5696
2360
9376
6751
8765
5430
43
979
3686
2714
1234
8932
9796
1460
1279
2139
5827
2152
9868
4182
4856
751
4245
7113
2239
6411
2072
7467
6973
4440
1539
9009
4031
2838
203
2680
3542
4595
5143
1099
9765
7260
7926
9696
9281
8536
5880
5909
1124
3081
6916
2975
3289
2023
5568
4945
8115
2262
4511
2354
3357
2576
4005
9246
1174
2224
4900
6958
1257
8598
8596
1231
7009
8769
4416
7596
2825
4548
7832
3703
530
6163
6342
3892
7524
8564
5719
2008
7269
5257
4565
1279
83
2789
7741
7189
3254
8680
8522
7056
3635
8922
4651
2525
4484
5684
5966
4520
7607
7972
2120
3566
4430
808
1823
7194
6233
113
1722
2609
6505
2892
9688
5999
4033
7317
1147
4220
1027
7226
4341
4145
6026
776
68
1608
1512
3817
9408
1839
2598
1199
4401
9296
3137
998
6849
9274
965
547
956
3141
6958
5912
551
742
9233
8651
8492
7167
4536
1745
3492
380
3630
7975
7540
3654
740
214
5682
2416
704
9882
11
5305
8491
392
2862
3034
467
1872
3254
480
6270
1200
7186
114
224
9325
2375
2860
5324
2241
7302
852
7706
4020
5665
5162
3458
3195
8534
750
4865
8539
2436
7075
5900
5245
2251
8840
5789
5457
6699
2663
8491
3012
4110
2430
788
7426
3429
1415
7839
2821
7092
8463
2580
9158
7599
4471
4726
7699
9576
7272
3338
2503
5615
7730
8764
111
4213
4979
7074
3534
7071
9866
5541
4638
2361
4693
9909
3235
4374
6031
9766
7119
2911
2043
1447
3972
4495
6742
7645
7779
4114
8089
5881
9427
9325
5988
7397
6379
3665
676
3213
8449
4340
4304
5749
7225
2921
7941
6797
2905
4561
1491
3324
3544
7505
6219
9591
3571
