4472
4705
7459
3956
4562
3302
8169
8548
6590
40
7617
4492
4725
4714
2944
4758
2183
3174
8642
2301
4691
1858
9748
2202
4076
6456
8320
3192
1461
1278
1924
4128
8991
245
9988
7264
961
5079
6616
1139
568
3965
4297
3827
2876
109
73
8782
3469
935
675
4125
1930
8652
3983
2614
4957
5257
9880
8105
4981
4976
7087
5311
8116
3488
5501
4479
4726
5680
3797
7104
6557
7502
1732
725
7560
5921
9325
3966
6382
9538
9722
526
602
7799
2198
339
6262
7373
2307
5704
5198
8511
6158
5591
6878
8986
5711
9387
4608
5594
4055
7789
7137
3571
7567
4427
6919
3257
5053
9035
5931
5913
1722
5443
5254
6560
4708
316
1289
5161
8216
7352
3372
8092
1905
8046
1344
6141
3847
8574
210
9938
9358
788
5482
1932
3388
7031
231
7771
3420
3004
2320
3271
9773
9284
6788
714
337
317
4277
5394
8097
9446
7378
6702
4416
9045
1666
9520
3082
778
9410
6479
8825
5992
6555
934
9960
3321
3171
7677
84
3518
1741
5211
5032
100
8319
2620
1257
629
5804
3530
4296
4816
1840
9911
3410
8779
7516
4343
5364
711
4689
2641
3594
5841
4446
3780
2729
5854
754
7015
7145
6600
5309
4579
7705
2166
1670
4316
725
9045
8262
2452
4973
5879
2182
4009
4152
6643
7524
1180
5805
8827
2312
9373
8828
9099
1616
9191
5654
4538
9890
5403
9875
8788
6384
7695
9507
7260
2206
1243
7109
3199
3617
6319
2448
2236
7668
7714
3658
437
9628
6086
8329
9573
1210
8318
4288
5935
5751
8605
549
2478
8661
6187
9155
2858
2577
6185
9495
4487
4502
6892
4436
6280
4071
2605
5209
5993
6925
6592
1431
3902
5533
5217
4910
3804
7074
302
7578
8065
3407
3571
1509
3601
694
4630
4538
7430
7163
9589
9659
1482
8219
9171
5935
2735
1649
2048
5501
8604
3108
8294
9010
9158
7174
6647
6945
3443
1276
5350
5784
2274
8606
1429
1079
930
5383
835
5586
9440
8066
7779
8829
7335
6933
9948
5682
6362
9282
2174
2155
5025
4800
8973
4957
5112
4561
2350
6426
4046
7685
1094
6153
1813
3804
7384
2875
6789
8091
5004
7352
813
6461
6061
537
5329
9465
1674
2225
7225
964
583
4161
9102
3195
758
7473
9633
6472
5966
6368
3032
4408
1539
1754
6972
1625
7015
3531
9548
7072
8893
8270
4277
4822
1341
8563
8739
8435
9628
5647
2887
125
9201
3082
7102
6933
7051
8617
3045
9911
3242
317
2124
8636
4319
6404
4922
4306
3565
3703
2449
8142
2676
152
2071
2312
9883
4279
1854
2195
8733
1197
6844
319
3481
2907
5207
8457
4652
39
4574
8398
485
9637
3830
8576
6145
5641
502
4936
3641
4432
4869
5924
3197
4744
7448
9048
1011
4789
7049
2771
6763
850
1177
2044
3472
1805
5154
1412
1197
6464
9654
3526
9129
4051
7657
3039
6322
3494
6166
4241
3777
6917
8553
4301
6327
919
7122
8736
5458
6158
7446
9862
2989
1802
1634
9634
8459
1785
5103
4340
486
9090
3738
7177
4778
1343
6795
9146
7087
4409
2725
7516
8623
2807
8994
9845
2297
6876
5716
2553
4683
6418
5954
5038
9017
9791
537
7326
2416
8022
4579
4537
8391
1825
3755
4687
3179
1376
9522
4984
4123
7975
1649
1048
3433
9930
1239
182
2808
1788
7337
1583
6068
2549
9657
4068
3135
8699
8159
4986
806
9469
6729
9064
9830
8188
9125
6797
9052
4307
6666
920
7353
732
8430
6707
4769
4905
1605
9087
8552
354
4517
628
685
2995
8468
5841
2167
9687
1551
4479
3217
4535
4178
4653
1246
2584
1218
5244
805
4441
1129
8501
5122
6416
4230
5336
4119
2950
9298
8229
7094
9071
6434
451
4952
6101
8378
6834
9719
3283
4629
9365
2755
2187
7703
2817
6553
3777
5460
2184
3687
6361
8282
4111
9224
6015
5506
4268
8765
3131
1722
9217
388
3321
7385
4145
8101
3727
9701
5145
4206
4384
5524
7521
9811
1764
5745
2934
8713
1412
8783
342
7490
7113
4542
733
789
2322
1226
8936
595
4110
8068
6588
1561
5412
8976
9434
4802
3557
4715
2826
4075
314
7978
9302
836
760
4299
7460
270
2571
5555
7353
4348
1380
1726
3274
8778
6652
3356
5778
2500
764
4550
95
6316
8936
5960
4398
2788
6311
8132
5155
6696
5956
6266
7175
9135
5240
9896
28
8022
3766
8666
8023
8554
714
2239
180
3685
5701
655
8150
201
8937
325
3311
5764
7882
2986
1899
4800
9901
4671
3958
4439
400
656
8392
5114
4551
4139
3538
6755
3327
7755
8734
2098
6526
1541
5601
6697
5779
712
7086
5656
9981
4953
7759
5630
2954
1411
1252
2254
7997
5228
8121
9094
4707
3584
8154
57
3847
5066
9134
1562
7117
1395
6873
1181
1591
1213
9237
6341
7384
5202
9020
9188
7584
8302
4457
5446
2897
2761
2159
3139
2886
1284
8757
8099
9634
9639
7390
2942
3387
5543
2849
713
1577
5524
8539
8586
8079
6578
4038
1741
2174
4911
4869
2795
6207
8933
1509
6405
9126
2707
7160
1085
2906
5995
8675
5832
2637
8774
1546
1952
3823
6294
2953
1840
2352
8306
7610
2060
9763
5870
7367
6319
8722
418
965
7974
6414
5962
1891
701
8129
984
3816
680
8383
1764
7807
5582
6848
2706
5949
9305
5031
2086
7918
5880
1957
3028
442
7901
1322
9449
6642
3255
5339
840
2362
2488
5030
700
9417
6674
6882
845
3822
2838
2477
2273
3456
588
499
2028
5212
7056
9921
8061
1288
6636
2500
5084
6017
3385
5520
3990
9378
8680
4342
561
5340
7543
9401
5318
552
6147
3288
9275
2423
4185
8263
5079
3402
9684
9571
9854
7401
9293
4236
9585
3334
7278
9551
5726
9988
9945
4683
6031
1154
2892
1466
5142
8496
1916
6932
5913
1186
5180
1476
9065
3768
645
5638
7103
8372
7420
1682
6332
3813
5665
6588
84
4443
4756
7227
8062
7991
3675
5330
606
1463
7256
8121
9530
2718
3121
6582
1486
2751
3658
8667
2221
7817
5171
5816
2688
1639
2448
7353
2567
8263
8350
2217
5488
6303
1381
699
3739
4689
8870
7922
7511
9850
869
7601
6511
2524
6107
4384
5251
837
196
3581
155
6997
4367
2267
9271
8940
4538
6423
5542
6321
2763
2343
3112
5038
2632
3227
1336
2421
2843
6796
3881
5736
1156
2370
6947
7570
9304
163
5531
8063
2101
1729
8066
4769
2062
8490
1936
9114
1428
4799
150
2446
2379
1189
7086
8526
4489
1473
9892
2880
3048
2830
7994
3399
9699
4419
5841
1996
5319
1701
9635
4375
891
7478
4219
1033
4276
8342
2976
4141
1290
2221
993
8043
6646
1434
3356
9966
5284
8421
3080
7831
271
2651
5015
9271
3734
4667
5070
7642
2649
9939
3795
9726
5164
5775
1555
4900
6970
6052
4249
6146
8497
5750
1589
826
1836
9950
6753
8264
1062
5874
6712
6897
8620
1803
4104
8240
2463
4947
7299
9609
3271
5333
1492
1350
8426
1266
2879
870
9879
8455
2996
9231
4172
6933
9334
4520
1061
4189
7435
3783
7913
6805
6580
6774
3227
6897
1105
3360
1670
3315
2437
2022
8753
4640
2874
3163
4258
239
2399
569
7071
5882
8385
2606
2878
7480
2725
1686
2469
9584
7178
8274
7512
3515
1695
6466
8753
4717
8123
1529
161
9519
9200
6564
6018
974
477
9532
4059
6170
262
822
1789
6865
6712
2031
8420
3973
3896
5746
4172
9419
891
2086
6136
4163
4509
5238
2944
6408
4410
9540
2115
870
408
7552
6682
1821
6588
1904
7003
3193
7627
6298
9322
6356
6484
646
6802
9663
8045
4779
821
2376
7357
742
8627
7113
428
1855
6464
5238
6587
7650
1759
721
8706
919
6457
9160
5349
6599
7385
1991
8743
978
1791
4592
2764
9779
7678
3863
8436
3281
8363
9630
8719
9739
3512
9666
8924
9568
1393
4732
5439
1764
6606
9977
4538
8600
7650
5565
4189
7642
4314
1445
7394
8829
3633
6378
8950
4035
4349
648
4177
2601
6802
3306
9286
2129
2002
8966
7406
6791
236
5781
5206
2652
6551
6978
4372
1813
53
4163
2129
2113
9674
793
8966
6917
2236
9889
6106
7134
715
4888
5219
744
554
2838
4961
3299
690
2409
6598
8683
8158
7397
7406
8533
6239
4741
2277
6654
2005
7136
3981
185
8519
2064
2927
6008
4339
2369
9892
2113
2860
271
6075
5347
561
4461
2097
3713
2016
1072
1122
7644
7565
3445
3954
2276
3387
433
678
7494
7611
9451
5129
3578
907
5033
2225
8490
9911
8953
8960
8321
2516
4485
5823
7886
1322
2058
7971
1777
2643
8564
4638
932
6014
6337
2619
5073
8109
651
2621
3906
1691
2398
4501
3408
5142
2496
4439
5528
2236
3607
3802
3063
2112
2801
5127
3080
7622
6067
953
1328
2461
8900
4850
9046
4813
4196
7564
4569
2413
7151
380
9260
6331
5053
6630
118
9983
2414
2743
8825
7619
2443
9540
9036
4762
1574
8819
3212
1209
9539
7451
2042
9697
1292
1444
2790
7547
5454
8595
946
4932
9869
3114
5085
3226
4542
6731
7059
6171
5008
3096
5207
3323
2128
3709
18
9359
5814
4284
3238
5376
4352
3360
2874
9699
8338
9562
5039
3608
3839
2571
4528
3819
1797
3892
7749
9328
4455
5810
219
4843
1760
7041
6201
6443
2243
8718
7568
7582
1426
3431
1732
1169
5356
5569
580
6509
240
5385
4887
4979
1691
3450
2331
2436
8567
1388
1526
8235
5960
689
4904
4
4065
8395
3616
7310
7158
6430
7456
9620
1994
7456
2182
408
839
3359
8462
6228
3312
1239
9088
9069
923
5240
3151
8310
4709
3764
7875
854
7192
9333
1622
736
8526
1728
7104
6961
1953
3269
9350
3809
7929
5266
2985
4234
1267
1923
1597
5208
2926
5298
4922
4721
1601
5834
9080
8824
5243
5305
2601
3394
8555
6601
2428
2661
5834
1446
1881
9110
6254
1501
4274
43
1888
5279
1139
5656
2254
8916
7042
2786
2166
2667
7928
1894
4410
6901
9135
2692
2647
8280
1717
6647
668
5956
5253
1328
2838
324
8400
9821
41
2487
8954
1425
1023
4879
2832
6321
4694
3424
6569
6327
8262
9814
1228
5888
8672
534
8250
8933
2310
9189
6462
7974
9783
7627
9374
5932
25
9811
2818
1930
516
7221
2744
9678
3712
6503
870
9530
4068
2813
7997
9223
1710
5390
8384
853
4727
9365
2655
2304
2073
9466
7510
852
6024
980
1641
3396
5505
6899
6296
4883
606
4639
5810
1041
7070
1549
2175
2169
9663
8720
4864
9496
1191
7239
6264
4392
9242
8521
1205
659
7156
514
9857
1049
9710
1891
3653
2732
4861
7474
4025
7168
6517
3114
8617
7070
9579
7343
3783
3177
7189
485
2640
3352
4601
8013
9660
8785
4716
7249
4153
6984
5694
5636
7726
92
4781
4761
1330
5178
7895
9443
7308
2188
4695
7695
2979
8077
8622
9193
4812
1899
4737
8027
3469
6671
7873
6504
6447
1696
2230
4868
8016
7612
3320
7040
1474
881
5387
8524
2289
4818
6012
8604
5281
7746
3177
451
8656
6905
5034
1583
163
5523
2436
2254
2246
7667
2166
1055
2218
8277
8313
9633
2948
3027
1426
9696
8867
7654
6221
2097
2690
97
6903
9994
5886
6133
2745
5723
3494
7421
7847
9541
6662
647
4705
2493
5175
1066
4794
3807
8715
4332
6306
4011
6504
6378
5655
2254
6319
3480
1583
1001
684
2937
8893
65
8619
2441
6368
6112
4921
6442
7561
4796
429
8771
2971
2300
8322
8933
4520
7801
2860
2414
3382
8357
3791
2892
3489
9507
478
491
9403
13
5837
6846
8857
3724
1754
4639
3873
2734
4697
8682
8885
2272
6771
1509
3582
7733
3407
3355
3931
7386
8960
3781
8141
8269
9554
535
6274
5727
8952
6860
5634
4430
7039
7547
8958
3583
9914
9246
546
3683
5059
1786
3104
4177
3529
1109
1586
2281
9309
5756
6100
7122
6559
2017
1053
2055
8704
587
4169
1219
8364
8146
3782
7836
3048
4455
5232
9223
2550
9999
7818
4160
2809
248
2326
7174
677
3964
4740
8445
8949
3992
6417
3195
760
8511
7870
5022
6494
6902
4879
9326
5076
9326
5318
6912
8004
5267
1128
9073
5877
2362
9731
9310
7937
1939
4313
6311
9691
3878
1378
4739
5847
5724
2269
4372
1729
586
7075
4537
6585
210
2728
5647
5120
8492
9083
3482
4930
5413
9170
5410
2835
5666
2568
6586
4260
7107
5257
8821
4197
1559
5330
2615
5524
139
3479
9351
7057
945
5183
7417
8191
6591
2488
5666
9633
4084
4190
9445
2855
831
1380
4277
4708
5967
1903
180
3156
5683
111
4622
5329
8254
340
5026
4879
112
122
4980
5012
9731
6424
3984
229
1752
7218
6244
3178
6901
6952
176
2917
5811
5965
3365
178
1052
7907
9557
8235
3298
6195
1374
834
561
2088
9936
6251
7462
786
9520
3961
9209
4433
3123
4406
7396
4048
2955
8748
5659
7002
6255
8730
9934
1705
9517
2289
6974
4847
3826
2205
565
6745
1714
3536
5050
3149
9668
9664
7281
9992
5716
6114
7432
6215
3707
1378
2841
8958
2782
7004
4951
808
2575
6296
9939
2643
900
8855
2570
7647
9276
2614
6960
7315
3395
2464
2718
9587
9355
4246
4379
3291
1466
5666
1285
140
1298
3719
7997
8138
9447
8015
2065
6821
7253
9757
4169
5417
3596
2406
2249
812
7093
9634
715
3101
9154
116
2819
1243
8659
3254
9602
8536
2625
1660
9341
6908
5010
9799
1345
7181
858
4432
8199
1261
549
138
61
3638
8294
7301
5990
6949
1996
3566
6198
1832
4951
8184
986
1181
899
6753
9479
6193
8412
3529
4196
5593
416
7260
406
3797
1061
5068
9954
2661
1434
9454
2552
9015
55
9181
2948
1358
7263
2653
6539
9059
5462
7508
1957
6826
8812
164
6281
4104
4952
2006
2848
7020
5942
4467
3222
1034
6894
2193
5887
6928
3611
3536
398
5496
5632
1970
1125
1718
3804
8120
8930
5759
6989
5137
131
2907
5303
3579
4984
896
8787
5849
7708
9427
6606
5531
3073
5588
5958
1914
4463
5070
6765
9610
5447
1925
7110
6461
1194
6841
9039
4562
299
6832
3076
7089
30
805
4336
314
5730
3314
7208
4991
8141
7762
5828
970
8890
100
8897
5537
5759
1889
3656
3859
8993
7379
9690
8206
5797
8842
2385
8142
1857
4224
5549
876
6351
9516
5501
2267
1251
5644
6183
1149
7861
1774
1469
7684
6096
6139
7570
1094
7944
3501
8802
8409
3175
9216
8096
2651
1114
6129
4516
6888
929
9065
3134
3916
2212
4952
4618
9373
4598
6629
4285
115
5705
2507
5998
7219
5909
2005
2109
9657
1271
1290
198
8355
5421
7139
7700
7135
1420
2850
1153
5121
1127
9295
219
8795
8639
7553
5472
1144
1521
8196
6495
1314
9216
8687
2704
667
3218
877
6741
9109
4020
4858
5617
9638
8867
4778
8494
5072
7251
7483
7953
1748
5476
9163
8987
6410
2288
7202
8579
8356
6532
964
8136
3074
4794
8884
9139
6734
4435
7033
3916
543
6108
2043
1101
6268
3677
581
9928
3860
9058
400
3892
4037
242
4747
5837
52
9700
6293
8379
6016
2297
8385
2576
3055
6722
2542
4843
9982
5639
1760
636
218
3566
7410
5639
3433
8062
2718
2733
1707
7273
4718
9298
6132
7072
4098
2832
47
3047
9086
7034
8142
8654
7900
8245
7722
9466
8045
9546
1134
5737
9945
8221
7297
9763
3674
470
2832
9107
2403
1990
6981
3559
6671
8742
7579
9087
6444
5983
2623
9710
4796
6935
6552
4726
2493
1563
5666
9165
7917
3966
17
3171
1598
5969
7328
6497
2000
6368
3397
3627
9999
939
643
7096
52
4583
1982
9158
666
8635
3022
2061
6923
1424
940
3010
1668
2570
7270
2110
4804
3666
1190
8436
1973
3809
1961
702
1414
1081
7086
75
2586
8995
9710
3856
6291
9456
4674
7910
9581
6508
8499
9281
944
7955
6248
173
5028
4317
4829
9430
9098
1286
8823
6333
9749
2206
5123
6242
2621
1280
7743
9584
1549
2946
9475
7927
1713
7084
6718
2212
7896
9359
2529
8296
5167
1908
7492
4017
7560
1787
5673
7096
6252
7656
976
1299
172
3377
4107
4085
4332
8431
5288
8301
8764
8914
7732
7997
8480
8321
8459
7944
7599
2617
1533
9739
8756
526
1165
7840
4714
1106
8682
834
5606
647
3331
3892
1970
8175
7755
8336
2976
2633
7879
9465
4071
4228
9532
6252
4175
9494
5537
9239
3327
7728
9497
3635
6122
1237
2543
9645
2211
6266
9370
3226
9749
4454
2694
8117
5582
3839
6027
305
566
123
4968
4966
4737
2067
5668
4528
994
4912
3664
5220
5569
9442
7507
7878
1150
9696
7769
732
5631
8109
6124
6709
3262
4653
9716
9616
1534
1415
669
336
3466
5231
8673
3203
2760
4531
8897
4055
5569
8015
8651
7298
2602
4150
7657
306
6947
4815
6966
5886
6069
5294
4673
2456
3999
8258
1703
84
2351
6051
2993
9579
4243
3328
1753
337
769
4303
5117
6619
799
3714
5163
7616
9458
8825
4107
9112
6996
9410
2669
6718
4448
4783
4266
8172
558
6216
9204
4501
2827
8813
1703
9517
5021
9072
3055
9273
2396
7319
9537
2643
9697
347
5086
2355
130
7056
2998
5173
4151
2591
3087
2941
3381
6275
5130
9459
9062
3581
9778
4552
5098
616
3791
1986
2010
5645
2595
385
5769
4833
6715
9676
9872
26
7020
4100
9696
1910
8041
3502
3218
4030
350
236
5725
8762
6136
8746
3941
3595
211
8815
7541
4984
7545
9081
6556
3100
344
4484
4460
2612
9403
9317
5875
3411
3068
3355
9254
1030
9763
7151
5539
6276
1334
1067
265
3554
6260
3248
9509
3849
6444
2174
4622
7900
2135
4888
2481
7939
7544
6596
1566
3557
9041
605
4627
1032
4361
2314
5694
2781
9491
2911
3832
3059
3276
1264
3650
6477
8815
3001
6839
7095
4975
611
6168
7229
4695
7975
1275
8179
874
1315
3485
3167
5584
1982
7234
729
6440
9233
9193
3946
7553
6728
4357
3532
8341
1562
4623
870
1238
6003
9123
4542
9756
4470
8582
8430
4436
7397
6337
6385
1038
7514
1906
8176
9425
665
7474
1293
4030
2921
36
9582
3807
2893
9542
8246
6253
2636
8887
3132
3351
404
6941
4870
2191
8943
3411
1113
3400
8803
6292
9042
2895
2808
2908
38
4821
6180
4106
7676
4088
3329
6840
8316
5966
9540
735
6862
4928
335
2177
1799
8509
3204
3034
633
573
7036
5984
482
7254
6360
7893
5226
6628
994
6686
999
9984
9503
3424
72
8529
1211
9044
21
3564
8624
8903
2651
8207
6548
6185
3064
6626
4492
532
9690
9773
2275
9465
7785
195
3624
421
7727
5436
1614
1688
4972
2854
9735
6877
5424
6910
2104
3270
7298
4160
3012
7069
1948
8132
3333
2275
706
175
4828
8599
2135
461
6995
1225
7709
38
5639
9876
4905
789
1316
4585
1949
6936
3930
9796
8471
9670
760
6154
4522
1222
3234
5530
6761
5205
7517
9652
6862
1349
9715
7551
607
3015
9553
4511
5858
8510
9167
5386
1270
2227
8364
6508
2843
8427
5119
5012
4201
3536
3803
1035
9414
8674
4076
912
7226
1465
4464
2503
2520
5987
3014
3556
1073
3765
3977
8933
7382
9419
3938
9961
502
5374
4883
2295
2858
6726
2686
8333
86
2505
5450
3325
7545
8680
8137
1933
8939
8641
7284
4393
4045
6664
2865
5283
9212
4807
5434
9078
4450
6185
7629
4782
9598
3841
533
4039
3791
1781
8054
500
8778
6131
2417
15
536
9689
6011
2393
5627
2043
9994
8741
2134
9545
5915
3838
2509
9599
3082
8050
1291
3607
3883
3900
4875
668
3726
3703
8146
4097
8142
7157
587
6784
5614
7914
4246
2850
4747
9523
8796
3041
3451
2406
6190
8887
2647
53
7926
6694
1530
4191
8699
3
9209
5171
2248
8517
5139
9867
5962
2307
4246
1530
3901
2836
8154
5350
3931
8000
9592
9659
4852
3558
9254
8250
156
1476
7709
5988
8021
3673
5777
1452
2566
3950
8458
583
7574
442
5666
5729
7710
4879
3561
6489
8794
1921
8505
3354
733
7297
6122
9925
7102
1871
9339
5140
749
959
5014
771
807
9151
1846
2288
6529
2794
8963
9950
4378
7570
7775
3488
2333
3863
1948
9972
9996
2764
9455
8235
2971
4355
5254
723
7551
5851
4349
695
4611
3318
9834
6615
5428
4895
4921
8559
3032
1272
9959
5999
2957
8554
8976
3162
9521
2634
7592
3239
9922
9366
5143
7984
1503
6779
7800
6451
3896
1123
4737
678
8445
8267
5338
1059
7736
1159
8059
7438
8941
3389
6940
8723
2805
3455
5277
4416
5379
2092
1201
4917
8259
1109
772
5245
8174
1850
5111
8649
7095
8469
4662
1909
6535
9280
7554
4690
3215
7916
5426
8362
4574
153
4298
6533
2425
6419
5179
8047
1501
3383
1072
1804
9921
9820
2419
7335
7494
92
2885
5886
6047
9410
343
471
8727
5030
2188
3524
5901
587
1201
7463
6666
2839
342
8105
6811
4239
2820
1754
6670
7064
7147
3712
7397
2858
1988
6715
6861
218
7195
3123
5031
9539
2314
5163
9810
3826
7806
7394
4231
1654
2146
914
2182
3609
5138
7081
9477
4313
524
3255
7272
1130
9215
8983
2262
6631
3074
5868
3042
5472
6663
5682
3391
8077
2432
7126
525
5179
8295
2985
6433
5425
7523
5016
4917
6233
1530
3787
7720
4906
7238
2547
9694
3940
5850
3900
324
3330
2900
3179
751
1937
4352
8758
4991
6463
7523
4104
1176
8011
6556
4297
6018
7538
6821
1847
3607
4198
4065
6029
5101
9286
8148
8135
8234
4115
5987
9450
2226
8531
6801
7194
2278
5116
2233
4496
1072
8764
25
8453
8710
7425
2611
9708
8350
2940
6528
2155
7118
4003
293
6126
9265
6870
8078
1464
3788
6216
524
875
476
8072
1877
2645
1210
9362
2019
902
5305
2325
774
4842
4173
5612
7319
7675
6675
8440
9785
5294
7586
3831
2331
8223
8238
675
7928
5407
7037
768
707
4855
8240
9149
7977
637
5548
9965
8497
8988
920
5626
6850
4793
3229
5450
1952
3653
9551
402
4789
5348
6431
5229
3288
6644
5740
3654
4406
535
1433
6611
3864
4536
1617
5918
6602
5024
7634
6681
2126
6709
9942
796
4373
1960
6981
7538
4993
2788
8722
4275
5856
6635
5979
5359
8424
3010
5860
1333
4897
1894
5559
7962
7554
4309
1761
2313
3175
7310
8847
6928
6018
2869
8276
8079
5405
5634
856
1328
9662
8201
8660
1618
1812
7157
755
7229
8556
6258
7494
3591
9163
6301
1783
232
1150
1980
3241
64
198
4667
4362
7682
3940
1794
8257
2986
8358
7900
9953
2789
2154
4532
1670
6695
3234
3940
6150
397
3553
4532
3756
6917
9816
5255
7765
9717
1085
8044
6928
3425
2393
792
1129
4994
3839
977
7678
17
8899
7768
8870
656
6304
4705
1437
4630
4630
5088
6998
7209
5829
2844
6510
5666
910
7445
7866
8684
4029
8539
1900
314
971
6528
395
1361
3403
6675
2856
2256
6262
6132
1497
5785
5661
3100
612
5111
3818
3134
5086
5997
1045
9719
7596
9548
4281
5462
4083
6393
3111
8994
5988
360
5868
8556
9685
9776
4309
76
1227
7954
2231
4741
947
9696
1346
725
5
7810
6833
2754
4866
894
3452
5902
9268
1252
8932
847
7079
7940
2591
6463
9145
7268
144
1137
9916
7105
3414
835
802
3741
1907
7132
3765
6304
8771
7899
8202
3556
5457
6273
9559
356
4127
5093
6907
9965
9287
8432
844
3462
2996
3286
5363
5768
5595
3679
9551
208
808
2900
4395
5997
1952
1124
8987
6320
2137
2964
2480
1032
2645
3523
2483
6318
6903
8789
3140
5051
4230
9951
7818
4982
9991
7339
745
8621
1768
7997
709
5092
8347
7993
2747
2557
1877
3561
8403
3003
6105
586
7828
6323
5952
9811
817
9472
802
9044
8864
6806
538
4500
5978
857
5081
9413
6006
4612
378
365
4551
4139
2255
7387
2685
4651
775
9926
4441
3341
386
136
8945
3644
2123
1494
9029
179
6522
1273
7819
2724
9132
3902
4553
3847
2014
1890
7475
2463
7554
3790
2625
5739
6034
3688
4068
8564
7126
6165
8696
875
4603
5522
6419
402
5554
2333
8733
3587
384
5827
8090
9104
2546
1827
5007
8352
2833
8837
2637
8884
2451
1977
5786
6595
7511
3205
7609
8434
7426
464
3053
357
2576
6943
8120
3609
7483
4151
8292
9680
3156
3888
2079
1727
5700
3520
3193
4206
8681
5715
5730
8288
3528
9812
8424
2625
9735
9823
2890
2348
4724
298
6160
9919
2773
7732
6528
5603
3706
1397
869
8682
545
2956
5727
8563
9898
4059
895
3990
12
3403
9753
1710
4734
4765
6829
2764
8519
5494
3873
7659
1260
5944
4956
2858
7727
2159
8954
7967
6991
7589
500
7283
4846
7048
7743
572
4084
9860
2727
5676
8928
8900
2335
1320
544
4449
5185
8008
903
3764
7084
8211
7524
3209
7421
4600
7999
2869
835
7738
5105
2928
6998
2422
2902
2470
6864
7685
7021
6257
8679
8658
2767
8196
8731
2360
3608
3635
2313
3278
6974
945
7064
3227
505
2288
9759
1636
9626
3142
2572
1214
9025
4988
571
5999
1901
9913
8418
8074
7585
7499
987
4645
5084
8426
5444
9327
4478
5061
992
4363
556
7557
763
4159
5863
3771
1917
614
2711
5227
8058
3879
3684
7465
9633
7778
7625
2731
459
3695
5217
4238
5692
9475
9958
2418
8142
2079
6843
431
7158
4565
2150
8209
658
1467
4225
6411
136
8129
7996
7803
5363
2358
9440
7107
961
7619
8792
7666
1702
1747
4602
7297
9145
6317
1864
1288
4201
3444
5628
9837
3771
2279
8068
3493
1728
5475
6806
8165
3553
1213
2595
2329
5699
7414
8875
3334
34
2850
1457
523
3286
9177
8729
5410
9963
4853
9063
4340
9602
2936
2210
6691
2501
8158
4032
3084
4289
5947
5379
5485
812
627
4112
489
9152
2273
1598
1731
7442
8530
1253
1351
1987
5105
6551
4593
3549
2658
3529
6875
6411
2466
8562
617
9003
5903
9827
7540
3382
5791
9045
4087
7470
5971
9710
2659
5064
8240
6258
7690
3255
7332
6897
1072
1682
858
4704
7395
1607
9438
9534
1631
2417
8504
9073
8345
2064
3495
1486
3248
2445
4057
8348
1651
9485
7166
3880
6015
5394
3892
9529
5309
6399
5839
3619
9079
5568
7490
8934
8144
1199
2432
5933
3944
6256
7413
1670
8966
6897
1365
594
1568
6754
3010
5245
9198
8984
5246
1587
4516
6977
8688
2001
7714
9908
4224
5231
6577
4884
9994
2776
4574
4561
3341
2048
12
8123
4403
5394
2071
5495
4914
9117
4029
3297
7961
8555
3389
594
4421
95
322
5902
4418
1166
2510
430
8218
4035
2031
2181
5093
4081
6903
8588
6019
7007
3412
961
5232
1074
4580
9851
9516
9020
2063
9571
7971
4417
1947
5669
1842
5983
463
9899
2454
8672
142
2175
9538
9582
9905
368
3362
9889
402
833
2214
5441
7278
954
5142
2427
5361
3347
5514
471
6385
5398
9103
2939
2458
3801
2088
6362
338
9109
3617
7003
6134
7347
6864
1237
1423
5650
1168
4212
6488
9626
8617
1230
7356
2530
7138
993
526
9414
621
7116
4384
1982
2286
4744
3072
6598
7123
6104
8279
7000
9550
1292
7215
5211
9307
9931
4089
3905
1004
9711
2178
1302
3982
6759
6780
7872
5583
9928
6662
1095
5835
924
8488
6501
2618
4151
5060
2120
8165
4824
8526
5064
5932
9488
76
7325
4014
2145
3223
7207
6903
6621
8410
909
4937
3081
7999
5527
7963
5199
1015
7195
9441
7184
1164
8626
2803
713
2592
5155
4870
1969
5740
6180
1185
7113
5370
4494
6682
9455
3857
3437
6704
9455
4191
9214
2513
7579
1564
9536
6151
9533
4156
2965
3809
1330
5623
8748
8323
1450
4521
3301
9552
8067
2336
4934
880
2230
9723
7823
7711
3505
8844
8508
1341
7577
490
9985
2992
1950
6112
5224
9149
3055
9004
5337
7812
2774
2370
9854
1490
6621
6171
5232
4933
556
3884
8636
7118
9257
8333
283
7855
3740
1825
2646
688
5648
1624
6231
839
5637
5755
6372
5337
9297
4151
6497
9063
6999
7121
8106
9859
9869
6332
1089
7333
3612
3574
784
3692
1854
2867
3735
3617
5828
7368
5408
1230
6357
4648
2164
1149
6138
9014
5853
865
9799
9894
5636
6405
7387
9573
118
2135
227
424
7986
7407
735
5312
7076
2073
840
2539
8985
2769
2020
2755
9509
1928
8742
5267
2705
2351
4957
6956
3720
854
479
224
7534
3717
7937
4379
6305
2280
2749
1600
3389
5404
9382
8001
495
1045
7572
90
309
3599
28
3083
8845
7043
385
3708
7662
2120
6867
7767
7177
3270
6703
7131
6927
511
7778
3358
4136
6460
6233
6705
20
420
9365
4105
2546
741
4772
1660
4779
4866
6646
121
825
7396
1378
490
3332
4228
6717
4185
5412
4981
4422
119
8700
2250
1073
9983
3266
4213
5953
3849
7365
3323
3062
8425
7678
6280
1162
6920
7347
5207
2987
2311
6624
6582
6306
9530
9132
7287
26
9907
9743
2048
1292
5038
5997
9246
5404
295
9667
4788
8393
565
8912
2797
2755
7501
4334
2953
2812
7052
3066
9796
6837
205
1994
2111
3494
2118
5943
1542
851
5978
4187
6046
4105
5317
2031
8023
2427
8432
875
866
7252
2559
6813
2422
3398
3827
3826
8804
5196
6178
4475
2974
6841
9947
5210
1087
3044
3886
5751
3286
4351
8125
3936
2415
6377
2866
8691
7437
5470
6311
526
4380
6176
2199
2543
4277
3391
9571
8713
9667
8291
7139
6346
4673
1503
1213
9204
4157
106
944
4978
8540
2680
7589
6514
9127
8623
4398
6044
531
5135
6388
3333
8884
5651
95
6797
4642
7404
933
7695
3473
5173
6084
4995
7212
1778
9263
912
5164
3662
4533
7331
4526
1333
1986
1699
8587
5684
3415
5654
8993
3526
8181
4531
1902
3805
7461
9021
1407
4415
4561
6753
9173
3248
1505
3366
6595
2593
9302
7348
9359
3486
880
6868
601
9057
8807
7551
3665
8395
8210
8958
3988
5278
8701
9946
6991
1552
3092
3406
4317
242
9504
748
9101
7780
8157
1277
9827
8619
5104
5993
6382
6066
6295
5507
2646
1313
3930
2844
4998
9910
5355
3012
6205
5603
2764
3895
4547
1558
6374
5043
9501
5895
3031
9117
3981
132
7767
2821
899
7529
7723
5046
3291
2216
2575
7922
8983
3193
7299
5678
7622
247
8408
4407
4886
6492
4542
3497
5015
4262
6730
8269
2244
60
6492
486
3034
7177
1526
2513
3546
1109
1944
7469
2186
309
9720
3988
3027
4842
4912
1353
4258
696
7421
9253
7486
8624
4230
7488
5590
4269
7805
6637
799
9454
2801
3230
5724
2088
4887
1805
1667
4786
2132
6512
8302
939
2220
4577
6771
553
469
173
9350
5376
4010
1548
2639
7238
3000
4409
2947
4037
6923
9276
3304
5307
6669
2731
7507
6489
8264
938
9954
3106
9686
9472
8564
908
950
6547
6404
9652
716
5036
3799
7631
7287
5422
5444
1252
591
8485
9088
477
8858
7629
7862
2855
3208
2995
4269
9488
7069
282
2289
9531
218
6243
5689
4537
2984
1731
6288
6452
8005
3294
3320
1887
5476
5672
8020
1246
7287
6254
5898
9778
1850
9477
4248
2056
1610
5708
7700
7955
2277
6915
2582
434
2747
4268
7413
1043
9733
907
8268
8860
2197
2635
2472
5563
4309
5975
7379
7536
4975
3022
2201
815
4383
2510
7680
741
1995
3632
2927
7275
4031
8332
4174
1090
712
2885
9139
1207
8259
6976
1513
6380
7986
7038
7581
9214
7004
8685
7747
5634
8329
163
2979
9255
4714
1767
6051
237
6587
6671
9048
6100
7980
993
4829
3864
8460
1382
4851
1423
6836
6171
9276
7998
1509
5821
2828
7344
4928
8466
3736
3310
5885
7292
8946
3867
5352
4919
6375
8944
6834
8902
4619
1588
7928
5412
8400
6993
2209
3717
753
5622
3833
6323
8798
2158
887
4981
7746
8892
8938
8706
5308
8121
2934
5738
215
687
2046
961
8511
3541
5006
5906
4589
7933
1551
7688
70
6096
7421
5835
5135
1211
7713
8114
9476
9561
8493
6788
2979
371
7173
7483
5
8127
3593
6498
8653
2190
5197
7712
4946
1247
5205
7211
616
7926
1734
864
606
3198
4910
1650
1471
3103
3571
4096
407
4820
6261
653
2194
5258
7981
8139
6368
7522
5901
6461
4339
5052
9035
7880
899
9709
889
3887
6006
501
7497
1549
7827
7628
6181
9781
5461
5523
6011
6902
4556
9497
6090
3833
5928
4543
5517
9687
3265
7065
843
3093
2025
5272
6525
5553
4163
7029
751
1762
2213
9684
8090
9906
7323
4712
2825
4565
9077
8200
2678
845
1511
8999
1905
4842
8961
5201
1952
6355
4191
1202
621
8940
9658
4403
9524
2555
1103
627
5617
8431
4772
4248
4688
4872
1407
6184
6509
1215
1717
952
609
5065
4387
9998
1582
3025
3366
1682
6591
8961
5077
4395
7571
1011
9062
9150
248
2919
5188
270
3462
8449
2582
4246
6073
7262
4310
7033
3435
2777
8691
736
4637
3238
592
5556
4552
9659
2821
6498
9189
9420
4036
6656
3353
376
6677
3677
5809
2256
5936
3590
6027
1447
7489
2160
2482
141
3924
4319
8715
6332
8247
3814
269
4341
9757
4332
418
3505
4597
588
98
8690
1080
4041
4413
5926
892
5696
585
633
1224
1178
6840
5101
4709
3190
5748
8432
3074
4411
5734
8501
7783
2857
1173
221
6386
9012
618
2345
3258
2304
7659
5348
3491
7337
366
3448
7747
6555
9248
8228
3734
8081
5107
7068
6973
5167
9632
6567
8583
1986
430
186
4853
1597
906
8223
2868
4191
9540
1879
5078
8240
7375
8919
3519
1492
1610
7371
2823
2300
684
6518
5163
7506
4766
9701
7749
4104
3247
1218
9380
4050
3761
1271
1873
7473
495
1893
6430
2143
580
3555
7015
7368
3149
5494
706
6188
3549
5481
3557
2260
3744
6282
1301
3912
5022
7346
6830
1205
473
8763
943
8321
2499
1027
4478
6103
7046
6045
996
9716
941
679
1720
7129
9503
7795
4357
9271
8995
1561
554
7765
7661
7120
306
7478
9969
7961
2450
3148
5063
5225
1670
1816
2612
8694
4869
2122
1016
4602
9141
7503
4485
3841
1319
3064
4562
4172
4408
7227
2989
7558
2209
8911
8209
3177
660
5378
721
6999
6134
9085
3595
7848
4653
5715
9009
9904
4517
809
2925
2235
8255
4393
2419
3051
3280
3820
5801
7241
2916
5796
3552
5222
159
7504
3016
2758
3607
9434
8033
9490
1400
4016
8468
56
3908
6636
9187
5603
4055
4657
9655
3599
4301
754
9303
7816
6492
5158
9896
6840
9577
3479
4082
337
5533
8373
7689
7148
2699
6251
6297
5082
2775
3435
834
4238
5924
2363
9142
6644
4632
197
3186
8258
6141
9952
920
9404
8201
5199
6266
8448
9537
1193
9912
7920
9933
8131
4523
5534
8947
2039
2904
7804
8360
4573
824
866
9920
5064
1891
4128
6015
3252
2207
9380
293
5824
4195
5580
7452
8284
8947
7499
9985
7848
5544
1581
3522
2913
4305
7793
7840
3608
7696
2593
7292
5382
9898
1568
9128
54
9484
3136
3308
2137
2433
6285
8985
532
7626
4109
3935
8942
8082
663
3091
5404
7819
511
9028
9242
7343
7006
759
4097
6287
2407
5556
9614
2087
4911
5925
2627
6452
7398
8800
5810
4191
7847
5414
9259
2596
2990
5286
195
3858
8897
5526
7033
9501
1888
7562
9387
2539
9885
2710
2478
2377
9210
5850
26
729
9370
8445
2715
8184
1307
2490
683
1863
7280
1213
9972
5096
9769
6646
4353
1719
563
239
7389
6881
8522
112
199
7348
6538
88
6567
4687
6321
3432
4980
1996
5388
8530
3225
4545
2571
2011
2551
6407
4842
5170
2221
674
7590
4290
2770
3238
8357
758
1814
8971
8460
3145
2206
9258
8245
5366
1646
1218
5923
5996
5541
3848
6232
7975
9708
1238
3421
9807
9148
8552
7688
982
2038
3352
7891
9524
9757
2248
7317
3328
6329
5563
1618
6009
3536
2242
6323
3967
6299
7204
364
1332
484
8846
9629
8372
4441
9615
4581
1531
9817
8549
1610
3261
1283
7478
1107
8854
1366
8721
5609
9398
3901
2594
9666
9978
2229
223
4438
7466
4914
9454
3508
1943
8187
6355
497
3192
3723
9518
5082
141
7666
5785
3510
7779
3952
8356
4726
6058
1135
7469
2600
7578
1595
966
7431
7889
9180
9650
6143
4218
5177
7115
6617
363
5041
9666
5073
4927
6980
7914
5130
1847
3638
5467
1731
8115
9084
1886
6025
3873
5497
8380
6331
7445
6853
5929
347
7221
8924
2608
4012
4072
3375
864
4964
551
9168
3147
2738
4285
3282
9799
9078
3220
2339
753
3939
6128
9234
9315
8805
7293
3625
2270
8721
6796
784
9172
3510
9111
9319
7852
6002
4372
3902
1058
8472
2774
502
1180
8946
5936
9148
1739
590
5697
9302
3110
5105
6100
1990
4219
7986
9609
3802
6718
446
1105
2142
8168
9767
9996
9637
3626
4966
5429
3796
4705
9318
1280
2280
1165
5626
8054
369
2868
8145
1885
1679
3023
7494
7673
4066
7409
7121
5099
9866
6392
569
7183
611
7366
631
2334
1412
8949
6299
5521
6773
5160
1900
4596
3792
3825
3819
824
8593
9931
9240
933
8572
8561
9425
9119
673
2093
5930
2227
6504
9867
5563
7404
4136
2134
669
4913
534
3292
6642
1419
6568
2623
5112
6518
1122
2897
3881
240
3590
6297
6506
9935
7152
9636
8610
2050
7940
1511
1660
9318
3018
4072
9016
6905
9597
4496
460
1657
3155
8905
289
5301
3289
7820
4364
5949
3448
2907
7996
7775
8212
5689
8637
207
3360
5628
251
4499
3523
8619
6973
9022
1631
7323
8400
2496
3606
8206
6921
6625
2437
2223
7084
4684
6007
1205
6646
9332
5271
2661
8601
5033
3514
3884
1106
7328
5435
8809
3545
3968
4245
5960
8134
4536
1932
1267
3669
5965
9419
1868
2342
5241
5985
1371
5338
5988
8605
3952
4200
2155
8982
918
9228
861
17
1939
5507
7747
6216
1071
7061
4797
4661
2952
2379
6477
4089
2548
2752
4739
7535
680
9912
3403
319
3359
9048
2143
8546
5118
8723
1482
4609
1389
4986
3326
6731
7272
4519
9993
5759
5922
9748
8347
4806
7544
580
3032
8991
8861
1899
6056
1200
9460
4619
8301
1005
5825
542
6657
2890
3363
9200
1098
2348
5578
187
3272
7965
9052
9745
6816
8028
2758
8980
1613
931
1565
8596
2774
2779
6015
3152
9685
3219
2666
282
5149
6770
6685
2321
906
6730
7861
7102
2396
6721
8650
5999
9228
7357
7308
5066
9938
9115
5082
8028
8441
480
3005
7369
9440
7229
7767
3878
6874
211
9515
7879
9681
5296
5038
6502
1280
6731
8838
86
167
5656
6583
4892
2281
5565
9367
5417
5471
949
3214
569
8136
4638
1840
4669
3764
9315
2880
3677
8963
3983
227
2184
7205
770
6318
3931
2318
806
3786
3206
277
4996
7860
2785
3896
8112
5087
3875
7861
2350
8407
5925
6997
8946
9742
5042
3455
368
2737
1964
3851
5161
1122
6184
5428
4398
7687
1511
9247
5435
3098
4665
7162
7
292
3140
6777
9055
773
5651
4227
9005
5815
6612
5575
4301
5187
8259
1027
1275
476
1950
8068
1821
9354
5115
3873
1676
7356
9497
425
3576
4627
2425
9251
3742
8763
6989
8653
6602
8264
4400
9595
7085
7737
4846
9345
4510
608
1127
9211
9428
483
7972
4959
1148
6596
5341
653
5176
9266
5101
1698
1276
5226
650
4377
3390
7361
1833
5538
8198
9605
4425
3010
6075
2354
982
4083
4508
5769
9363
1067
6229
286
997
3093
6655
7465
8103
7145
3421
6336
3476
7335
3163
2702
8319
1859
7086
468
5955
7148
8774
5589
1012
9822
6057
4961
8884
8793
5613
1257
6144
9407
9903
4033
5469
989
4229
7557
7722
5924
9257
4688
2116
1862
6128
7089
9847
3373
4035
9123
6997
4040
9813
2214
2292
640
9273
1174
7036
1693
8581
9309
1532
2163
191
4069
7432
9129
7232
7329
7630
9529
2745
31
7890
4086
3472
9149
3694
8967
5113
5511
4758
6490
4260
2104
9593
7688
1740
4829
1715
3054
521
6028
7343
9948
3155
9953
1671
2058
9657
718
6140
6705
1493
7467
1294
9782
4323
8206
7167
124
7480
8068
6580
3069
4551
5042
7903
8087
4475
9743
7388
2403
5613
4575
9008
6716
2688
7942
930
3519
7478
1635
9310
4395
9370
8052
4996
6792
809
9811
3365
3534
7661
1591
5573
2452
9448
4273
5396
8113
2049
3583
7583
9914
3330
3737
1092
6917
8459
4577
7093
6380
7275
3648
2645
5845
8757
2184
3698
6499
45
1110
7277
4664
6377
3853
4741
4021
9002
6555
7267
8415
2546
2816
1469
3894
4051
9396
1065
5633
6960
8079
8333
6231
2717
6984
6258
4012
8945
9728
3695
7263
574
8897
8068
939
6305
2918
3536
9476
8995
7070
7915
1903
7310
8678
3834
4458
2179
8751
1793
9361
1119
8065
9538
1965
2777
1046
1946
9393
7594
729
5076
9274
2860
3
7841
3648
4748
529
7588
1133
5859
1588
6637
9889
164
6429
8921
4039
3149
1800
1832
194
7934
4333
6144
2508
9358
6103
8161
5259
971
4142
1881
8266
1993
8641
9043
7306
837
186
9710
1649
1162
660
3501
9530
1428
9649
1800
6347
2124
7907
6243
5794
8896
4882
1339
8526
3859
5332
4289
8644
2367
2329
161
1716
9707
8370
7895
1523
7385
1615
3201
2963
2089
182
9031
7274
831
6613
1080
9709
4302
1814
3134
3064
7899
6087
9370
7111
7301
516
3446
5504
5896
1066
9281
8833
498
1784
9823
3057
1753
277
8961
509
4705
3279
3705
8713
5850
4065
7694
7246
4251
4580
4342
553
9194
7097
3817
3620
9000
783
4221
6869
8168
7697
7067
1023
901
198
6775
9046
6789
8023
7956
4024
2852
2624
8358
4619
2381
656
1261
3236
2822
6200
1253
1316
6723
8728
9638
3401
7967
6203
4056
969
6055
2092
2340
7008
6212
2681
7812
5651
7289
8647
456
6228
6623
317
7701
6570
8738
9198
1238
8343
9522
985
4047
1968
6443
5751
4299
2172
560
3374
1079
585
3967
6987
7969
759
284
1350
8406
9700
2844
5610
5947
4174
5743
5024
4692
6406
1026
3067
4662
8768
4965
5712
1446
5069
8045
371
564
461
8381
5639
5090
3914
7567
9870
2261
9636
2347
6941
6285
7387
791
1537
5499
3911
5038
9872
6225
1419
1058
7893
1146
7492
8711
2311
5620
8254
5540
2899
2714
9912
786
7945
1318
7205
520
2032
6606
5872
2763
5056
4058
4084
6782
7275
7976
3427
213
7535
31
8172
4146
9145
9402
488
4493
7597
5202
5256
4250
4006
4095
9448
4227
6373
6601
2845
219
8294
3391
3005
3266
353
8656
6002
3834
7061
710
1436
4334
2193
8041
8005
2867
4541
5766
1641
8543
829
2711
2922
6830
1349
1622
8756
960
4609
9857
408
673
5131
3207
1919
4143
7025
4905
3793
489
3399
6653
7432
6886
3765
922
2057
5965
6090
6580
9685
606
4960
4302
9389
5582
469
6175
1917
8730
9899
5041
9224
7203
301
763
9203
8985
6121
3861
5842
9635
1973
1152
5143
4176
5279
6035
3064
427
9565
2791
4869
8029
171
9801
5713
828
3818
6336
3674
850
2988
5062
589
8358
7428
228
6584
3002
1719
3072
9843
2228
738
50
8633
3808
9159
5213
302
4433
3110
1490
9165
7108
171
1195
7032
500
5050
8374
5166
9785
187
4991
6647
6910
562
6785
6747
5051
9450
62
8707
6493
2947
2641
7290
121
1168
1904
1669
8604
6034
9240
7739
1498
5896
3481
8186
6233
3195
6084
7951
3344
7905
58
2041
5746
3402
1722
3245
2374
8466
5251
4982
3048
2782
2672
4160
7530
3904
6911
9332
3145
6705
6562
3750
946
7252
5149
1014
7081
8599
514
1855
3366
2110
5363
8587
2889
599
1543
6718
9445
8659
9295
138
782
4258
4690
8715
3224
9320
655
2328
6284
6752
4806
6638
1342
6307
1094
8494
8252
708
6164
3775
7951
3396
1616
937
7419
4084
1271
6930
2360
192
9886
4486
7410
6424
2968
6688
2561
6434
7789
7760
7943
8186
5570
6613
7304
8724
7245
6581
9505
3049
8465
8736
2494
5520
2186
7385
2641
3752
1296
9139
8049
3724
9967
6092
6865
319
9228
4918
3338
4405
5932
1818
2919
8404
5831
9765
7826
5002
3633
8695
6839
4690
7425
9311
1726
1150
1991
1890
4237
5582
4046
8808
5137
8649
9711
4218
8218
9478
9747
6984
9495
2326
3242
5099
7116
6646
5817
4090
9688
2421
9559
7639
119
2601
2300
3359
6299
655
4365
5715
8328
7338
681
7756
359
7124
6681
4269
8693
1612
1546
8348
5255
6649
9199
4513
1447
2325
2194
5079
5332
7901
2201
1816
6023
6407
8689
2536
6349
6352
7919
7562
5112
4031
8656
2157
1644
5486
4740
9992
9965
1548
5396
8075
874
1211
2384
3470
3401
7786
1911
3973
8461
9286
383
426
5136
8864
1732
3951
8435
4144
7919
2340
3693
3983
3235
1223
7993
7041
2868
5961
7585
2202
5113
3784
2504
4126
941
4811
4023
5218
9135
8562
4440
3945
9101
5825
3648
8229
7021
2779
3753
788
1556
5821
3628
3055
4381
6890
7975
1160
5477
6359
4918
5950
6388
6258
4172
6598
7921
1010
7923
6920
9927
3216
5008
9357
7900
9748
4881
7410
7574
9763
20
88
2207
6796
646
9291
156
9449
9744
4051
6836
2862
9741
2775
3644
8490
7556
2843
1652
7049
308
6011
4856
6833
860
8340
812
4270
5155
4633
2009
565
3586
5714
6338
4829
3743
9591
5612
4881
6442
8472
1265
3871
84
7065
3474
2233
5713
9409
2191
2038
5757
524
9454
4009
5231
5374
5935
2305
8478
5885
4293
5111
2042
6271
9276
4027
6436
8814
4747
7965
7231
6771
607
1836
4745
984
6748
3795
4865
8579
8557
5745
2441
9970
4807
3062
6259
2329
9598
8369
3656
3306
6402
556
4178
6154
1829
3813
7789
9446
5796
6899
4662
4226
4806
8986
9916
7618
9264
4246
8625
2140
7439
9898
7328
8547
2670
2071
1463
6213
