9162
6214
2696
5551
5329
1978
176
8177
4298
9774
8721
5200
5399
5871
891
3183
1245
3335
2681
7405
9126
636
4977
3958
4905
9237
3288
3076
7128
1617
5251
6228
5836
9676
850
1030
7968
3426
5064
9477
8852
8696
5656
9545
2227
4140
9320
5000
3236
2616
1923
7740
8541
3213
480
8526
1236
8738
645
6092
8690
7100
1048
2680
4522
2493
9363
5722
5021
9861
5214
7818
8271
3204
8553
429
4979
5431
1731
765
9916
8288
9840
4511
9694
7511
7687
2622
9195
2323
9793
9230
2781
8972
787
1751
7647
2975
5023
9733
4777
3598
9979
3374
7401
4105
9469
5336
4660
51
3547
5805
7007
9879
6176
402
7260
6537
2986
7010
4806
6740
6526
2697
67
5984
5037
9298
2416
6801
2781
2004
408
1997
5988
6317
8308
6465
7109
5588
8042
2350
7962
9144
8776
3988
2223
2901
2796
385
4491
1110
9988
8012
4927
8036
7072
7281
3306
1417
9068
170
2920
7858
7269
1542
5396
5009
3891
9858
2093
795
9428
7397
8968
2456
8778
7381
3920
6079
3761
2135
6502
2031
2310
1671
2015
2395
7070
7951
9245
1027
3158
5691
6520
7871
9429
103
1874
7234
8591
7213
9010
2937
8292
3695
1681
2590
9043
2470
9258
9690
3361
7227
7655
6932
3667
889
5548
5598
9526
3001
7939
5939
612
1065
7637
3736
877
1097
3026
8674
5506
6686
7487
6548
3125
3565
3738
8615
9990
9425
3352
4599
8693
9555
7665
5930
8035
9587
4204
8540
4555
6276
7707
5590
9273
3070
2325
7226
6058
7944
1713
7946
9444
584
4183
6675
9739
1107
3807
102
7150
6933
5608
101
9649
3340
7246
1057
3400
1706
5701
1289
6892
4486
4118
9229
8978
1897
7274
54
1240
6512
2556
2045
7712
5405
5154
8109
5371
990
6190
6927
5779
4102
1390
7622
668
7606
5941
5932
5823
1267
3826
4351
2243
423
1053
4957
6465
4953
7696
7842
3833
3753
8861
637
4376
3562
2389
4243
8185
9137
5685
2409
5515
8773
5509
2790
3096
6496
8561
1372
5956
1341
4230
9972
2686
8204
9802
7288
4352
196
1644
418
3293
8348
3094
2026
5240
752
3245
7106
5217
1698
7747
6686
5582
1416
8836
3470
4913
8262
1861
9968
6392
6324
1886
2491
9522
8889
7951
6171
3760
5100
9890
7988
7493
5267
9115
7166
5678
3482
7549
2343
3250
1455
6154
4258
3594
7544
4389
1269
9368
6331
2374
6089
8335
1675
4025
6969
6462
602
2504
6351
2800
7073
3345
116
1807
9758
9193
315
2300
1669
7791
1431
712
9517
6718
4937
169
7628
8897
1978
4499
6682
6803
7428
2725
3801
9653
5817
1241
2146
704
5076
978
1198
9543
6176
8109
6038
2450
3835
8350
4074
8968
7698
8540
943
5376
8817
4956
9088
6799
8834
1704
525
1851
6118
270
5916
7390
8006
104
3375
9073
154
964
2715
452
9514
9974
541
6828
4131
5177
5061
3627
424
7713
9104
8888
1782
8424
836
860
2153
5346
1870
3371
452
9346
3424
5906
2192
8647
4444
3731
4975
5001
8814
6733
5824
491
5862
8842
4415
2260
2668
3656
6643
6898
1427
8405
1165
7028
5608
9581
9268
2514
6919
4808
9094
9343
9999
167
6549
4635
4635
5484
733
1330
8652
5422
8898
2371
3064
1291
2561
1993
6445
9893
2677
8213
6728
3554
7919
5019
4741
5164
3038
4862
4463
2460
8082
4006
7639
6480
491
5695
2293
9779
7624
7184
2923
5312
8245
6004
9506
8794
3963
4317
7019
7274
6068
7025
2130
881
2615
6444
2247
1529
9894
9471
2445
5870
6867
6192
7340
4892
4731
6583
799
6866
9700
6666
2269
5493
5289
1415
5309
1915
5513
5946
1200
8721
7842
7188
6391
1056
1875
6758
3865
4046
3448
763
9884
8153
4738
7053
8445
2053
8663
4613
4062
7380
3517
153
7573
9402
4756
6636
5591
1200
1135
331
6016
3947
8270
3724
8027
9678
9800
6284
3016
7973
2718
6753
3418
8937
6781
4115
754
8235
2970
3256
3252
900
1884
3820
5203
7689
9615
6989
6299
5239
1166
2664
2911
3116
4746
5936
9882
1014
9026
8767
2253
2378
1596
6088
4661
6764
6735
8635
2620
640
5881
7355
8229
7879
7079
5116
2063
4450
8520
337
62
2810
9985
7777
6807
53
3842
301
4191
844
4233
9739
9209
4202
1002
873
9303
5795
9158
8439
954
980
4369
5658
9357
3810
4435
5031
6036
9630
3873
5432
2494
8688
8704
9443
2393
3818
9281
4608
2922
6433
4444
1775
6407
6141
8146
4026
6876
6206
5812
6268
5292
80
9383
9082
8440
4326
8419
2996
5618
8810
4265
4560
6971
8800
7245
520
5498
1559
8479
5484
6513
4549
5517
4521
6535
2594
9251
3215
5664
408
8154
9830
3817
7605
140
2414
9305
9622
1002
8067
5398
6284
8989
4111
2167
9883
4803
7606
8896
7625
8528
5317
7726
328
9754
742
4563
4861
2547
5846
5075
5204
7332
5210
655
4435
743
9366
8660
4830
1215
5876
556
412
85
229
5560
1405
2353
6651
7790
1644
4319
8038
1879
2837
2103
3489
7851
9397
7851
4443
7075
5156
2992
194
8952
3779
3456
7732
9140
5437
8945
4065
6410
2652
4760
7314
242
9524
5182
3157
2508
5895
8055
3430
885
9294
3330
7817
2332
7253
1514
9262
6979
6771
8801
5400
7419
9891
1277
1780
7949
4621
7511
2352
2698
253
1628
9227
8077
4788
3247
8326
4215
4693
1935
1179
7100
9561
9309
9657
449
5638
5400
1887
3922
9683
7085
9639
3851
9360
9894
351
8247
3401
5207
7887
8384
5702
732
631
7665
4103
9740
7543
4006
3188
5046
2285
4835
7621
8299
7858
581
1619
1331
2311
9220
5623
8430
3015
3167
1989
5376
8717
4893
2896
78
814
9486
4048
2795
1398
8829
8677
1992
6345
5897
7856
7880
734
4636
4799
4803
6229
1061
2036
9769
6628
2070
2895
8666
2760
7272
7716
7464
5676
8727
1023
2649
1110
3110
4232
2799
787
4826
6901
9028
1903
9627
4985
6414
1364
7743
7695
8379
8367
7185
9146
7656
2857
3126
3450
8743
6590
5382
35
4125
1112
1213
6315
7618
4874
5206
6770
7623
403
2000
4015
1403
4159
3007
7866
7001
7085
6481
7301
5017
9576
9337
9096
8491
9580
3367
9792
7984
9660
5489
6209
5405
4790
2775
7916
689
3312
7366
1539
6157
972
71
7976
6367
3169
7742
3496
9849
5259
6448
1658
108
8080
5018
4548
1775
2116
7823
8037
1506
5413
8786
7963
4913
5790
8610
6612
1384
5091
7176
3689
9718
4941
1143
4044
9504
1361
2729
5321
1837
9871
9943
2724
3211
3831
6100
7325
9772
8227
6140
8573
5488
9329
33
744
2186
2107
3062
576
4559
1130
2111
4758
8083
2759
1939
5166
6936
973
5043
413
9387
2502
6199
1635
5470
6062
4752
1082
9689
1284
6839
3157
8950
8603
8200
389
4908
399
1857
7396
8299
2153
761
707
7759
5184
4641
451
1891
934
388
8798
3183
5727
9185
2985
3129
8397
5273
6124
7355
1980
886
3274
4290
8954
5807
9479
4558
1550
258
6536
9115
7646
2114
7234
1741
5492
3876
285
1420
4301
9190
8755
896
8040
9973
3223
9417
5215
7260
6511
5126
5733
41
6318
1266
7486
6417
8804
9377
5162
5892
341
675
3852
9683
5536
3613
1951
1244
7637
4521
4987
4703
3053
2790
2130
2378
6249
8981
2584
61
9343
4290
3747
1409
3382
7605
5795
5967
4254
9074
5071
908
6258
8409
8848
8079
7043
8357
4436
9610
7466
3971
9622
1990
139
1030
6988
3528
9135
5107
167
9823
6793
5100
6548
6051
6928
2442
6301
7931
7817
5984
6989
8562
9449
4078
8444
4644
3941
4050
5335
7891
4544
2974
2595
5372
4667
1756
1270
2351
616
2267
6831
9146
8907
