3425
1265
1745
6759
1477
8898
481
1329
2409
4013
2208
9163
6351
7332
3928
2449
7230
5418
1738
1411
2707
5113
152
5091
4601
4113
5492
5364
5872
2171
6532
827
6913
3973
7205
7011
6927
8123
4616
9723
1333
8135
5983
5324
3680
2201
9671
4752
8841
5741
7311
5536
4127
6377
6351
8311
1113
6654
2157
7363
3406
5116
5457
238
7480
1380
2249
2378
126
6916
5522
9107
802
2015
78
4572
9130
4827
1410
2400
4442
739
6523
131
4860
996
6700
536
7621
8893
5898
273
5966
7252
6317
6216
2678
5745
7843
2299
9952
7292
4626
1924
219
8204
4734
2112
6298
1779
9181
6285
5243
9757
2921
2667
8593
5325
5377
6484
4680
1713
4756
1232
1018
5248
3140
3549
5697
3861
1893
3384
6983
9111
2447
7149
6112
4598
9911
6656
6262
4587
4237
5842
9712
9612
5030
6209
4331
3650
7623
7352
367
1359
7619
8238
2536
3393
906
4970
5063
1184
6414
2437
9885
5797
9301
6131
7309
5771
6554
3994
5414
8721
221
92
7475
8913
1520
1405
218
6930
9217
2046
6238
4541
3016
5624
1491
4209
4613
2719
3692
4940
1592
5077
8172
1800
5957
3915
310
8898
8900
8560
7096
3628
1938
1645
1138
7526
763
3622
1873
9500
4752
8133
1966
4368
6199
5343
2780
3677
4640
3099
1157
3834
301
473
7129
5143
1919
5675
2956
7605
1094
1320
8029
657
4950
2609
2602
1370
4485
3965
3446
990
846
4192
188
3459
3111
3804
5601
613
1134
6633
4258
5800
7402
3261
3327
1465
4516
5994
5606
5087
666
4267
8405
3432
103
1309
9417
3589
2741
1409
9191
674
9653
167
2988
6108
285
3670
2032
8114
74
2342
6470
4461
7062
2228
3254
1688
9281
1137
6854
8491
8358
8358
324
6578
5787
6755
3355
1801
4387
2011
7872
9725
7441
3583
6147
7235
273
7218
1179
845
3961
7492
5013
8324
7797
3943
6370
7874
8054
7729
4308
1603
4555
700
2316
1295
9843
6410
321
3529
315
231
3727
8062
4469
6745
7020
3478
6081
6018
1415
2063
9958
6008
4530
866
3344
1999
8780
1844
385
5480
3746
6658
7703
6269
5169
6741
1266
4852
7392
3863
6897
7650
530
3730
3764
6950
3854
1051
6923
2891
1793
2035
6313
2245
1645
8546
6170
1450
7950
7843
7629
8477
3143
4834
6484
7069
359
8200
1575
278
2212
1229
8626
7552
5165
2307
5477
799
7101
6394
8145
7729
4920
7494
3687
1710
344
5458
4624
6623
571
9816
6902
9549
6233
8420
4506
5696
7245
6694
6591
5654
9476
6644
678
563
3409
8761
7079
9337
3068
5370
4348
1555
9697
9900
3556
5648
1146
4773
6725
4901
3575
4951
9707
2396
4327
9076
1318
6745
7800
9781
3554
407
9802
2491
8252
8275
6816
3123
8301
1582
8378
5286
3555
5200
5467
5346
9851
6333
4863
8858
4549
2471
9968
1689
2078
4524
6937
8281
6236
4332
7443
333
1536
3286
1816
3941
1752
7206
1647
5280
8832
8023
6472
5142
6522
8289
1396
4506
6929
8981
9224
4984
1881
8942
5231
1082
438
8113
413
3728
1338
8534
6887
3968
4139
8044
3750
268
3384
1526
3593
2645
4686
9582
26
6526
5999
4826
5167
3789
3127
2431
1352
7255
5107
2458
8451
2594
8055
734
3502
3639
6793
7919
3942
297
1136
2504
1003
8477
4539
1128
1121
5402
5387
6579
298
2299
8915
8705
5083
5612
2945
6623
600
8907
7181
9631
8860
1681
9592
1155
2213
2650
8023
9953
5852
6766
5640
9728
5390
3494
3822
6689
9250
1998
1309
5950
1867
8528
2159
6152
3678
9349
5650
7890
694
169
7318
5034
3116
1504
3643
9322
8884
3383
8915
8471
7378
5434
726
3531
6658
9187
3315
1588
1789
6256
7373
8602
7598
1231
7763
332
9521
3440
7477
2863
6999
133
9259
5683
9448
605
6612
3885
9851
4500
7804
5866
3082
2838
8571
6433
7801
8628
9493
4491
6034
4062
6100
4437
2795
8716
7436
1885
3741
3310
9800
5444
5906
6052
1471
7244
6174
5043
4083
6053
2574
9429
1736
7289
8451
1507
5519
4760
2659
1330
2530
893
3946
2985
6829
2937
4033
4821
2887
731
3168
4727
144
6541
4699
2360
9960
7030
1366
1327
258
2758
4544
3440
1916
6604
2326
8811
5985
1288
3196
2676
9225
2410
779
8907
1497
2920
9222
8534
3211
1353
2155
3351
2884
7847
9285
5195
2589
6091
1546
8488
3393
1332
1071
9772
6348
506
1068
225
610
5222
8835
1599
7534
491
5501
7733
5761
5791
862
7039
7807
2832
8116
8905
602
1192
555
4069
7318
7130
6221
9894
9741
4708
9283
7893
1339
1007
2559
991
1851
8997
7923
7988
2517
555
5816
2393
2345
1551
9434
6797
5228
4506
680
561
3215
2166
9169
5155
9951
6999
2906
3479
9000
8941
1857
2826
1208
7607
6394
4754
3232
9871
5188
8810
4908
127
6387
47
5375
8162
1723
5766
7696
9424
4665
5235
4027
8721
4677
9172
1837
7403
1039
4852
6090
4443
8988
3576
8698
2990
1184
4738
5157
4679
3565
5357
9318
1870
5653
3088
5778
9122
9779
1789
5275
7140
5782
9576
4275
6622
8799
2487
2929
7221
2916
5828
8831
335
2720
464
1138
2811
1348
2385
6977
6985
609
3016
5859
9308
5916
2157
3068
1589
3394
2715
7623
9250
9576
8950
8660
9412
9300
2075
4190
8697
1808
7935
1763
7736
6526
8982
9149
5188
1949
2966
7773
7394
4811
8290
6530
2766
3717
4967
706
6642
9418
1340
3827
201
8205
9580
759
3770
1803
1726
3510
9273
8195
8280
5176
2673
1253
8122
2782
6933
3007
7879
9639
427
4941
229
4439
1285
2419
5894
5695
4333
1369
7547
9278
468
4108
1562
9531
6945
8223
5378
3385
222
9455
8500
9198
6530
3113
3857
1512
5594
2185
3772
3634
1538
1700
3399
5260
7975
5140
9473
1351
5908
6031
9177
7903
647
9002
4708
8565
9691
8591
5836
8710
7629
4494
9416
971
6440
1030
7909
8172
8562
4382
100
2148
7597
3913
7739
8767
708
6302
1555
1805
8749
4027
7476
4191
278
597
8551
7527
8405
5291
1821
7002
6348
5061
6005
7043
2283
2428
8819
6945
7231
1301
2789
1526
5930
7029
306
6734
1262
5940
7856
3389
7036
4031
9960
3602
7018
5225
692
5843
2479
381
9767
3270
2560
3097
5799
2535
7907
695
6484
8279
7482
4610
4573
7448
1237
5949
8260
3249
290
1816
6265
2464
7435
8432
9966
2317
5101
2403
25
7058
1735
2975
4465
6849
1533
9519
8965
2832
1229
7771
8826
566
9456
9576
5906
2425
9457
2511
2364
1068
6964
7443
5552
662
4116
7302
5834
4128
3131
3482
7433
5504
670
9426
6544
4506
144
7724
5914
1718
6984
5428
2020
2519
2989
5698
3008
7858
2525
7540
2859
2589
38
8956
93
4291
7423
3802
2732
4231
3684
4836
9701
7747
337
3322
9895
29
3032
1400
2281
1732
6597
646
4084
1535
5423
3033
7673
8417
4293
7976
1603
5590
622
4844
5465
1714
9332
2252
7083
6342
4992
1683
8033
2147
5726
4272
2181
9667
5802
2978
4825
1125
5259
1127
5992
9392
4871
8557
8868
4389
6129
4314
9937
5707
3233
4110
7124
5493
7856
8181
697
779
4316
5939
6740
4913
2612
1937
5809
1150
851
8005
2615
1315
3150
477
331
9495
8851
6073
6842
774
3384
2693
212
677
1745
2326
8913
1616
7148
6688
1810
7621
2281
4045
6808
9320
4386
1078
6780
2934
2748
7717
3538
8123
1699
8622
2557
2755
3779
7629
6641
1783
1338
9923
7395
1623
5726
6063
3168
285
3023
4192
4002
4162
6195
4994
9033
9104
3669
1010
5108
7773
9292
3908
8025
5666
9155
2088
8977
3122
9769
6158
7836
9518
47
26
6282
2358
6650
5185
3593
8323
7910
6494
9910
8555
3715
9375
1928
6705
9588
3452
9086
2768
2520
8867
2490
7430
1897
1729
2467
3638
7085
45
516
6865
6356
4483
4115
6168
8712
6675
2454
8484
7417
6785
9863
2798
3997
9469
1950
9780
159
2272
3533
6316
7071
5067
6997
1179
7535
8851
460
4920
2717
9955
1237
7864
5977
3045
2199
9231
5260
5760
7992
2913
997
601
5351
5734
9004
9692
3433
2427
9778
2687
3478
4812
6511
4199
9793
1289
7486
2935
8632
9860
6214
7534
5766
7462
5548
1998
6820
952
7270
2719
4519
4398
4280
620
5319
6469
9715
1262
2174
7843
5417
8033
5141
30
6476
6424
1353
1777
3251
910
1745
2324
7128
8131
6699
3462
4835
7889
186
7006
2872
2481
5157
7059
8167
9079
532
5891
8880
3323
1573
6223
760
789
4443
8181
2393
5736
985
9123
645
5042
7700
6360
974
2195
7270
6148
3921
1856
1634
1826
1076
5168
4970
2936
2876
8081
1862
7396
5892
5461
2897
9927
9336
5521
1564
6339
3688
8517
1069
9099
6903
1063
6360
7829
4780
8796
6085
5972
1809
4384
1970
7023
1689
9747
5147
5591
5818
1506
5304
4311
3874
3589
3230
5183
2144
7772
7023
5452
631
930
2459
5403
786
2535
4922
12
8807
7141
8155
4079
1996
5889
5586
1507
3491
5874
8238
9589
374
5972
521
2182
3213
6758
5225
3314
7832
1177
5684
7008
1772
632
5341
878
1925
6566
6236
9154
4824
5134
6784
8677
3351
1225
2314
7984
8002
1723
1691
6270
9534
7434
5077
4658
409
277
2190
4028
7310
1608
2180
7630
1456
1147
2306
1363
547
4708
9582
6924
9637
9084
4764
5239
9187
1844
8830
1987
4443
7240
5311
6109
9485
9413
7473
4338
5555
682
469
1648
4376
2207
1843
3216
2954
9154
7220
2204
8918
951
7436
3294
2140
4766
6633
450
2669
9837
5470
8565
1446
202
9585
69
6296
6070
8144
2042
3673
7968
5808
9865
4239
7933
2547
7429
7240
1548
2285
33
4623
6626
3069
3492
9804
2017
3968
4718
2780
7023
1668
5717
5211
1903
201
4174
2622
1774
6919
6883
1009
5178
8530
950
5142
7571
9054
4206
2219
9203
3209
1120
7552
5437
3941
4820
7133
6092
265
4279
2102
3425
9262
6649
6299
91
4653
2335
7732
8373
4806
5466
4629
5401
9024
9445
8095
2118
8349
2232
2962
9761
2499
3576
3813
547
8164
9774
7962
5381
7041
6530
1508
2639
4780
7584
5916
1881
4650
5051
2918
6719
6474
3845
4397
7743
6491
2150
6412
4495
6725
5014
7743
8033
1317
2341
925
5685
2836
5751
1926
4878
4373
2350
1331
8276
3957
1990
621
1440
3529
6214
7467
3297
9313
6243
3286
8653
9179
6069
4056
6014
3361
3466
8656
2027
8786
3475
1322
2439
6658
230
9044
8899
3125
8040
2345
4123
2514
6120
3786
4501
1529
4972
966
511
7546
4445
8719
5074
9054
2271
6505
6766
1695
5911
1516
907
3694
9304
9489
481
667
8181
4781
3298
7169
8568
172
1273
3897
9162
6139
3058
2282
9555
4485
8389
2500
8144
4481
4341
4756
6248
3385
4386
3725
2277
7203
7213
6523
1438
429
3209
6630
3304
3833
3347
190
7667
3341
8977
4273
7445
1176
9891
6132
3446
4483
2140
1426
3127
8407
5549
4823
5148
5725
4419
4796
395
9573
4891
1364
2958
4749
2458
8733
2930
6428
8978
5721
1137
8198
4832
4803
5503
67
7310
5071
3493
8254
278
7793
5063
5787
3396
3031
4879
8386
1482
7579
9414
8551
9795
8093
8449
7612
1314
2695
8718
1158
3202
7018
5505
6418
288
4928
3574
746
9319
5080
8414
9347
1303
2141
9295
7097
6301
7171
1352
9426
3854
4543
4945
1398
6307
2586
8402
6738
6353
7890
8753
4615
6352
2335
5052
3259
2287
8644
5498
8468
9457
4132
9066
6402
9165
66
7248
7654
8798
1352
1311
4143
1342
9292
7303
8658
2073
4107
111
7702
6526
6836
4393
1428
6327
3799
2995
8968
7089
6035
4810
7656
1672
2884
9968
9722
5476
8543
2233
6240
5338
748
7939
5001
6579
4609
3272
7060
5031
6393
1186
8180
8533
7795
1942
2621
9738
7637
75
5366
7071
8280
564
2763
6541
3654
2470
8458
9323
7580
3181
3530
1874
3870
2364
5777
8896
9392
4849
1717
526
5934
3936
695
4848
6629
9122
3877
942
7347
9984
7838
8468
6867
9169
7058
183
5176
8459
2924
2138
4814
7736
7451
3211
7656
6305
4662
5431
6164
3724
345
2788
8357
4839
1136
4343
9868
7914
9911
4531
8593
7515
1976
7596
5342
5061
5007
4701
5306
5593
3720
933
1924
9578
5711
8198
6485
7484
7192
323
4460
8446
4777
3622
9638
5050
110
2027
8032
2714
315
7261
8547
8392
3545
7299
5760
9854
7868
2594
1298
9960
124
571
4
9412
864
8778
9127
2938
7858
2384
722
9587
71
147
2737
8353
7957
292
4951
2979
6669
2592
5278
6458
2386
3531
6033
8412
2437
6630
9615
4597
9025
4499
8321
4206
3618
226
4185
1331
2899
5093
4855
7930
6539
8959
8321
3398
4561
7407
1896
7575
7643
8318
3290
7532
5293
3545
7025
7332
2745
715
501
1228
2769
6124
562
5571
1825
8531
4735
7731
6107
3619
80
1576
7736
7348
9919
3427
5210
2634
3851
5030
4733
2039
6954
706
1209
789
8913
72
3200
6853
8585
2184
4592
3626
5160
414
8396
2749
1572
6030
2672
4165
1468
4023
8238
1714
9795
7945
3626
3598
2122
111
6863
5470
6494
729
9169
9855
4362
1035
9617
4662
4530
9253
5033
7896
6983
4110
2187
9504
5030
2460
1062
7820
2357
567
570
2930
2468
9494
994
968
6445
9602
4730
8474
5320
9121
7132
4431
1245
8540
8387
536
6412
8009
9635
2214
8990
341
4731
5685
5757
4122
8568
9661
9049
9043
3112
5927
159
6239
7387
4867
41
8649
8217
4928
4522
6558
2575
7861
6977
7756
8259
6489
4073
525
1407
4348
932
8355
3940
2126
4763
5309
5210
2323
1033
5069
9425
6276
6009
1205
4271
5005
1153
3519
495
7763
9792
4707
7691
2431
7766
6869
8707
8001
5863
2078
5588
8523
7635
8764
4994
1803
2298
5260
104
4731
3439
5893
3894
9453
7133
6298
1852
5772
3484
3253
5336
553
29
3644
4555
6225
663
1509
4360
7894
6602
7208
6460
8955
9480
901
8641
7244
6210
2468
2707
5892
3415
5763
4323
3898
812
8238
5297
1467
5016
2934
4517
2609
6741
5035
8494
3990
4208
8769
1139
789
900
2209
8129
6231
9433
4939
9972
6231
7657
4608
9562
1016
546
9444
7137
4265
9321
656
5412
2425
6211
2892
2877
3668
2690
3850
2213
4445
2407
4650
3035
7441
1328
1917
4991
1206
7634
8092
4465
5872
8265
9066
3810
408
3371
3501
2063
7297
7898
4229
4669
3551
3356
8714
4577
8007
9332
4461
3540
5583
2726
5527
3824
3006
1572
2121
9688
8628
4452
5931
6630
1228
6191
9539
4160
7145
9082
2469
296
9189
1786
4915
6546
8178
9981
9483
4084
2613
7340
6983
1873
3173
4552
8882
3146
2737
5241
803
8835
1250
3812
3435
2844
1967
7598
3440
7360
3816
4554
7432
8925
6862
4165
4350
3796
7810
8980
5646
3025
2088
8036
7074
1287
7469
4057
3457
6676
7309
6393
1422
1903
8278
3633
9046
5376
8351
2070
4579
579
6540
2123
267
8058
9907
8058
5011
9008
202
5086
5335
3756
9595
7778
6747
3213
6738
2147
5375
7910
4140
6764
50
7423
3132
5528
646
3229
5118
8973
5444
5739
4400
5066
6485
9964
7768
9015
1380
9410
9045
4449
6474
2223
1057
7665
2308
500
6886
5832
8638
6204
6695
6669
6439
9775
2073
2844
4926
4379
7412
1781
3889
1228
9641
9596
9355
4529
1293
6782
5444
7722
767
5965
8864
9690
290
7827
6366
5466
3220
145
6342
9286
334
9240
9044
7731
8626
6709
7891
4924
4089
7000
1998
7263
560
5245
2581
1460
8309
7779
9207
104
388
916
5436
730
7805
6748
9485
4245
6478
9459
1158
7266
5439
4602
894
401
551
1624
5902
4583
8890
520
3633
3766
3966
1600
9130
5045
5245
4905
7157
5441
937
6238
8898
9417
3803
8314
9925
1878
7224
3646
8446
4629
5842
4732
1824
5957
4350
2180
908
6684
1877
4623
1214
9868
7283
1670
6763
6205
7617
4439
9000
1572
2302
5717
6328
9200
5704
1476
6598
2237
1698
4023
7359
5244
2073
9003
7924
9234
9775
3173
694
3065
3996
472
3564
6314
5024
9030
2134
2132
1550
3720
4260
2784
4645
6873
2326
125
8403
2623
252
2873
5582
8671
4985
7853
7264
5970
7794
8279
3746
7529
6430
4444
3744
5934
7576
1829
2152
14
4176
6674
9342
4465
687
7978
9763
4574
598
5200
6676
7799
830
7151
2920
7820
7483
5325
5486
5711
9049
9054
1235
3854
8386
4020
7290
9816
9039
8711
9297
497
7972
8389
8447
3578
3531
1116
7983
7007
8090
2689
5371
2594
1602
5947
6698
9278
1523
5923
8451
2250
6342
6441
964
5122
5438
5487
6078
6667
688
9947
5535
1887
5902
6179
9826
2441
8704
9342
4289
6366
7342
8479
7620
6360
3682
8641
2252
2439
7321
8011
8292
3115
259
7046
4154
1530
7424
3324
8139
8044
5038
1316
6318
8143
7154
3484
6691
5423
6120
4257
574
2181
1634
2084
4908
7862
8820
4604
1440
6797
3235
3639
9345
2676
1654
2419
1627
8855
2025
8296
5016
5379
1202
6244
1328
6026
2161
9477
9206
197
1949
6828
6318
3064
7437
6110
1481
8174
2138
6291
2709
2820
1884
1342
4808
1398
1970
3641
6488
4735
1857
7836
3397
7824
9241
5194
978
5389
756
8882
5701
9343
5398
1242
4847
6406
7320
6281
5239
5544
937
3452
6717
5733
5586
2195
3495
9860
1435
9929
4055
8519
2989
4470
8340
4113
3431
8494
3822
2242
5131
6091
7418
3256
589
3366
7422
641
6495
8402
4078
5688
8401
943
3797
8404
1118
7663
2237
7045
1699
1118
3953
826
4826
7181
6353
927
2901
733
2975
8825
2458
2996
412
4846
6034
3461
5144
2219
4773
2853
3365
3033
5850
8366
118
2045
673
9936
2995
5767
6256
6777
543
4013
2137
6591
8429
3408
7013
6495
7740
5761
5426
5253
3230
5405
531
8951
2370
7657
2519
18
2271
8845
7753
920
4975
6459
7063
4307
253
2965
7738
7208
2568
5680
2453
6399
2708
9442
5031
1735
5206
8278
5113
7604
7606
597
5136
4712
1514
1722
7566
5337
3247
6238
4506
1697
6259
1217
1616
1969
6344
2706
6241
4774
8022
8218
2684
7549
2952
4132
6242
2928
2625
783
4811
3993
3732
149
3313
4377
1323
2350
2792
8531
5399
2400
3961
6330
1174
755
139
1490
7825
3062
5391
2500
2037
338
9581
9388
7913
7586
1760
7382
5479
4638
2712
2463
1427
513
7964
6110
7904
7238
646
3994
9913
7709
9375
5621
4257
6353
6375
2196
3993
4751
5102
9563
5392
2311
1955
3394
567
3924
6464
3736
589
5410
3051
761
9688
1497
4903
660
2790
4028
3586
587
2415
1397
2586
4327
962
3959
5131
1560
1211
9564
3389
728
9536
3149
7070
9115
8557
4570
5542
3979
774
6910
3404
4503
4658
8614
5933
2759
1450
5714
9405
9964
1164
4514
7147
3995
9724
7628
2431
6608
8793
4904
2525
1025
2021
2322
1224
6539
4426
5787
2103
8220
8485
9606
9813
5505
7992
8083
9668
2348
8026
2371
109
5496
158
3424
9563
5021
6001
3075
9391
928
2138
8934
5186
5870
4384
2379
2481
2335
7389
9394
8333
5662
3611
1184
1478
1557
4700
1642
6002
1640
7960
83
8581
6421
4794
7028
866
8596
2759
6203
538
1350
6396
1174
6082
9551
4420
3943
1120
5613
5601
7332
4958
8632
4038
4446
1885
8974
1945
8005
320
4358
7073
7750
2968
2054
352
8764
1075
7356
1512
3885
9576
1186
8855
6982
9266
2436
5102
1927
7137
757
521
388
6038
627
5124
9949
2383
347
5143
1892
6651
4753
5882
6179
4277
8645
8206
4027
9198
5655
2867
3764
4101
1716
7756
3772
9776
7056
5179
9448
3871
17
868
9563
3837
6684
1712
2341
6929
403
6381
727
2212
9620
7233
4822
5303
2676
2704
621
4230
1074
2729
1481
7889
6757
6287
4321
2870
1352
172
5326
5168
5695
8020
6633
3885
6319
2342
7593
6933
5864
7098
8794
9274
2140
1552
4480
4482
2934
8468
7099
4351
4558
5217
2797
7288
9386
1673
7079
396
7390
9470
5576
230
1054
5559
6516
1599
600
936
8984
334
5111
3688
8365
3976
3934
2207
5749
5204
1806
9838
9936
2884
3073
974
609
478
5223
9344
4499
4646
5262
7196
9542
6394
1521
8563
8219
6580
5035
2881
3882
1998
9484
6765
9240
870
6851
8821
3353
7179
5923
1874
8590
7551
9534
2692
7157
79
4950
6038
6376
1255
6437
4338
5072
7914
4145
1971
2454
5370
3987
9168
169
8925
5956
7938
3399
6307
1733
9738
3627
6402
5991
7319
8722
3387
8606
1991
6860
8828
1406
8140
1630
8997
6504
2626
5561
5146
1693
1326
6725
4879
6366
7982
3192
6755
1705
9664
1595
1595
9293
850
8345
5211
2411
9974
5264
9117
5615
1684
9308
2154
5110
3626
3964
5847
7538
1172
2421
3330
2377
8253
4614
407
3013
8747
35
8009
4127
1967
1681
8941
396
5264
9535
556
9794
6419
6585
6529
7362
6443
9530
8
2017
4571
9768
2739
4017
7345
9217
532
7243
8265
9218
1039
6235
7938
2197
3663
9938
7255
4990
3648
2
367
1758
9846
4091
3408
6052
1118
4586
5891
5967
5933
8722
4606
8390
8442
8978
7295
3991
6782
2750
1149
1698
2130
6045
8495
4320
1856
4222
2922
6590
107
1453
5882
5
1650
2812
9922
8648
609
1292
8098
5946
1351
2297
3285
2317
1629
9547
3754
4685
2643
3263
8207
897
8853
8668
9627
3800
5596
9087
4196
6896
1664
9300
5860
4479
2840
4600
6739
5629
9056
8647
3382
5489
4651
5202
346
9833
2760
6178
2691
2308
467
8236
3947
6843
3245
4984
1151
2981
3185
6121
3051
1521
7095
1202
4282
2051
6436
8805
9476
7029
2808
8124
5629
3995
9881
2718
6246
3651
8322
9793
1040
9418
6396
1888
6428
3427
5352
9017
1234
7855
3448
3757
2444
2934
5595
1860
8393
3448
920
8294
3396
3954
6701
5661
9499
2343
2607
9952
6961
527
8738
7500
4658
3392
5080
3633
5124
5207
4774
854
6698
7419
7571
1620
3580
9050
5680
2694
8399
8020
4324
2797
2730
27
6396
7085
2717
734
2388
4084
820
5400
2055
706
9117
5948
9099
9052
7854
1961
6736
3186
8674
66
1596
5977
6383
5080
2081
449
6662
9913
1552
8940
6203
5940
4769
4630
6995
7995
916
4389
2819
689
34
1298
5364
6864
2503
7632
9951
6628
4840
6437
1284
1137
4122
2664
8431
419
701
7636
8653
1938
7422
906
3847
3114
4503
3177
1178
4468
2057
9859
1045
2347
367
7985
31
297
613
9519
2577
4449
498
34
5073
5114
7656
5065
1817
2105
6199
6575
7293
3280
5735
880
3267
9127
7450
2249
2361
9325
6454
5483
4571
4980
5392
8936
770
6137
2632
8133
9806
1182
5059
4204
1440
7387
5833
8733
5457
9437
1359
9072
8269
5481
2565
7765
6611
9486
4717
904
2847
8363
7158
3251
7994
5014
5463
92
9721
8720
4294
5680
9472
8065
6769
6110
8220
1531
9439
5880
3294
8717
6791
2923
7966
7381
7214
9089
2414
7627
2325
1284
1420
1728
5286
1442
4024
1807
6209
6425
1923
5740
9011
6737
5142
5679
9600
203
8712
6455
9544
5080
46
8837
7609
4129
1571
4234
5285
613
7800
6374
7677
2094
6394
3010
4259
7744
2778
5326
2086
6412
5321
3013
3956
7554
9706
54
7780
2287
7781
7010
377
5959
8083
7245
1237
2582
4119
1157
9871
9789
6522
5596
8625
5549
8062
6917
342
2132
1419
1855
7425
3385
4368
3131
9758
7032
4880
55
4422
1517
6454
2997
2831
790
5996
1718
4010
9149
1773
1677
3625
1620
5455
2297
9890
9725
4388
8407
9491
2789
9711
5648
867
5925
9584
6991
1590
4951
7486
4204
7702
4064
6734
8353
3334
3524
2764
7834
9552
6344
2906
1193
359
9742
8230
5804
7930
2071
3241
33
2644
6472
563
1633
1805
805
2130
6906
1205
9005
127
9058
1662
7568
3974
9560
4885
7101
8962
6365
6960
6553
8855
3146
9882
8518
5289
1125
7695
3780
9060
9519
1710
7453
1560
1229
3500
5101
6547
2528
1394
5858
6629
547
6217
3847
9530
2790
5767
8669
918
829
3108
6875
3073
6090
7617
7416
1750
3287
5516
1004
9210
7424
9944
607
7348
4209
6007
2744
6060
9784
553
6433
4970
1101
9924
8308
6929
6034
8987
2498
5357
9025
2861
8231
6410
4834
4380
5470
3612
6083
3350
3260
7012
390
6647
9204
602
5609
6499
5321
6783
3022
2609
1134
275
6675
1905
1971
6166
9309
487
5715
4300
3018
5646
185
4563
1712
4197
2513
9829
536
9132
9976
6433
7293
9421
4580
4453
719
7705
1319
9534
3666
5714
2334
6416
1727
7956
9735
2929
2408
9304
4303
5596
7634
8960
3994
4743
6462
4641
8890
1412
3986
5491
6246
3890
2632
4700
2982
7254
7324
7518
5446
1603
9167
6180
633
7303
3311
3769
2836
3756
4461
9583
7421
1232
4829
4379
8798
8333
5427
9837
7991
6078
8815
9906
5548
8174
9467
8444
3783
7026
4974
2481
5605
4890
3857
2700
6429
1453
8326
6690
1431
2692
1804
5134
6951
4403
8070
5014
9061
8253
5901
4649
1827
7486
9526
9368
2787
9260
632
2459
7835
4867
9985
5809
8782
1980
3977
2531
7375
2129
7950
7345
7
8736
8406
5298
4273
3681
2955
1144
104
4453
9382
5530
1125
324
653
8118
5363
4488
9912
7168
821
5866
8854
6563
2706
5995
6352
4970
425
5539
7638
6932
302
8556
4641
3090
9080
4228
5095
9106
6304
9487
2355
3382
5484
4455
4684
8457
1326
5858
7167
2886
2217
781
6523
4140
9881
1842
2591
8277
7329
7985
719
4564
6814
2450
5227
2568
5683
7563
9038
1135
9392
805
864
1333
3511
5472
1078
8251
1310
7895
3643
4566
8371
4752
4715
9520
2032
501
3208
7237
1636
6817
1777
8319
8768
7790
6567
3034
9227
2115
2773
3763
6820
6032
3493
1411
9917
5190
629
4409
763
4340
6967
9434
4341
6152
6192
2062
7734
5707
535
5181
4354
1800
9498
2575
9027
2544
2564
5720
8905
8044
9023
9194
5121
9880
7746
2339
1258
3303
9602
6842
9872
8799
6474
7296
9850
2343
3977
2616
1597
4504
5299
3520
1580
7592
9408
5019
6533
918
2383
7372
2625
4908
5504
2719
5316
7772
4313
4461
8406
3853
803
4431
6104
3693
5309
5555
5326
2201
2724
6684
8567
9948
4122
4400
2745
5502
7614
7528
471
2726
5805
339
919
2230
4216
4964
3295
3755
1979
2078
8030
9515
4209
7744
3701
868
7416
7886
2282
3853
9693
4331
8193
5699
8805
2677
785
1104
9973
9813
157
6784
3990
5679
8047
463
3511
3873
9477
345
2260
1571
222
646
8654
9051
5738
6378
699
1877
8086
9728
5246
6617
3033
1473
2146
5220
3424
1538
4178
2191
3781
2166
1920
1246
5525
8529
9697
3237
7356
3542
8408
1937
1593
8121
4109
7547
7045
9753
6938
4406
404
8096
1727
429
1538
7372
2646
6573
8317
8291
449
7938
6166
68
7790
8055
8725
7408
3525
7208
6681
7461
4520
4543
1320
3308
5024
4911
7364
4598
8174
3670
4600
9771
1786
5684
438
1491
9707
8153
5883
3123
4919
9065
3093
469
5770
1524
331
6053
8821
9637
6227
9729
7725
2942
3575
7184
9108
8229
2347
7735
9209
3719
116
6778
3338
6394
8282
2105
7617
7234
7700
5372
1325
3557
2542
5454
1450
850
7537
3499
4579
1310
5777
8537
7442
4870
2046
8843
2108
3254
2382
1478
5806
8148
3914
1199
8949
6314
7130
9376
3241
8226
8436
1587
1937
855
8404
4167
400
8120
5733
8258
691
8847
3155
7899
7942
1578
9335
8468
4348
9439
9996
4362
4851
6221
9565
3177
9643
1342
6505
5135
3720
8161
258
6353
2873
4189
6600
6587
6465
7878
8442
3987
7520
4124
786
6958
4992
6014
3257
7370
6979
8662
5027
3802
8230
4074
6735
5715
1289
5227
4524
9057
1615
598
4537
2530
8589
6802
5025
3752
4978
2748
2002
6470
996
6008
6841
727
5435
2607
8184
3628
8084
9135
8155
5057
3133
6455
8122
8799
7454
884
5297
1238
3353
9385
2372
6922
9586
8256
8369
8189
989
9505
2391
4231
6659
8557
2806
2221
7232
6008
280
8682
7042
895
972
2480
2442
9479
9396
2134
8679
6226
6298
4094
7451
763
3116
1611
3635
9919
1140
7178
4238
9995
2639
8579
6743
3924
8398
4576
3649
5901
1567
1445
604
6614
4196
2458
8412
9892
4479
106
8859
6234
9510
4762
3207
8297
6780
5895
5440
1194
8586
7312
4867
3101
4444
7046
8255
2392
5736
8518
1081
4819
8484
2778
4658
4852
3490
836
6567
657
3198
3742
5439
1033
8318
8003
484
7877
5372
8445
7144
2503
9135
2454
7314
4254
6578
7502
2169
7149
4203
6019
4156
5961
9025
4040
7750
6731
103
8355
4807
5943
9328
4782
7996
4843
1873
3833
4783
6441
6562
378
7020
7290
1373
8578
5684
6030
5463
404
8273
5987
8666
9417
6454
7178
9586
9478
2008
4278
252
3752
7773
7017
3638
1201
3174
4352
4458
2471
2381
2744
2719
5728
587
3824
8999
6865
4588
446
8356
1720
1268
9699
81
8819
7276
9910
8328
817
5256
2395
1825
504
6188
2809
2605
2
3652
172
5403
1331
1572
2992
8023
5529
3268
2938
8830
2630
8179
2721
4889
1561
5922
8532
2484
8073
6936
4818
3924
3263
6024
3640
7215
9986
918
2214
9539
7778
1219
8996
3212
4415
5043
7024
147
8276
1676
4551
5550
4337
1080
5697
2638
2534
7505
263
4581
7655
324
4531
3066
8833
6247
2139
5306
7931
5776
8036
4610
1053
3398
1051
1410
9182
9509
474
6518
8897
8385
4208
6397
2385
9267
9586
2182
326
1002
4680
2480
655
7632
1884
7453
6688
5930
4378
8167
2903
1717
2216
2499
3639
9940
4497
939
28
4287
3455
3025
7031
3744
5683
9270
6116
8133
681
9566
6661
9957
4980
6929
1096
5556
3955
3420
1514
3598
4722
3252
5130
2306
3615
7180
6169
1708
2758
2444
4770
8647
2153
6039
7547
1655
5449
6910
1948
2613
1336
8554
5248
4812
1506
2946
6737
5286
1402
8083
5985
1076
9424
6430
9564
202
7894
4724
128
8503
3101
4408
5375
8236
4795
8013
7803
8940
9382
9441
106
7044
1472
8901
2262
6168
8003
318
799
669
442
882
305
4675
6459
3694
9223
5723
6474
7344
3760
724
6782
3445
9511
6928
3178
7011
16
3493
5142
7796
5904
1961
7976
8941
9604
523
4168
3396
2198
7575
3925
9459
8061
2219
4102
700
1777
1100
8790
2079
2466
2037
5680
9381
262
8026
9389
5333
2989
991
301
7306
5526
2645
4977
8344
6698
7517
4090
8700
1555
3077
5146
6185
6799
7323
5383
7292
2826
2477
5234
8916
4703
3063
5330
3867
6281
8595
8678
1577
1133
8834
406
1206
7273
6619
3932
5415
7241
5758
4002
4259
7010
90
523
9388
6890
9495
2582
2939
2643
2096
2507
512
5757
1385
2602
2463
7315
1110
2062
8102
8839
2513
7566
2721
2671
3940
8911
179
3390
9967
51
7067
8475
974
1906
4613
2539
5942
6977
6785
6012
5739
8933
9037
6326
9894
5448
5888
4016
1469
8100
6131
3695
5899
5420
4496
2523
7802
6717
2950
584
2402
9548
2675
2044
5440
2036
4783
9479
7989
9923
1373
4132
5277
2090
3099
3579
8528
6394
2776
8491
3022
6162
1921
1867
3920
3372
2575
5553
7409
2089
4736
9224
4026
6200
3610
6191
6258
6992
886
7857
664
6409
6027
1545
6727
1998
8417
3809
2321
916
3994
1408
3940
4458
7561
6240
7626
808
8124
2067
9460
9230
2069
5900
5186
2148
106
9076
8480
6908
7321
1535
5507
4918
7827
6613
135
376
5139
1922
4954
8766
3231
6493
8094
3328
5284
9568
8638
7369
8564
5449
8868
8818
8396
1434
4339
126
6358
4579
1892
9341
5329
5413
3594
2459
5900
9021
6631
948
6104
7250
5668
6202
7113
694
5998
5576
7805
1858
6863
537
437
1110
8343
1872
2667
6689
6521
6393
2274
8
4018
560
29
5612
3437
7818
2898
5635
7427
6262
2937
7690
1265
1314
9781
2666
1705
7702
5435
8763
2321
4499
7715
1354
8903
4219
7069
1722
9791
9211
2499
238
8674
6095
3232
5108
6172
1500
7257
8180
2677
2170
4430
601
7600
2746
9844
7029
2090
1
4983
8819
957
3510
7687
9518
2845
8675
6709
9217
749
1176
5844
8216
3763
2698
9016
5170
8081
4673
6493
205
445
7254
6086
150
68
7114
3753
6156
4374
39
9631
9790
4228
3680
9280
5163
8407
3713
2262
7496
4791
8039
7431
1500
6326
6214
6838
4901
3730
4674
8948
7417
3507
4778
8374
3703
7424
7536
9449
5731
4921
552
4842
709
1544
6054
3988
82
3418
3852
6762
4367
2410
8997
5413
2405
9823
4585
3824
3853
275
8852
2426
9700
1091
2213
6282
9449
5306
5577
7739
871
4264
6531
2575
4239
3197
6721
9956
272
2226
6755
1483
9878
7912
4580
5007
4510
9364
5968
3879
2839
3711
5595
5455
6069
8125
5142
9617
9330
9771
4538
4776
7841
6113
5890
103
5878
6421
1174
9208
3101
4628
3552
1626
3520
7368
2547
1788
6511
7206
1771
84
9337
1697
4899
7159
8668
1075
6506
6113
8054
7103
625
500
7688
1979
3642
3765
2021
4476
9128
8088
8190
6760
777
8210
159
3968
1935
8700
5578
3353
3106
2124
7999
4453
5438
6143
1213
8731
1435
4802
9915
5061
1153
5998
4003
3052
3938
1541
3725
8782
9766
2034
8078
3682
1894
2576
920
6689
7000
4699
9140
7805
534
4700
3997
8501
2500
3234
6540
7499
2552
3289
3041
4325
8173
3129
5607
4779
4207
7107
30
394
4974
6796
3587
1071
4046
4316
2559
2862
5222
4523
1731
6735
5662
2110
4526
6452
2000
5501
551
704
5000
6226
6229
6476
8993
3752
5509
8764
6969
6141
2481
9892
4669
8746
2830
3738
1113
2925
4455
8184
674
3678
2276
8028
1558
6305
8663
6063
8602
9154
2778
8706
6556
9325
5393
8748
566
7110
2078
293
8807
3794
5892
9081
2042
1838
2066
6915
9279
787
5338
9075
1045
2366
29
1322
3949
8201
4918
2687
5088
9446
161
7814
3362
3775
3336
5343
3353
4081
3172
4003
846
4161
9377
6879
7785
3195
5986
9720
4239
1748
6783
7815
3816
3703
7660
4189
9295
4070
4799
2364
2191
9391
5204
9360
3632
8077
5718
8266
8501
6723
3561
5198
7615
1334
8228
6883
2989
3150
3537
753
2215
5198
8448
3340
2663
2346
3998
9658
6115
9147
6047
9283
9282
807
1811
1455
8957
16
3246
9707
7476
7719
1218
7515
8186
1585
200
2481
5475
776
1200
6145
533
4045
149
6993
943
1864
6697
1286
4078
6059
2150
9354
676
4278
5915
6807
9523
6773
7926
2972
9903
3829
3277
4495
3979
932
5153
1077
2146
1517
4183
5339
7946
9901
8749
5237
658
4817
511
7092
3318
1960
5629
1416
5568
1863
6839
3908
5669
3392
2958
8702
2849
8227
6241
6704
767
5653
3014
11
6711
5619
9139
2561
1876
6811
1407
774
5528
677
6148
4705
6261
834
9653
7943
8200
1860
8926
2115
4092
1244
5408
8754
8559
5481
2489
9719
3659
2045
4469
5005
1803
500
381
7699
2820
3067
9540
8757
455
6064
8380
4992
7243
8252
2440
2015
8573
8298
8504
8907
6726
898
5918
5466
211
385
4002
6394
4322
1688
7114
3482
6207
1143
2901
5761
452
1954
5122
5132
2319
169
1660
8027
2864
416
1510
306
3040
473
1145
5361
3541
5562
8278
905
4581
4915
7487
2434
9065
3145
4434
8767
8950
4897
8784
6100
5351
6679
1562
6618
3175
3371
6587
6556
9238
7890
2601
9795
8875
3695
3353
3848
542
1753
9941
645
2864
1996
1179
5537
4467
2688
6066
9174
5735
2892
9077
7967
1631
5409
4955
6361
8910
4527
2185
169
8975
1721
1667
6690
2313
7692
3559
5369
9791
585
8224
7196
4956
8138
3236
3354
5499
6025
2151
487
7304
7413
821
6345
8813
4634
8163
3466
8740
6992
4937
6015
9568
9771
1670
1142
329
4488
3223
6775
9128
696
9382
5149
4668
1881
3010
3493
2172
1600
862
2885
2376
1698
2865
1562
900
5321
7877
7679
9528
93
6629
2799
5647
2208
7628
5185
6468
2094
3025
1010
2801
5375
1358
6607
8030
5672
1676
6931
1623
4670
1293
7140
6129
2052
3639
7870
6905
108
242
5007
6610
5544
7246
9035
4067
6582
9501
2459
4253
7825
7024
78
8574
9851
83
7000
339
6257
3531
5227
3644
946
6055
4858
8799
9489
6669
3594
8569
9758
8279
6360
1851
8018
4399
7257
8129
2322
2540
1447
6170
9217
2678
3798
7646
1214
8565
6278
1969
6639
7530
648
6576
5014
1362
5664
9489
2387
236
4578
9913
5906
3889
4495
9545
663
8227
556
5452
2826
8870
8017
3717
2084
9057
4427
8268
2256
7212
7585
923
391
1625
1930
2227
7631
9784
6837
6655
8735
7768
5741
2086
7961
1534
263
5327
8182
4252
6982
2987
8008
825
9142
7768
9513
6931
4492
5956
6935
7396
7232
5175
2651
3654
9521
4281
1959
2267
1914
879
1389
3901
6716
5058
3128
5930
5755
549
8794
9099
85
8004
229
4597
2914
9565
2482
4161
2714
699
5291
880
9720
1338
536
566
9435
4306
2013
5982
3367
5915
2338
6103
1597
4107
4109
4084
4640
3582
1176
3942
7162
7835
7310
9227
4945
8053
740
9955
1798
7798
9553
1215
5587
509
4180
5378
4521
2561
6495
1448
8536
2812
5732
4170
5666
4126
2999
8807
5456
8398
9520
9131
9523
1348
3717
1885
4028
1308
5621
1381
3566
2057
4184
5569
6361
1122
515
1088
9926
8730
9562
2078
7086
9728
5406
4350
2102
3140
3561
819
5053
1933
4498
3400
8277
421
1692
4238
6791
2295
1349
3213
6940
5114
7881
6479
8628
163
7808
4543
3610
1911
8880
6725
8835
7442
2045
9795
5942
9367
9782
887
7746
4801
6327
1633
7558
783
7291
5940
9430
6277
4296
7630
7381
6349
5137
1972
1846
8927
5722
1939
5331
9018
7208
3141
3052
7772
4564
835
8376
1897
8296
7424
2513
461
5467
2138
8786
6248
8920
7844
2871
1868
5112
7333
7614
1249
9344
2486
2305
72
7948
7015
3645
7842
5556
8727
7592
3185
8580
9786
6219
6456
7564
7533
7981
6872
5116
6919
881
2998
3186
5598
6
7878
9068
3463
3906
9875
5527
1803
8428
2078
8529
8304
3948
1280
3778
4671
4905
6740
4546
5600
7667
9134
1624
6414
4304
7578
9352
742
6132
2425
1604
9306
6885
2349
7008
5766
8773
2093
4820
7717
7658
6777
1358
4140
7926
9260
3585
6700
3093
445
2013
4141
8452
7586
7931
872
6253
2653
9159
6328
523
4784
5670
6002
473
9223
1418
1598
4271
8012
5897
2811
1919
6828
7941
889
7776
7484
8488
5043
3993
2651
7648
5687
411
7463
854
9299
4418
6136
9513
6120
2934
8492
7193
2874
1106
5355
3666
8703
7841
1986
2428
5081
4547
9202
2221
1623
9645
7041
3096
8769
4165
4115
2334
7872
7136
9982
5591
3010
8369
2119
7179
8135
8498
9777
9877
3426
9635
5067
9783
2420
3817
9784
7202
2006
222
2566
1140
1209
5241
9230
9653
7377
3039
744
1954
8818
6157
9321
5737
1123
9764
656
334
5722
4806
4293
6582
4769
9324
8795
1988
4578
7258
675
4951
4380
6912
328
7649
4569
8842
4381
7768
9138
2465
9802
5095
7754
7822
1058
7268
313
9329
8659
2656
3160
9450
1480
7199
5929
5984
6371
1885
6446
7241
5075
119
2364
5792
7574
1906
5829
1671
1168
2281
5382
2887
1195
3256
5004
9197
8827
6946
8265
1526
1674
5248
8599
8018
1790
4929
5432
3128
1720
8584
2471
2496
1322
1896
7389
9683
2731
1962
248
9152
1439
8642
8160
6377
7274
273
8255
8223
2195
6731
7156
9424
3619
4919
5567
9827
1520
4345
4001
2644
6473
2700
9951
2583
9809
2885
1565
9298
5866
5321
6466
6864
6697
9113
87
3032
7087
2221
744
1517
6673
7208
932
4989
1428
3046
8877
6403
6329
7562
8162
8386
7961
7603
2679
8738
8691
5577
6567
4389
8708
8957
2356
6874
265
291
2726
4506
4832
2535
2739
9298
3600
2483
5971
9264
1767
4961
1155
6763
4007
5162
2968
8304
7158
8080
8903
9094
6433
1348
4340
1510
5653
6355
2809
7716
4852
4058
4724
1136
320
4371
1570
3794
4823
8863
4785
5478
1632
3414
6970
3729
4422
9804
381
3546
5988
4052
9715
2184
1388
3632
8072
3483
8194
1228
3645
7245
9673
8254
4412
7709
237
18
6442
9636
3591
9174
3480
8294
3294
3425
7462
3019
4378
611
7088
5849
5973
9263
1727
799
4342
2539
9748
6687
6298
8087
5600
3594
5218
7539
5804
3377
9001
9261
3491
4403
3361
744
9955
6814
571
1420
8890
7963
6170
5052
9104
7582
4140
7796
1272
409
6526
3612
3366
7698
270
9755
3338
5503
3574
9886
3076
5755
7620
4084
4017
5117
7119
2685
2487
5228
9308
4913
228
2922
3649
1784
517
1245
8983
8017
9454
7422
6266
5394
6850
5389
5894
5793
4132
3606
7406
4451
3240
685
8344
3134
342
2086
1035
3987
463
1454
5308
6043
1101
1613
3384
444
4049
8485
9237
2092
6519
5556
431
5654
9488
2225
7233
8628
9222
1326
8552
8881
7822
4856
1673
9542
4578
514
1442
8431
210
4996
7554
8000
2113
223
4293
5237
2004
5450
1744
5646
4368
5313
7932
7683
254
2689
3645
8116
4852
2406
4764
9137
2901
6427
8221
6244
9939
3841
5865
3534
7043
806
1882
1523
8002
2431
3541
9265
7932
1995
6623
3771
9582
2906
4512
2508
6924
3989
9288
1888
6868
3326
3578
7803
231
8417
5098
5685
2002
8049
5297
8163
9584
8209
8603
3561
3431
6408
9680
7823
9148
4380
184
2857
5783
992
9554
9995
1915
5712
9319
5949
4553
3977
6666
3717
7228
4078
1292
9585
7332
7855
7263
9882
6697
8460
4187
1372
4303
950
9077
516
4309
1465
2739
2488
3141
721
2020
9238
8862
5102
3770
6289
8730
9347
3609
5607
1543
4886
6333
9352
5115
95
490
1293
7116
301
6159
7322
6805
8182
5692
964
6635
8803
1640
3088
1237
4177
575
6506
2058
2053
723
2229
4085
973
1152
7349
4850
8579
9829
9417
4616
9724
5400
4213
974
1446
5371
2840
4562
4697
2432
680
9410
2805
9654
9927
7707
521
4369
7365
4310
9827
7294
3062
9372
8260
7207
6143
9148
8809
2471
8225
8352
6274
6347
6910
3402
7426
2113
9790
8805
7734
1944
7360
9620
43
2818
1279
1318
1225
9642
4329
4210
2463
5106
4789
2429
2338
4841
2713
4238
9228
3692
5752
2226
4207
2327
3136
6458
2743
6524
280
8407
4579
8560
6576
7883
9933
3441
9328
5441
5928
4824
7922
9166
8142
4015
5888
1168
1557
4480
1064
2584
9399
5551
9577
4042
6191
5134
5413
7715
9682
4820
8574
4701
9362
5921
9631
3903
8530
6906
2496
8896
5512
7271
8310
4403
5769
6586
4083
192
6438
1967
4900
8262
5460
7695
9007
9027
8983
2533
1691
4798
8028
1613
5759
1108
6249
3221
9804
2220
4384
1985
2638
4651
1984
2167
7071
2128
7241
5173
8273
9605
1050
5221
1276
7714
9920
311
9241
1666
6913
604
4920
5996
5214
7697
868
3899
1512
7202
8153
2547
6781
1863
5807
4453
9329
249
6278
3292
623
6879
1785
3809
4260
2086
3747
2806
336
8044
1187
5938
3980
8138
5306
3780
7065
6641
9436
4287
1298
3172
615
39
7019
5725
2823
9187
9413
6822
8385
9671
4033
5948
1042
34
8818
1110
1736
3128
3949
8062
3562
3468
6014
2215
8567
8642
6556
2027
7388
2687
812
1991
1993
7451
6264
1746
6790
8534
9262
4560
3393
3514
9658
1516
1904
8031
7095
5272
4961
5954
4905
6308
337
3236
9609
7147
4025
4803
7157
4180
2630
7385
9434
5697
8858
2042
3954
3591
3769
7072
4319
3201
3865
9389
4668
48
3809
4497
310
535
1547
1284
7066
1433
7782
4503
1653
8757
7841
9116
7720
1986
1376
5081
1930
6007
4079
3961
2657
9862
4076
3504
1502
7889
1634
1703
2443
948
8567
9561
3338
9527
4493
6622
2633
1345
319
8001
7914
4354
388
5197
5749
4652
9351
2333
1824
8783
7459
8661
5968
9847
1839
448
6458
8042
9781
9176
9798
6078
2060
705
189
8280
5778
8192
7493
4754
2448
584
5688
6078
6046
8302
9474
8879
7754
6849
8537
9301
9879
3659
3489
9906
3592
3490
7688
4045
163
4590
1564
1142
8202
1835
2294
9682
5008
7469
8873
1158
4840
7069
6335
6874
2973
9890
3800
3536
973
7579
288
2931
639
497
6199
8400
7216
283
4687
2288
504
3448
4591
7857
9020
4546
7875
4211
6008
9792
3871
285
7976
7378
4460
2809
7324
6614
6933
3702
9689
4151
3071
2583
4302
8632
502
7705
5636
3893
2466
4725
2782
6585
654
1392
2478
8478
7854
8426
2014
9589
7528
1181
3708
2
4955
3260
6036
3390
1076
601
3349
985
2598
6352
376
2008
3554
388
4043
170
8574
2114
7325
9145
7502
1390
6724
3068
330
8845
8759
8506
1687
99
6623
1890
8874
4299
3676
7242
1669
2245
2817
1864
1375
1796
3986
4301
1015
470
4924
7466
4383
1844
1014
5413
3855
4562
2500
3565
6536
2967
3059
2231
1842
4843
9297
2499
9728
8486
3133
9254
6711
6801
8500
6329
9297
5461
7770
5705
7404
2422
2053
9860
3921
1292
4122
9843
9085
1210
8034
4312
1799
110
705
8702
9185
585
22
6531
2499
1487
4573
2528
7337
5669
754
7582
3344
4685
6115
8394
6792
6794
6161
4114
914
3199
8310
549
720
9454
3413
8518
452
8821
7454
6601
6095
9798
7144
8711
5438
1238
3206
5916
7848
9524
2523
8251
538
6540
6499
4399
5094
9639
7519
5005
3949
6590
7787
5986
2275
9473
5811
3045
8073
6054
2076
8515
8214
4153
1486
3545
7541
7403
2955
5553
3587
244
6265
1390
676
58
11
4180
2955
9014
3424
812
1301
2449
2651
9504
2010
1158
6436
5965
5427
161
7843
1794
7447
4007
36
6384
5053
2953
6858
7690
6683
1966
1417
3705
325
6397
5309
2217
9462
1630
89
9059
2630
1264
7214
5765
1502
1981
1535
6383
967
6990
125
3426
2401
4471
3942
6668
21
3626
9127
2
2155
5733
4128
9334
1031
8946
9179
5612
5848
4218
6503
3797
71
8783
9163
6183
6792
4270
4881
3071
1418
475
6723
9693
1840
7991
1303
5854
2455
8640
2195
5835
2503
87
6904
6897
7135
7879
4734
2556
2802
5922
534
6748
487
6328
3355
3618
5307
7759
9876
5751
8744
6055
8583
1680
9010
4435
7494
3039
7642
3325
3157
7207
2023
667
1293
9983
1879
2266
9047
8912
9536
2325
269
5495
9940
9974
9205
5512
4636
7685
547
4695
8764
6444
7090
6448
1503
5224
7886
2699
385
1695
4913
9476
2764
3327
4725
9820
5034
3371
1738
3040
8712
963
6215
6419
5785
3088
1739
9035
5230
1982
8403
9957
2778
8462
8443
5579
3576
4845
8479
6655
4379
6347
8526
7840
7412
792
2730
6613
5249
9385
477
1264
5946
7506
5983
7800
229
671
662
8415
3484
8851
7469
8403
3292
4956
6698
4302
4884
9145
6243
189
4891
5083
8660
2364
2436
8374
9007
4993
357
5126
3786
5844
1504
7138
4010
5271
2478
642
5349
2904
4183
64
3170
5528
8877
123
4548
2455
4094
8428
1728
6103
3141
287
6373
863
8846
3618
5364
1855
1664
5668
8058
8357
5064
1625
6898
6154
946
1426
1824
4242
3796
3339
6006
4827
1912
3131
3486
2313
3825
6551
