9529
2598
3314
5505
2528
4085
3573
5004
8242
3485
3765
4401
7459
3067
8992
3198
2712
1183
1831
7721
156
124
9825
1601
1056
7409
1723
3556
858
5584
6444
157
1140
5857
2964
3109
3116
7068
4770
9733
2651
2177
1754
7461
2535
8075
592
995
3298
727
3387
6610
7923
1636
2983
9405
2773
1712
4449
5119
2362
16
4146
2658
7041
3608
3260
1602
103
5882
82
5644
6413
2098
5069
7978
8369
2364
9066
2980
6816
727
258
130
2196
9833
2234
9504
2874
3559
336
1403
2618
9650
7371
2635
8031
9096
419
8927
4815
8990
892
7415
645
7742
197
5825
6566
5004
1036
408
2646
1469
8302
1634
9757
4015
461
7207
1374
3756
8728
6544
5546
8678
3026
6762
4726
2434
9947
9272
1944
138
8165
7825
9835
2842
9485
4453
9636
6408
2937
7869
2522
9927
8757
1149
1347
5737
2877
4015
8635
3212
7553
1059
262
4347
1869
1967
4716
3434
1099
4131
5057
1763
8463
2507
3303
476
1799
6915
4530
6007
7571
4965
818
858
4021
5619
9920
1877
5414
8989
9557
5931
637
8732
2585
7106
7563
5487
973
7517
9737
6201
5309
8805
2811
758
1463
6249
7845
871
3937
5962
9485
2627
5641
2587
240
9403
326
6249
2046
2839
8020
2109
4574
9126
1126
9731
9921
6197
2913
6311
5941
7012
6269
1369
9655
2012
8047
3262
4155
3671
4031
4543
5051
3595
6445
8009
3091
9997
6865
8159
5160
4723
5471
6898
8181
3199
4231
3685
9632
1732
6327
1648
7957
7625
20
2473
6357
4271
2931
8228
1356
7063
2094
8375
8807
3476
7058
979
2680
3117
6640
9924
9331
4754
1151
1217
1541
9371
3188
6455
7781
4361
3630
2423
7343
2383
6585
7425
3574
3972
1651
8819
7065
8636
6802
8097
2629
7095
8090
4705
6141
3251
1004
6515
5092
6403
2316
3203
6474
8802
931
6986
1083
6475
447
6994
3433
9671
1032
6424
6890
9632
7404
8708
1465
7820
2858
694
7951
3053
8588
4445
1280
8483
314
4529
3357
7115
7330
939
67
3382
950
4772
3040
4665
7736
589
8189
9807
4664
2958
6063
1666
7814
6509
5847
2296
5049
7272
3545
1621
5252
3420
214
6485
5705
2600
6161
5918
3637
6317
2340
92
6356
3508
8681
2632
5667
6799
83
2268
2505
8143
8389
5630
8382
9613
668
3804
8681
1060
2065
58
7394
8446
8129
7530
4558
6555
8959
5136
4428
2271
6170
8346
617
5970
5309
4305
7827
3214
6628
8250
7188
1276
9115
7109
5031
4583
8102
6091
1931
2356
7236
2576
4252
2281
2698
7910
5378
1151
8074
9112
7839
4947
7840
234
1973
42
5012
2412
4304
6362
5976
5467
4432
3815
2870
6117
9330
1020
2498
9974
8452
2868
3204
2071
5034
3593
4094
8336
3272
7398
8927
6676
5140
7516
410
2240
3436
8881
5135
4988
9571
5690
1787
5568
6379
1768
8144
436
9411
6580
8580
4358
8652
8100
660
4971
1743
5769
5199
8380
5948
6676
9140
6905
7435
9300
327
6915
3405
629
2681
448
5884
7510
402
2761
1080
7635
5691
3266
5448
3657
8924
6691
8818
4568
8023
7039
6856
5438
497
7666
3682
6755
9039
2895
6550
4882
8133
7079
1441
1229
7031
8781
3899
8131
8473
1142
7698
7898
3890
4107
78
1933
2931
2291
7751
2448
8086
2866
1276
3287
59
7966
132
5014
6766
9129
8470
7506
6211
6198
9502
8611
1824
4219
6625
143
2792
686
6095
6880
9341
8957
1547
6389
7588
1749
3823
6748
5144
4101
6795
5266
5802
8153
1169
9065
8648
8884
1365
9344
2672
191
1687
7692
4605
1466
108
8712
5665
7607
9656
7400
6771
4395
3946
1101
6418
3743
7426
5017
5305
1721
2362
2110
9402
4235
2808
3670
3049
7560
1495
3907
9321
6751
4208
9150
7270
3855
1783
6122
1640
5111
1082
7537
4444
9395
8495
1407
4207
67
2646
4904
1458
6348
4038
950
7829
9577
8289
369
8657
6438
5663
8105
6112
5749
8078
19
187
4796
3831
2563
1960
1303
3376
194
638
4824
7665
7
5740
1401
9463
2981
4913
6590
2449
2972
2712
3257
1320
7693
5565
1413
7464
5202
9447
2977
1424
8694
1316
8475
1220
9411
6236
83
2943
154
2971
3844
311
3004
1911
8282
4629
7255
6974
2681
3192
9521
3300
5106
7307
6929
3475
6137
6997
547
3839
8173
746
7661
3400
8970
8690
7265
181
51
6745
4829
3647
2294
0
8868
2946
8316
5782
7283
6783
209
8227
6766
9784
1903
5394
6210
1168
4290
5935
99
3086
2396
6315
4797
3097
2650
9604
2940
9591
7364
7073
6922
5935
8363
5874
1005
5105
8438
3983
5159
355
9713
3763
3630
9946
3979
7876
1496
3575
2480
6096
5890
4116
6646
1743
1250
5979
5202
5770
295
8711
2841
7691
9419
3135
1304
831
1421
6029
4389
1105
2729
307
776
9743
3372
8632
2685
4851
9118
4773
8107
9364
7111
1267
1183
2806
9289
6620
4623
5025
9902
2668
3687
6447
7513
2022
4343
495
8641
3148
6455
5467
9186
1374
3367
5583
3340
6902
8370
2617
3294
351
6652
5522
604
3476
580
8152
1951
8498
1541
4801
1405
9363
1203
61
6620
4328
2230
1350
4289
2190
6210
5969
8318
2640
178
5736
7900
5600
9466
2387
8249
2005
1731
9551
6016
8164
5843
4036
1442
6191
8543
143
1606
1653
4061
9822
171
3306
8962
9011
4671
7020
8328
1104
4141
682
7203
7964
3298
4843
252
6351
9031
9154
6552
9400
7632
1651
4044
8455
8485
8193
9907
8097
3647
6066
4362
6665
8578
355
5565
4593
6637
454
7715
1228
3676
626
5409
5333
961
7878
738
6599
5939
2191
1111
2452
5100
4661
2189
8519
9261
506
525
6477
7113
231
7457
8074
6319
538
9385
2942
9277
5658
9714
8576
1439
5323
5723
7005
6241
8711
7494
606
7455
3308
2157
1455
4954
1910
1564
3917
8166
7045
5332
6131
9928
1237
4115
3445
3169
7335
9014
422
8493
7795
7321
281
2477
2534
1013
9777
8937
5184
2277
550
3011
9919
9022
3804
8073
6001
3120
4409
8974
5467
4776
2232
326
3582
8648
201
1208
2277
3835
8906
9696
7072
2113
9660
5986
1876
8978
2419
896
1786
4979
2981
4767
4781
3119
9
2215
310
5372
7168
4215
4604
1447
3025
3019
5089
9954
8894
3886
811
8568
6660
1348
3371
853
5939
7806
9362
7817
6196
7022
700
3513
7187
488
1794
7464
5544
463
8638
7986
897
6905
6667
4691
5092
5624
9087
6640
897
1922
84
8532
84
3218
8319
