3691
5130
4464
4606
5064
9449
3142
9884
8986
25
599
6114
3705
4543
3014
9638
2368
9899
4503
9465
1929
1670
6516
6541
5010
169
6538
7210
541
8045
9869
5486
6524
6706
4685
7948
1834
2180
6976
7429
1846
4460
5739
2919
7529
5947
6903
8546
3264
1145
4327
1421
9440
3205
3654
2021
8614
7923
9595
4895
2911
5931
9342
940
155
5112
9589
6998
9858
5066
7803
188
2923
7074
7618
7469
5930
3596
9011
9063
3265
7991
3946
9396
3717
8448
6046
3318
3052
2663
9333
3911
2584
2080
4517
5915
5117
4798
2763
2416
6357
9905
8688
8198
3341
4139
8497
2365
5587
6184
6090
5017
8911
532
1630
4920
1984
9946
7222
1707
9066
6271
3946
7194
5732
3892
7603
842
2557
1702
2352
1131
833
6594
2705
3359
9303
5748
6055
9578
9951
3680
7731
6867
6573
4315
4999
2051
450
9597
3930
5171
7576
1056
3350
86
5959
1493
2465
9448
6536
7654
9808
3885
3832
4958
4184
2316
7827
8270
5617
6236
3890
7644
1756
5385
8539
7078
620
1417
8893
5552
391
2960
7771
7181
3555
9776
3244
2619
7400
7809
3282
6606
3041
2296
3872
3846
3034
1614
131
2683
4224
2180
3980
7694
1280
9932
9300
7964
1546
8880
872
1048
555
984
7263
6848
6113
6651
1403
4407
9071
5207
870
7807
2953
7283
4602
9459
1513
4693
4044
9006
1286
6210
1327
8211
8979
77
5900
3623
476
5279
1073
8519
6936
2234
6051
2057
5033
7023
7732
6382
211
5723
3611
9017
1310
6172
4740
3996
5329
9840
6451
6852
4836
1866
9761
4344
9656
9051
7868
6036
750
7780
3931
3792
4133
2350
871
719
1232
2544
4426
4489
6960
7661
8794
5563
2599
2310
6900
2807
5336
1904
8293
636
8828
4221
3683
5069
2473
1707
2401
5981
9155
1696
5631
2431
1791
9818
4883
8960
5301
4021
2764
2784
5413
1962
9891
7175
3072
4198
1745
7346
2151
5061
699
8846
9486
3295
4963
9912
8667
5801
8246
9524
143
8445
5334
5264
2029
6362
3771
2780
7426
7940
7506
1315
9140
5508
5222
6866
4329
6507
1997
8274
9961
5055
3830
4094
996
6785
2945
8496
4855
4971
293
9499
5774
3239
2641
6968
6627
4626
5146
6709
427
8965
9919
4210
7554
9383
9706
3977
8072
8097
5582
2159
3804
9971
9563
5088
4615
1240
4267
5243
3417
5275
7925
2455
7647
8007
5541
5901
2867
8254
238
9702
1361
5287
7847
995
5135
9619
6539
1613
7079
8967
423
6757
9388
8133
5694
5803
3675
7552
2353
5387
359
9902
3291
5151
1040
7464
6563
9547
3842
3805
1110
9818
7859
5880
798
8517
2124
8568
9952
4995
4700
2654
8164
4450
4851
1167
3066
9513
2312
9737
2225
5314
5901
4850
9343
1458
1995
2695
9954
7671
3055
6992
7770
3274
7856
605
8898
3507
7335
7177
3678
5107
7600
7357
687
7704
1738
8841
300
9873
4397
7050
7234
4104
1579
5796
3916
3008
6536
9339
6521
9428
8613
2281
1940
7707
4883
4889
6594
4245
2269
9559
2177
5135
6059
7118
7714
8543
4163
1638
9719
3154
2394
81
3273
6005
9757
3666
1695
2060
6688
5889
6970
7995
655
4249
6494
5318
5417
2979
2821
6849
2247
6054
7603
4838
4872
2098
8045
4461
8082
5373
8845
4898
9620
3367
7034
8531
9007
5934
7950
1217
3194
4533
7557
6379
2588
4182
4480
1809
624
2395
3126
1183
8817
2870
907
6340
2478
8435
1132
7658
5621
7233
3978
1315
7044
2072
8375
7288
7215
7962
6310
9482
5029
1604
3654
7713
8496
1223
2250
690
7618
6235
3837
5686
2246
7661
6081
6749
2460
693
6053
571
4802
291
5595
5960
555
6242
9335
515
5806
7191
4593
2661
6085
3644
6154
7212
9215
3193
7843
1254
6185
442
40
9385
3396
8291
9069
9382
5991
1625
4828
6522
1909
5738
4680
4738
6008
7694
7157
2254
1888
1734
4883
427
1641
1175
9600
8601
1507
8868
7534
9266
2850
4798
4386
4359
250
6210
2564
2263
7172
9953
4524
4181
2363
8071
751
346
8964
1416
1204
1521
6035
5588
9366
4450
5559
9613
7743
2220
8690
468
7874
7122
4090
5561
3672
7110
1352
320
4487
9797
5130
4894
5082
1934
7210
701
8063
3570
424
9254
9636
91
7664
6013
3230
7261
5432
9935
8799
637
8467
343
3572
6704
2078
7402
90
6801
4399
3641
8993
8643
6928
1406
6390
1141
506
7431
7240
4858
1549
4173
1796
9436
831
7783
9457
8077
2331
6410
1678
1417
1521
3849
1330
4786
1321
8377
9856
9808
610
1262
9170
6783
260
992
3162
6258
9622
2088
6755
8000
2694
3941
9088
4294
8546
4136
5873
4294
7944
2013
4470
7989
1962
7576
7122
3079
75
1604
9820
2128
7575
7432
4247
287
5002
5013
9175
9838
4620
3199
8455
242
9655
3677
8722
7580
4761
7036
6240
7184
2504
5561
1863
8597
6791
1181
4820
2684
3870
83
6182
8018
2267
4626
425
5262
9693
8800
9291
3533
4961
6034
9674
4745
3557
4227
8333
8285
8854
9541
8317
3039
5363
2635
9624
2014
5568
5649
3495
3820
193
6490
5968
4537
7017
436
7975
5029
3252
3460
7886
5960
7744
2707
2223
6469
5887
7118
5040
2564
2847
6535
3830
4328
1766
3142
2654
9632
5001
8410
9693
4044
5304
5471
3339
8470
66
5136
7728
3120
6252
