6283
4791
5616
7470
7333
9294
9420
8981
3985
6114
5313
6373
7296
3529
9569
3698
2818
1316
2778
8607
6293
4222
1051
6553
9945
4740
3218
2622
4765
2336
1921
3105
6396
3825
96
8874
5060
5742
1116
5046
4883
6767
3239
6807
2627
424
5609
1031
1921
9626
726
6189
3441
983
7277
2061
3740
9062
7525
2593
6075
6797
4216
1649
4192
2208
9976
3471
3433
695
8638
7076
200
7731
3723
9525
982
4243
3926
9520
9131
2186
701
5138
1610
5732
9663
5412
6547
8035
5134
5997
8216
8522
8970
8086
2551
1590
2614
419
447
2138
7598
1226
988
3649
5988
5709
7260
7752
1078
9496
5136
8005
3462
3888
6096
9078
38
8460
2544
4563
6923
5397
5560
2640
8859
1678
8761
5637
6974
9391
1629
3506
9072
6992
4588
9474
4150
7960
9744
3954
8152
8795
6956
5637
861
211
5060
5081
1989
3472
1552
4154
7875
5883
5214
2200
5665
8348
4790
4310
6948
1622
777
1687
7866
1629
8932
6469
9300
6621
4928
2078
8715
8589
6411
8128
8441
9922
1778
8648
6617
3679
3647
3501
7838
7474
5631
3189
1778
2388
3808
5801
3170
5434
7006
6530
8018
5268
7770
9231
1279
8591
5781
5368
8544
9473
5438
9285
9472
7086
3759
5742
6569
6141
7692
3268
7975
7275
3848
392
5998
5742
4690
6911
2813
9126
8908
3281
1583
9881
110
3172
2151
2546
7368
8026
7897
8279
4956
8365
2036
6345
3716
4691
8629
8065
9232
7028
7741
3737
8555
742
1420
7378
3233
5536
3900
8869
2554
9418
565
2156
7701
9591
6976
586
3590
4022
8773
9666
5370
9695
2318
5483
8356
9652
2026
9998
8282
4747
9893
1879
5540
7846
1325
9367
1752
4773
9313
1832
4126
9027
5724
5538
7799
9879
8644
4124
7715
8042
4474
5209
8255
8075
8366
8859
8423
5936
9022
3581
3509
3901
587
7807
9524
8685
6616
9855
8265
7608
8834
8817
4709
6940
5540
6343
3970
6780
7683
8477
1007
7902
2283
240
272
4683
3624
7465
9480
2466
943
5815
5750
5731
8322
224
8440
7917
6013
9113
3262
8789
5858
106
9207
5657
500
1314
2534
2023
4888
1643
8252
545
2573
5607
1617
347
7534
4841
5061
9151
374
5799
6664
3018
3067
8977
8618
5315
7902
6053
767
8570
5214
2218
2043
2176
1032
4615
4183
2309
4930
7456
7577
9300
7562
5204
3158
2714
8607
8093
383
1172
4052
4111
8414
59
3441
6189
2589
1522
2696
7219
4120
8835
876
9682
5331
354
3564
9441
9315
2918
657
2751
4220
2918
8221
7364
5455
7862
5819
5903
6707
9809
5670
9595
4517
1102
3804
1983
8734
4843
2025
2660
9612
7710
3336
8742
8424
7880
9873
2803
9150
9165
8777
7464
514
1300
9890
5496
1838
6077
733
4727
5703
6793
511
4311
3165
1280
5164
4228
6550
1580
706
4471
893
7996
3138
6510
9581
9478
8940
7575
7988
3016
6752
7542
1031
8205
9080
3216
1212
8307
145
2657
4110
7298
6957
2819
7198
9025
5577
7143
2715
5645
6252
7570
8458
4306
6571
2517
8161
3380
5914
2359
7136
3157
6738
2687
41
2969
3279
4959
2200
1947
3016
8242
1435
8049
361
3594
1039
319
9311
556
3901
1797
4860
2343
6763
9182
9083
6725
1634
6562
5055
7831
2393
7786
5520
952
560
4269
2778
4228
5745
617
4943
767
2629
8010
6134
408
3944
2976
1478
7842
4069
5358
8457
5339
8297
4394
5924
858
3886
6553
3325
5637
6892
5184
5849
3649
2529
9409
3034
6769
7541
5082
4810
3284
6853
4092
9714
8753
3047
8674
2781
8657
5084
7212
3762
7035
9328
180
2654
6165
8345
1919
342
9191
7291
9305
3874
7444
2160
2485
7879
4535
9941
4708
301
8986
547
5173
8485
4204
4680
7170
7811
5211
3772
4667
553
9680
1422
8813
4320
2348
6754
6869
8423
5621
4739
5618
5992
7548
217
2269
6592
561
794
8246
8716
375
6911
4775
6487
4155
1694
8449
1484
1174
4107
5131
5418
2624
8752
4194
6021
3346
8164
5531
7780
3072
6284
4679
4247
4928
9180
937
3987
2410
578
7249
4416
5526
5951
177
2769
6647
2326
165
653
8304
5384
7248
1513
9608
199
3368
8795
6023
6247
3245
2396
5263
465
5643
4090
2231
528
1559
4974
757
4462
9073
596
6858
715
9892
6673
8575
1425
9374
1020
7999
4877
9476
7687
9035
3165
4638
4728
5812
2141
7963
6163
7333
4852
9152
5061
307
6086
537
6118
766
5190
9896
3841
6311
6652
4655
8893
307
6694
220
4598
6873
2224
4397
386
989
7956
5054
9066
5889
6830
9162
8615
6499
2910
3263
2005
1562
4830
6365
2488
887
3255
254
2808
4981
5634
1376
2383
8510
5745
4420
9117
1921
3364
9289
5108
455
8765
4072
2350
1032
1471
229
3936
6028
1280
7342
3400
3389
2650
7330
5477
328
7731
3710
3617
1970
1588
5405
5354
6580
2671
555
143
2409
44
6694
3134
3620
8154
1549
2796
758
4015
1456
9416
3026
6317
6780
3700
8292
7975
8993
5859
8415
8943
8788
4189
9653
5672
3137
8867
3360
8717
5769
8360
915
85
1526
5983
4586
4207
9779
5234
1100
4533
4718
6313
6275
4294
591
5652
4808
1704
7062
8605
3677
4696
1728
3466
1256
2504
3480
7948
5016
2682
9436
2040
8245
3095
8500
2940
4791
796
9113
4085
8196
3758
4759
3881
4224
2474
7913
5359
5081
7485
4058
1655
1655
7164
4683
6219
8357
8059
4727
2081
726
1831
217
8418
5097
2678
8068
3179
5793
7650
860
4012
2590
2976
409
9918
9936
7846
9241
8781
4590
8121
2867
7531
8624
7780
385
1080
8412
2281
4583
6732
6068
7031
3359
6364
3540
6341
8783
1546
4406
4734
9565
7430
6624
45
9064
8678
6755
4764
6282
510
8818
5946
7491
2604
8963
2686
9794
7317
2292
6987
4767
3512
3067
4128
7944
5559
9617
4044
6377
3595
9062
7694
4374
9856
8555
5436
907
8578
8715
1706
4324
3648
5998
4072
7913
121
9540
754
7401
854
6547
1466
9253
7419
9967
6053
4363
2495
2101
3505
9060
2711
8386
2687
1448
1123
1572
7634
4048
3527
1779
1215
8602
586
2662
1118
7513
8995
6215
7822
6018
8863
6642
5523
7048
7596
8441
6955
9889
2502
1073
8411
6476
5209
2645
1612
5261
3311
2623
6790
8549
1905
6705
3873
9075
5331
2864
8667
4756
8848
8540
5367
6280
4278
7487
197
6068
2863
5638
3851
2682
4617
7745
1546
2453
3367
4739
3392
7940
1049
5856
4201
6371
9425
9273
4112
2158
2769
6447
1716
4732
9773
2199
1040
3961
5705
2130
2197
7722
2448
5544
2398
7672
8772
4107
3932
4159
5158
1420
5708
592
9471
726
3706
2991
4338
8996
6855
5005
3374
8039
3299
6415
3921
9119
2908
2418
6704
7584
6748
1236
2541
5670
5491
5505
3458
6529
7599
5317
5341
9952
6999
1348
739
1124
5260
9047
8492
8049
9623
6709
5275
7192
4347
4409
2244
5982
3750
9652
1199
1514
7455
7574
4671
4471
8050
3801
5235
8200
9532
7809
1396
1538
9664
3421
1039
1950
5675
2797
3858
3861
3925
8655
7961
38
5961
5349
1322
1081
3261
7475
2778
7946
4118
3827
2497
9425
6676
6268
3073
1459
3811
292
8516
1814
5313
3737
7527
926
3369
293
306
953
5794
7337
7588
8799
9612
4633
8510
2701
2478
4153
4939
2057
5031
3449
7420
5837
923
1614
5273
9407
9723
2398
49
3632
138
6147
4725
2223
7821
396
7711
2967
7168
1824
2152
6780
6238
3698
9812
2043
7757
372
8981
9658
5353
6459
6783
1863
6317
1690
2
1755
5019
899
1229
3395
7288
3956
8660
3465
9908
6286
4879
2082
6441
1971
4888
3206
1296
639
9599
7225
1802
3230
1649
9350
3417
391
8279
3679
9364
2861
5906
6130
393
5956
7948
6269
594
8757
9492
2282
5037
6346
2134
1471
5492
6899
3217
3381
1570
3576
567
5677
2091
2777
9952
1789
9249
1878
9977
6897
5676
4981
4101
7047
379
8748
1688
484
4023
8619
2611
2539
1147
7316
2188
5455
1095
178
3858
6518
7173
4897
2109
5787
2294
229
4039
7616
6004
6158
7019
8715
8779
2595
6605
55
2244
5087
1092
6743
5210
2732
9358
2951
965
8028
4530
4774
588
4496
693
9071
8020
3459
9723
778
2871
8314
4753
149
4709
4071
4480
7864
1599
3895
3759
8552
711
2132
3211
6008
9086
7114
1307
4440
5539
9158
4821
4265
5699
9264
7028
1507
5465
7948
695
5320
2871
5827
7183
3930
334
942
2034
1138
8252
1493
1351
7070
4268
5978
4063
8456
1285
4685
9984
905
2151
5282
5238
3713
3492
487
4450
5444
7043
2973
2399
3650
3199
8438
5680
4883
4948
9280
5673
8143
5080
169
6188
4045
7806
7751
9996
9721
5201
8572
221
779
7963
9789
3169
7589
588
3470
437
9846
6492
6589
4094
5278
9094
7700
3870
5830
297
9179
3507
2004
9012
1840
5825
1982
9093
1192
5906
5741
490
4728
242
8471
2751
1620
5686
3410
5269
8090
4295
1478
8843
5826
1651
8490
6074
909
4951
105
3880
4166
9423
6022
5064
8216
1767
6122
3963
1186
8495
9395
7563
4695
9356
1763
6346
5623
2527
7474
2013
460
560
2207
4883
2029
3161
3185
189
7334
5907
8184
6241
5800
1861
6324
5304
4220
3407
4535
9852
9564
9446
4083
9595
4899
3914
4147
6470
9888
2144
451
8382
7477
8092
3420
3606
7216
1138
3035
5054
8582
5933
6629
5278
311
3154
1762
2834
3032
6458
2126
2215
7992
7621
2449
1013
6477
2612
9984
8114
9014
6715
300
5190
5456
9801
8763
7708
8440
2717
8088
3082
371
9480
1270
3630
2817
8804
9283
1745
2152
1312
3437
3429
18
8235
390
9855
5642
2407
7128
4604
1153
4921
6040
1867
5633
1438
9821
509
4391
4053
4393
314
8370
9043
1844
8511
6351
8819
8195
7673
3328
8239
5962
7701
3277
6871
5172
7221
9411
8907
2066
6033
5589
3483
1928
5450
3440
9403
7997
1379
8982
8773
7354
8098
6919
3123
5059
974
6390
1878
3504
6822
4211
9455
1275
2914
8959
8338
8589
8761
6265
2600
1097
5483
1987
8359
4725
4886
7114
6393
5071
6948
822
6816
8690
4554
885
7863
782
153
1811
4198
830
7533
5403
5243
1822
6133
2208
9013
6491
5101
813
9235
5113
6382
7676
1870
6111
8559
8398
172
3859
9997
6806
6556
6000
7394
765
6721
2029
1095
7555
8436
6950
2067
1769
3564
80
6743
6537
8591
2678
8101
9902
9970
6134
1586
1702
2308
6878
9014
1751
2223
1755
1638
338
833
727
8846
9243
4427
5368
5486
6984
5395
7545
2376
2285
3046
4612
4111
1790
9368
2022
9806
7494
5758
95
6836
421
4413
5692
8456
9842
3014
9344
5332
6680
5311
1728
936
2837
1233
7500
2109
3223
7191
1116
4506
2424
3757
9301
8656
7695
2766
7224
2383
201
1949
4144
4580
738
3891
8424
4829
8735
6911
5643
3969
6051
2213
5696
6974
1317
3676
1274
556
1868
9912
6582
302
4641
5589
4411
6663
5112
7036
760
7076
5790
6960
5131
4731
1166
7148
198
8945
2808
2670
3374
6311
1548
7147
8454
210
8061
2327
7338
4019
1492
6667
515
288
5366
3841
9938
5149
9479
1760
9717
1699
6151
8567
8179
9091
7081
964
5807
4169
3478
2328
7747
9197
6538
271
8754
7494
7134
4200
8602
2785
9697
6741
5583
9122
6445
4842
9364
7324
7209
5048
9466
1047
2953
1674
160
2980
8967
9363
3128
7096
6519
3168
541
9163
8920
1317
3750
5095
5087
2443
8014
5278
3158
6931
2001
9410
2983
9056
2645
2239
1599
8483
6960
8429
2862
6699
6243
4863
110
5773
8526
7771
1071
1505
6265
6529
6199
6419
202
5127
1092
4269
2237
4765
7034
4187
7889
6021
9673
750
9996
9911
6717
889
5497
8036
6208
2111
6301
2220
5073
8886
4984
9313
3917
243
4206
1653
665
5471
3210
6564
8853
7517
1146
7330
6245
2194
1394
8674
8810
222
5189
9360
5777
8615
1053
182
6008
8229
321
4088
117
7982
53
2205
9284
2924
848
6790
9981
6235
5355
4201
7540
3432
1057
9199
9743
8166
1790
4014
716
7627
3409
4851
3696
5624
3536
5301
9190
4024
5645
2436
5150
9121
6446
871
7464
8940
8046
3321
1345
4603
8693
2575
4866
987
1819
2344
7557
1853
439
7841
6438
6307
3371
2490
4572
5202
8509
3659
9388
5547
7600
5956
590
2919
9051
8418
6985
186
1735
802
119
8469
2668
6112
8933
834
9985
2708
3804
1191
7743
7336
3585
7803
5997
8843
5750
3955
6298
2262
431
4386
3933
5798
7003
2736
1984
1947
1936
3401
5358
7371
117
9636
7721
7969
3638
7258
3556
3738
5217
5800
9855
8197
7803
263
2370
2786
6921
207
2667
3030
3887
9473
370
5733
4536
6869
9109
6197
8849
8037
772
402
5832
371
7219
3948
81
8027
5204
8492
399
2559
7044
4631
4530
5736
7995
6739
366
9198
5025
1729
733
2328
3484
643
9265
1988
3432
6769
8148
7359
4889
7179
5027
9452
2364
7431
3044
8421
2705
8894
5002
4175
2630
1327
2428
5739
1202
8800
8874
2370
5831
9651
3012
9043
9669
3503
6887
6576
4683
8093
4595
8435
343
3039
7670
9865
9603
5078
3371
563
3695
1944
6492
6131
6726
6558
9698
2156
8214
3526
785
4632
7895
5778
1528
5237
4166
5984
9783
8861
543
6468
3738
4612
4298
6567
3831
9591
3657
2563
6135
6124
5429
8310
8675
3886
3158
6881
2316
3110
3805
4731
8361
1156
7307
9962
540
4565
1511
2432
5698
3618
5294
4509
19
7226
8205
1880
1832
159
2727
107
8499
5651
7391
4660
9203
9584
7103
7641
2079
7285
3668
6672
5056
5812
8106
2582
7304
4336
6026
9265
8079
1224
6864
2516
829
919
8290
1448
5681
1278
5048
2157
383
3698
6232
2710
3765
2646
759
956
7462
3869
353
8413
9950
8622
9453
4207
9120
5623
4575
7496
4132
3461
2027
7274
8787
4874
3830
8284
1293
5654
1959
801
2236
1511
6289
1357
9579
5396
8816
4657
3577
5070
1802
4210
870
8450
2566
2207
1465
4083
2328
58
6702
7552
8024
6922
1670
8957
3922
8891
8815
2475
9662
1807
1909
9552
6176
8439
2332
8095
4627
3723
6806
9918
3918
9061
1658
7817
6403
336
2308
1623
6818
7210
3326
1901
4099
4684
3486
9367
9687
622
1473
9925
5841
1101
5408
9994
2300
1318
2274
4126
9874
3369
9455
8604
3252
6784
3633
8962
5263
3853
2553
3586
6582
7192
5656
2451
8481
8
5453
1492
4953
2965
8408
4005
2249
6881
4076
2817
3653
1663
5516
5084
8061
8181
1748
3448
7754
4721
8648
7314
1050
4523
4103
5833
8068
7887
3342
8649
5445
2956
1513
2291
5865
782
9173
6909
4961
5450
6355
6371
2707
816
5309
3599
8337
7468
5524
8401
5444
2208
4696
3759
1359
8138
441
429
8862
2575
5936
4362
3538
5427
7371
697
150
3225
9219
7279
9008
4839
8487
2304
8366
2277
4607
233
9214
504
7496
600
2362
4941
3204
3236
8259
7753
931
7727
340
8743
8046
2385
9514
1993
2832
7280
3444
4612
3449
5111
8249
8245
9392
604
3721
2392
5392
9082
3530
207
1215
8357
5079
5336
1999
8596
2222
4135
2437
2396
2293
1491
6938
264
6792
6101
2790
6373
9444
7326
6789
4602
7054
2384
2350
4116
5548
2599
9515
5867
2361
1849
4196
132
7528
9688
7306
4178
9993
4235
5058
9309
2174
1052
2818
6758
