2866
5011
1697
9098
8151
1849
6304
5468
3681
5877
9914
3149
8553
5398
8300
6233
7141
2384
5162
8
3071
8611
637
7278
1213
3992
2601
7410
2628
9590
6848
1881
7964
99
4050
3453
4398
8955
3447
2203
5548
3683
4763
2001
4907
6069
2375
5459
8972
5380
9620
7841
8399
2597
5872
4254
4374
4418
7885
4159
9247
8893
2840
4090
9028
8033
5185
8454
1348
4846
1835
8186
8937
2958
4460
9388
3848
8635
2370
5143
1617
7142
8437
7248
9970
9007
3482
5366
4227
9795
9079
9979
1069
9288
2956
6654
843
673
2973
6874
883
3920
4110
4126
3544
1434
8903
5440
8137
6484
406
5738
2047
2741
2542
2104
455
5591
4120
20
4551
9819
4227
1552
5766
1855
7116
9649
2
7806
8544
3175
5662
5496
4260
7696
3032
4311
3703
8535
104
8041
7229
7742
9389
3340
7931
8327
6746
852
6198
5251
6552
2953
2322
1064
9692
2558
8359
1689
4317
9254
5438
330
7939
7231
76
6551
8481
4845
9072
6144
1887
5584
9916
6509
2589
6484
2162
2425
3923
8788
2902
9149
1608
3292
6622
2708
3174
3195
8003
473
5951
2014
4217
849
2603
6898
9803
2158
3264
1380
9846
1900
1779
53
3363
967
3037
5812
8474
3208
395
5933
7765
5529
6351
6288
8722
4646
608
7367
3377
5285
6841
8598
192
9873
1367
9066
3905
5691
6681
4
9161
2542
8942
1002
7370
1554
9928
5654
9671
7361
4721
4795
78
18
4248
8688
4497
6315
8176
5156
1549
5896
8003
4560
5059
3181
9861
3490
9600
3970
1906
2783
6527
390
6771
5223
6586
5349
8917
7167
4717
4954
7696
6016
564
2046
8519
174
5624
2678
4569
7590
7514
1524
8454
3265
4539
4381
5943
4189
1693
6438
6053
5701
5454
1938
8268
9687
3246
9025
2101
9147
7397
1008
438
6595
8199
1987
3996
3012
4661
9687
7865
6921
9400
4316
5268
5002
1936
3505
683
2205
9406
4728
5474
8279
8900
1994
561
8625
3778
8832
6927
6599
577
5421
192
6506
1085
1858
5066
2551
384
2930
9527
2005
8572
9132
6300
1137
6669
3265
7751
9740
8341
9895
9741
2669
5533
2159
7695
6205
1425
5370
9234
5829
2759
1266
6344
3979
4124
8761
3917
78
8439
8132
1820
6476
5201
3469
9706
9768
5693
9424
1956
512
1080
7187
8257
681
5680
7523
973
8925
4163
8860
1126
5013
3695
3698
9246
7306
2787
2321
7013
7908
9347
7673
1300
209
8075
3264
7467
2064
2452
7927
511
2000
3414
8722
4748
5571
3009
5662
8298
6600
7788
4991
5915
9578
7005
6806
2781
1502
4222
2400
6980
3371
2411
4048
1164
3407
5887
8047
2606
2415
55
8908
6473
6235
8349
9125
1599
4973
8949
3675
4297
7125
4023
412
119
4356
1758
1721
3204
1268
483
5964
7842
51
947
7139
9589
9366
7557
1340
9684
4961
3056
5883
6545
8880
8518
9679
1229
7880
5207
7807
2553
547
8103
9855
9348
1999
3928
6808
1649
4165
4843
1338
1931
4090
1066
6421
5288
1209
9536
2232
7415
7609
3990
9335
4068
8139
3866
1238
5838
2078
491
5324
6060
2676
3411
7294
1948
1091
7790
7590
5437
749
9690
5518
117
1718
3951
2454
7813
2096
4390
19
8343
2975
391
4943
6556
8767
5786
1208
8132
2689
970
9571
3674
9519
5277
9255
678
3771
4473
4196
3418
1946
6794
6666
7918
8472
9218
2350
4188
1411
3425
3741
7687
472
6980
3085
2284
8468
738
3180
5305
6582
9457
2748
9778
119
1844
597
6440
4695
1776
4042
7623
194
6600
6397
6181
3725
7025
8083
9549
3436
7020
6720
9264
7228
1883
3201
2539
2192
6971
2210
3033
1293
8891
6836
2488
4046
6887
7798
6628
8620
5909
9493
9635
9382
6118
7493
3871
582
6903
8558
1442
2654
3630
1868
9562
2737
3483
2549
8236
8642
8058
4248
7723
9565
1008
6330
1302
9764
3909
2134
6837
9226
1455
928
7526
7526
7084
9881
1110
4389
9330
1956
5288
8413
767
378
7662
7022
7274
9750
562
4337
9562
7986
562
1660
1769
69
8374
9788
6191
4106
6672
4768
1721
2216
1199
2702
4341
2035
5652
3601
1439
3847
9311
6101
8959
9310
8798
630
8667
4280
2489
4158
1572
2499
9663
3469
366
5865
5757
7014
1507
1322
8198
5224
5283
519
6691
8551
9179
4959
2680
5239
4098
6960
2898
5715
8674
4460
2701
2458
1271
7743
1120
1911
1617
2514
3196
9221
2553
7730
2335
8475
6277
8637
2094
116
5648
4087
817
8440
2618
247
1451
3707
1599
7250
60
4611
9600
3947
4794
5905
3164
3298
5742
3763
202
6286
3606
2769
7322
7470
5997
1449
2624
4204
8961
5460
4866
2782
66
4587
3643
4261
9839
1024
6292
7412
311
4366
2453
8585
9620
8605
2935
6430
5311
2978
2895
8330
9914
9361
480
8047
1117
5148
4249
2
1083
7394
8288
4600
9744
6818
3881
207
2262
8903
3458
4718
7471
2790
5975
9240
316
8737
7849
7392
8513
6194
8893
5982
2565
6536
2867
704
4106
5595
3143
4691
6775
6290
6328
2916
6078
7853
8840
2801
4723
2728
4167
6407
9519
8177
858
7123
3386
1240
7731
2379
7298
6856
1488
4889
8501
2305
2035
3208
3951
3176
6100
6667
5760
8767
7942
1180
6461
3058
3161
2462
9896
5047
2669
5784
2026
2486
6462
4388
5677
5743
7318
2866
7863
763
7392
9919
4801
1438
4415
3772
5818
5632
8850
1547
6628
7499
647
752
234
9678
662
328
8078
5268
2482
2250
4187
5704
2863
6015
5843
7646
7530
8207
5858
3234
8804
4996
1375
8022
6378
5023
8643
9389
6644
4264
6197
1121
9156
4527
1838
5710
4153
5999
5081
6990
4787
2594
8280
5141
5732
9097
8575
8400
7928
8171
8102
643
5688
3393
8695
5651
9376
2212
3299
5638
1684
8688
8624
8218
6053
3065
6547
8335
4176
132
3493
1531
3125
8868
8446
6210
6715
6233
2290
7281
6447
243
1460
8473
6162
5553
5432
5762
5832
6187
6333
1941
2700
9442
5305
6098
3970
62
9087
2667
2550
239
4223
7796
4677
6571
7518
6820
4947
2485
8935
3142
9921
6018
9190
1441
7228
150
2056
499
7632
784
2503
7988
3798
1552
8830
3682
3563
2347
2239
6652
7146
9623
4730
6208
6019
3664
3796
9591
8035
8612
815
3347
7252
3190
2019
6681
252
3863
8870
3819
8006
8587
5034
1765
7735
6235
3997
3125
7740
3836
3257
2599
245
2282
5996
298
1287
2982
5421
3563
6354
2465
2464
9020
9969
9156
736
608
9533
2149
3430
9699
3476
8419
8646
8558
4588
2964
8472
9784
9666
670
1851
4199
5355
8215
3101
4969
7193
1720
5394
7269
8441
5307
7465
5540
6123
6014
1796
8579
5498
3389
3592
5590
405
3557
9122
1825
3636
7438
5710
8322
4510
5637
3896
5683
613
8265
3665
1753
6054
5767
3414
7812
6755
6160
1257
8169
954
3105
2434
8574
1168
9892
4286
6277
7078
6260
3793
1797
9092
1276
1332
9755
6010
7071
2759
2804
1410
1782
4927
7858
2349
42
2525
9731
9975
5779
8835
4245
2300
953
871
530
5004
7135
7154
4617
1351
7619
8604
4353
4471
1867
2660
4777
4434
3658
1802
9683
3401
8453
6759
9171
8178
4576
6225
1125
7367
4554
6302
1299
7424
9548
9497
8139
405
802
4751
8874
9917
8141
1453
3791
3177
573
3386
481
7382
7747
5296
6316
3976
9152
843
3847
4194
1699
2351
427
910
6028
7249
6796
1316
7305
6928
4923
2370
4520
4372
3631
8907
2928
9766
5260
6999
2967
5994
7605
1189
5743
3743
9620
9258
9985
7322
8272
8704
5650
3945
8706
8451
4323
7963
3888
891
4657
2474
5871
3644
8463
8110
2861
3375
1665
7408
1048
9386
5583
6847
1226
5704
4746
9237
5166
2285
7629
7537
1330
9983
8656
6218
6720
575
5665
5180
4584
4964
5877
4368
2342
493
122
3960
2726
7633
881
6245
7593
2577
6273
8886
3121
8802
2719
3001
3705
5085
2796
1603
3262
7119
1143
5888
4988
2244
1390
2286
7709
6484
2824
6083
3508
1214
4505
732
5582
785
6511
7533
1403
1383
9944
8753
3710
9770
3097
7917
7855
2663
1475
9499
2168
4273
1106
5222
9349
4234
8971
482
6242
8594
8535
1108
9752
189
5377
1906
4297
1986
7419
2919
8574
5263
199
1878
7174
2389
2178
5218
9146
3472
4431
5045
5009
3325
3915
9234
108
9282
1382
1347
1813
6028
1291
2809
2847
8836
9000
3520
4392
1190
3620
5868
5244
8556
924
6905
4074
9228
8047
6960
2056
3753
1335
2769
4163
3490
6099
6427
6274
6142
1797
5014
604
6071
1105
2545
3971
7390
9030
8338
3388
8657
825
7956
9852
8562
9801
6453
2400
7010
5160
880
1234
4422
9291
8060
4693
8521
8645
9357
2736
2573
7246
8249
9392
8606
5264
9172
7450
8379
2933
6684
197
9709
3571
3398
2927
3379
2917
5600
3688
9645
4027
9263
982
917
3779
6181
6779
3045
7852
5450
8744
9672
5601
815
1411
2576
8563
1245
3298
628
9002
4020
4077
8476
682
1525
851
5893
5132
1314
5603
3044
5668
3090
8545
7982
7267
8475
4826
9083
2392
4405
527
7482
7939
525
4107
2755
1987
351
4815
1671
2302
3059
643
6
5186
2505
234
2253
5330
886
7912
6538
9846
5700
4003
2510
2270
3428
5308
87
6419
4214
8236
4597
3493
6594
537
157
7418
8095
3905
4781
6498
3932
741
2608
2447
8539
2796
4762
8240
2573
3752
1505
6492
3989
7636
2238
6521
1596
485
8558
5043
4727
5252
8088
4823
6045
6513
8591
1968
76
4835
7234
6980
3131
39
5914
4958
1394
62
3730
632
546
1847
3845
462
6730
8104
9503
8957
8298
3636
5821
7610
5347
9737
1770
8679
2653
7785
6402
2026
4204
2793
8163
7738
6518
4524
3360
3949
1722
7280
5126
1533
6754
7926
4497
2880
1406
7625
8092
7940
7009
9634
3670
6440
9013
9624
1633
3393
8269
7234
2305
3609
3660
1704
6427
7752
3683
6107
3944
2205
4744
5554
7235
1018
8510
4288
855
7420
5240
8889
7272
5027
9692
8461
5016
4570
9123
1723
8725
6893
2890
9966
5679
4487
4974
1516
7873
5049
1498
6744
9197
5299
3681
5887
3196
1454
2398
2652
7930
4724
8769
4213
8153
9380
9961
7277
3917
5198
6687
1857
8629
1959
7382
7050
9314
4777
9874
2747
6043
6993
6415
5805
5921
8496
9691
1973
1345
3805
5265
3562
2171
6471
3792
4000
8124
8677
1813
6299
4526
7697
7599
2674
8362
9641
8115
7237
7916
6630
6572
8419
1579
9650
6608
937
8309
2963
8291
9656
9689
7988
5931
112
9933
3125
9685
2158
8167
3382
8926
637
2963
3575
8221
8345
9394
3740
7443
6280
381
2453
4056
4714
7232
6846
1982
2521
9862
2855
5690
5160
385
2156
6610
6538
1765
7487
2741
5236
9955
5957
9070
4534
7704
5934
5455
8003
1428
8262
1543
4568
5520
2011
9275
7235
3931
1216
2879
3086
1142
7164
2295
5311
7691
3766
251
806
6965
1683
6580
1906
999
2206
6324
4424
3383
9522
7010
1297
1390
3978
1092
1599
1312
1122
9639
8374
2880
9374
2606
548
4607
9654
4093
2791
3661
3759
6843
3938
5683
4648
1037
9745
1682
9636
3569
3313
5686
4851
3852
4409
4206
1581
1696
7164
6072
695
3999
6568
4126
1877
7925
7591
9076
6031
7298
1344
8113
3533
762
9624
2678
3072
5614
6741
2940
1347
9917
1676
7553
6326
2687
8029
5522
8197
6342
3026
7958
6929
6719
2965
9759
274
9811
3806
6723
3446
668
5650
2337
2224
5200
2153
4088
4227
1730
1133
5966
4954
4223
4724
778
2322
9015
7799
9189
9896
2068
879
9688
4272
3386
1183
6814
7797
9864
2404
3260
1808
18
9493
678
4266
9338
5329
1125
534
3940
1294
6467
5209
7059
3003
2705
1994
2186
7437
1259
2011
4617
6826
1378
9789
5961
8065
8837
4016
5338
6291
4363
9326
7872
4158
4936
4729
4046
6512
2984
3686
6673
8654
5956
773
4411
4479
7212
383
8478
4820
5610
2427
1144
1248
7191
3191
8115
889
8304
1273
6491
7109
5196
7648
6931
7141
7336
2900
8066
7976
7948
5674
4452
7573
5337
5962
870
605
5377
1482
852
8454
5538
518
681
1936
8181
6623
6967
1744
6614
3156
8207
1710
7194
9564
3458
8307
3842
7270
7143
4311
2316
501
6872
9935
7974
3571
5911
1228
2321
7509
5512
6822
421
8037
1571
4677
6966
4994
8959
712
5933
6321
1361
4791
7466
2742
378
5773
2504
2563
6763
8107
4338
6540
6137
5036
3646
746
3962
4609
712
5739
9423
9104
7644
1385
1288
9156
7993
8780
1340
8847
8310
6430
8378
5994
9140
2080
2468
5231
3193
137
8723
9758
746
7405
2483
3881
1900
6534
1031
6220
1032
4350
9999
194
6898
2257
7147
6081
1453
1221
7780
3723
1222
7916
9796
7908
8161
142
5896
1565
8278
8730
1416
575
7015
9665
8357
239
8901
7407
7256
1459
7749
5120
7814
3960
6430
8184
9096
6882
4933
6386
3778
1971
2357
5000
8535
2830
7608
4575
5719
1757
637
9465
7942
2302
2933
9424
3178
7232
3899
6908
7180
4045
3965
6321
5974
6101
101
5836
1477
9976
1045
9013
6632
1891
4951
9444
8217
2015
1129
5527
2630
4325
1688
5498
821
8284
7178
5511
1026
7006
5005
1864
2983
8024
9206
9732
8006
6036
9025
2434
2728
1772
3098
5742
712
1624
2832
6050
7351
3488
1206
1163
6102
8372
4277
2854
2357
8466
5499
7690
8922
4590
4810
4471
4971
9181
6030
8608
2685
5218
1438
2181
2989
8695
2798
858
1227
5945
4786
9197
5451
1127
8160
7537
5799
3842
5762
4611
3746
6351
7375
9539
536
1335
3511
8137
6962
8626
771
1531
5593
4224
3365
2132
2050
9025
8173
7406
5573
3419
1626
6412
3680
6302
2238
7794
6430
7272
8672
1128
3418
1418
4861
6333
7843
1898
1645
1654
5183
4660
3896
2600
5173
3255
3603
1227
7762
6027
5486
6773
5668
8355
9037
327
4724
962
5859
4233
9097
5716
1707
9689
9954
9642
8112
4175
9362
7032
4288
151
7380
6519
2223
912
9523
9026
1238
424
2699
1010
32
402
1785
1898
5460
5063
2380
4534
1608
6880
6039
7411
2557
9466
2953
4206
2645
5530
5142
9427
1864
729
1738
5335
9393
9148
6132
8124
803
5698
9724
5434
1533
8086
5683
1304
7903
8056
4182
3049
1794
4828
5423
7408
4112
9968
3962
2756
7959
5316
6380
5708
5282
3271
9146
9302
8664
6450
2504
6311
8931
4255
3730
5910
7156
604
5877
4470
3782
1648
6303
4589
1348
2093
7633
7036
5306
4330
1222
9424
5186
3375
165
5487
9317
4016
152
8261
8940
6381
2640
1452
5551
7871
4118
7538
1098
9513
251
3508
4090
9491
8973
6311
9012
1791
4359
3188
5638
2109
3996
4333
5228
3079
1125
5555
4090
8242
6592
3140
451
7615
5530
7401
9008
4850
9037
3476
7975
95
5938
5793
4078
7714
5334
5694
4402
3854
6474
7526
9656
6964
2623
6830
2384
8306
6224
2472
6745
8562
3447
2855
2920
7110
3056
6474
3961
1571
7302
4162
2754
882
5212
5543
6171
8203
254
7513
7745
5430
1152
236
1767
9066
3484
3487
4992
8700
5017
702
8625
6565
6731
9412
6647
3082
2872
6967
4657
8859
1733
2830
6551
2312
4772
8773
1751
7080
658
4181
8051
8710
4726
1315
7410
3211
1087
3854
3626
9569
1482
5261
6554
6600
5536
6188
4151
5800
8895
3089
5331
3287
2856
8886
3697
8321
3685
9455
4294
4711
1736
7912
8041
836
2650
9914
1838
5415
2002
3436
1994
9018
3341
5088
7376
6472
6276
9951
6775
8583
4621
5950
8184
7569
8850
4764
5854
5839
7617
9088
9525
1632
9559
8915
7832
3570
7219
5717
3949
5622
4349
8735
3798
5459
1094
6312
9945
7768
1509
7225
2044
3733
2679
5711
89
5785
9727
471
1986
7886
4060
5999
7798
2913
3910
361
9458
4425
7255
3806
9252
558
6001
1153
4233
5885
2152
2725
6474
2537
4818
8086
4329
392
7043
5792
8953
3848
8825
2047
3842
6748
3731
6063
1561
8350
937
884
1548
733
6854
5519
512
7703
7973
1486
7732
1525
1477
4204
3632
7002
3997
9449
3067
5973
1669
7405
5870
8118
1408
5609
5600
5207
9964
2504
6827
9938
9591
5882
4947
1268
1176
5741
5682
9298
7573
6626
2419
5557
8059
7427
2370
4621
8414
6840
2750
4282
2995
5588
6681
3531
5014
3430
9325
1244
9919
5304
7738
5468
4658
7793
1933
5595
9256
2364
5825
8256
3766
3769
8400
5042
4986
312
58
3980
3238
978
6793
3124
9753
2544
6943
4003
9201
1416
6254
7746
6416
4438
9378
2268
8887
6950
898
266
5493
6775
5365
6050
1014
4494
516
9225
7188
1638
8544
4701
3371
5344
8005
8941
8511
4614
5715
2114
850
7930
6394
7840
6110
8079
1840
9328
4390
6131
6154
8036
9414
9792
8486
6463
5613
743
2109
5259
2028
7717
6815
7562
2871
1552
4374
1071
6432
437
3757
4272
1235
8784
9416
7563
381
7525
9939
2935
2654
1188
4835
1057
5484
508
5287
3579
6857
1542
3328
7768
2505
456
85
3132
1115
8831
4968
4557
3704
768
2896
3953
2373
1881
6801
629
376
923
6081
8088
803
9174
2604
840
2882
5758
2078
2362
6264
795
4213
