5067
6972
7453
194
6844
6187
7182
203
4919
9945
8476
9837
4508
2212
6983
8648
8999
7614
1714
5879
9867
5087
7672
1382
4764
3702
1779
6128
2964
3854
1312
3658
8735
635
6844
5293
9773
5665
4217
6296
5304
9192
81
6710
104
3908
4021
3603
6379
7638
9867
1983
1399
6950
1033
9979
9300
6070
5430
3142
4408
1053
7239
1064
8633
4817
1101
3873
5368
1689
8875
3333
3396
5418
575
674
5006
962
1277
855
9680
8175
9749
5325
3987
9328
2259
1785
9601
6865
5992
3702
235
1075
1887
4250
1953
9016
8076
5286
2806
148
8235
4689
8763
6534
8587
5981
6375
359
4973
8338
4793
4574
3461
6232
1304
1913
7077
9304
2558
9316
4271
8502
5696
5172
3097
2320
3530
6324
8720
5989
2885
5990
8049
9532
9940
5059
6561
7453
741
6277
5409
9242
1892
7654
8909
5661
7613
5654
2945
40
1939
8771
2728
3489
5877
9732
8993
3591
3436
6266
2450
50
1638
8983
5453
8802
6525
3929
6292
6245
5351
9624
8563
6280
3907
5028
6610
8042
6263
7436
4706
7875
3378
8679
4050
4113
3262
4559
3654
208
6065
2970
4016
4474
3826
5358
7603
2908
2201
106
9135
3684
9362
6700
4689
2315
208
6447
9582
848
3121
950
7327
5999
1560
4575
6672
2958
4933
1339
5540
1966
275
6083
179
2380
5607
4089
2453
8548
7424
3702
5841
6156
8301
1022
8513
6678
3990
1734
3905
6814
4976
2805
7086
5115
5643
8016
2914
9251
8686
4645
7975
861
4566
7169
3409
3278
6520
2309
6707
6118
3994
1033
3424
9419
5109
1170
7698
537
6062
9994
8968
3198
7434
8726
6989
7469
8996
5064
6737
7590
1175
3201
9862
2779
5726
4979
1590
1131
7613
5234
157
1681
5027
7786
2819
3943
9381
7667
5
4472
318
2376
3189
8692
5677
4776
3426
5839
180
5939
4281
1456
5571
9116
4943
792
1171
644
3692
130
9580
6566
2923
828
9836
7286
8171
9648
5906
3045
8087
1329
5059
2265
7272
8798
12
1170
7102
949
1552
5750
951
1673
952
8701
6109
5910
2843
2027
2772
8736
3974
9875
4891
3751
9452
2361
8855
8390
6605
3778
9933
7134
7852
2952
6397
3306
1844
6144
780
0
3542
2742
8577
3829
5615
1250
9875
1135
1177
2261
6804
3879
273
9350
7355
5183
7373
3520
9346
7651
2315
8712
4344
7774
5817
3817
3821
8000
2303
2803
4065
6699
1247
2771
5194
1231
1297
1062
8136
8202
2485
7719
7212
4344
6973
6053
6861
8501
5597
1213
5933
8323
6797
3129
7685
4830
8398
803
8011
1798
7428
1875
8831
8374
8195
105
2632
7501
4156
6123
3886
6310
5384
1143
5165
4595
1499
0
800
9764
6955
5319
2402
1090
6869
5742
9901
8118
5086
364
2833
494
3051
6338
773
610
8888
8838
6148
6868
3421
9359
4345
9473
7327
9622
2939
5654
7963
3090
3330
8397
2
8247
4842
2108
9472
7740
1504
2452
204
4514
2415
3791
3290
3391
3259
9046
370
4554
5706
2661
3851
3932
6343
7596
974
2929
3763
7247
2802
4247
154
1996
7033
4435
491
4804
1495
8664
1137
1147
7334
3696
6663
8906
6944
553
6183
3935
6362
3893
5283
3408
7383
669
4546
6070
1903
7246
1134
6543
3977
4256
9649
5957
4359
418
6757
8854
2899
8455
7550
1705
3416
4559
5327
155
7268
7436
651
420
6745
9828
884
8909
8963
6745
4612
6364
9888
4421
2900
4249
7530
4594
7170
3077
4046
706
4546
6525
3795
7329
1035
7907
6343
3578
9991
2824
5342
4391
8801
4467
6594
713
9797
4149
3372
740
6993
7614
5806
393
8965
8478
5554
3300
4174
8822
7389
2249
6109
6562
2889
4126
6625
9416
8792
2976
2566
5384
6753
1788
1021
5497
5620
8432
7655
6817
4796
3021
9705
3305
3713
6932
719
3402
8363
2556
2353
3042
9404
1169
5435
3092
8281
2239
1578
2467
4088
381
5356
395
8173
1608
860
4017
9371
3468
2858
7122
5644
7356
4025
4367
2544
2803
2849
5956
3407
3223
1052
6235
623
9523
5980
5583
6353
7929
7215
3381
6854
5187
2729
4414
7665
9309
5131
2104
6071
6701
4030
4895
9698
5230
7398
2047
7144
1067
548
5478
9390
5621
9060
865
9329
9120
9771
8650
5628
5277
7663
1442
6252
9476
267
456
4627
9610
6702
3234
7671
745
9885
6705
9193
6157
6537
5392
2125
3932
8439
5286
7381
1737
3991
1232
6127
1864
5085
8544
9538
6481
6475
794
9037
2587
8643
222
4963
6941
7420
7533
4364
7313
7806
8644
5736
2355
1672
3171
2583
4378
6524
1695
6837
2377
4061
4514
5485
9035
4329
2763
4524
8158
3696
1189
4269
9091
7667
6605
7514
6314
429
5183
6512
905
922
67
3930
5346
5496
3771
192
1914
5961
5160
9956
4779
3956
6660
8525
4128
4736
5927
2612
4656
3008
6206
3617
6616
4375
6644
4687
5066
5657
6268
3948
1341
5183
5931
1454
3994
583
139
3538
557
2571
2610
2196
8536
1232
9489
5134
1007
8080
3385
1578
4501
2571
1855
7897
4716
6450
7313
970
8851
9083
5126
6257
9693
1211
8615
9596
8025
5205
4531
3544
4596
2389
2054
2085
398
4009
5081
5384
4885
1510
3680
6985
2271
4689
9446
8770
3327
8034
6738
7543
3269
9168
4686
1473
7445
6353
2503
7324
2617
9893
7109
5801
3549
9840
6982
2112
516
9769
7498
706
1369
1929
6085
7341
5402
8140
3985
5003
1764
9844
6268
9990
8467
6987
275
5427
7702
580
4640
4045
1506
7756
2766
4991
4401
7879
3436
2430
7707
7334
8253
3557
536
6031
6173
1339
3083
7345
6070
9304
2367
7499
5559
2772
3624
7118
7334
6561
9565
1554
4409
9936
5128
3453
9200
3613
9163
1093
2940
7523
4704
1555
7296
4430
1591
2711
9454
2435
813
8935
2344
357
4509
5336
1678
4007
2196
9994
1367
7282
545
6874
2864
6153
2924
8317
8428
7083
6831
2560
2176
1989
4405
8547
4600
811
202
1129
1181
913
7664
4898
5747
630
9209
4052
5426
9792
1774
5193
1416
9169
9726
5657
6978
7830
8690
1143
1505
3273
4282
2371
5604
8252
6758
354
5952
5962
736
866
3804
1066
8812
453
9618
5646
1126
2234
6943
8872
2891
8636
5308
1637
1144
3007
2263
8747
1568
6770
2121
9059
9624
7907
6631
5292
9294
7494
3872
8854
8099
9464
9056
908
1389
349
356
9273
6039
1332
6703
6456
4200
2632
382
5645
7063
3966
7108
3750
8091
7205
4393
3966
8744
4744
1442
904
3822
4326
6351
3631
8362
8088
773
3426
9580
4399
248
794
2651
2990
2708
236
66
5664
4859
6991
7525
985
8228
5328
386
121
763
894
5071
5089
2163
6644
8907
9451
5450
1713
4980
3071
8094
6111
1859
6955
6065
2664
3717
6314
1099
5101
4496
4156
3899
3080
9885
4450
3379
2837
6097
1023
3245
8240
7325
9878
8355
4490
2235
3604
1886
3200
7539
994
5256
6994
7570
8747
5132
570
4919
5564
1610
4071
9022
5661
6397
914
1189
9083
6758
4456
6071
2613
5616
3956
9826
9853
8786
1981
8599
1575
428
113
4427
7899
7562
3502
8899
6905
5509
1137
9318
2809
7917
532
9413
9173
9218
1663
3480
7441
3300
3151
6845
7429
7128
4926
5378
1299
7168
7717
9960
3150
1970
3344
5135
1497
9643
1123
8099
2895
2014
4284
3573
5620
5137
3262
4695
5083
4543
652
634
7123
8500
1158
8274
7276
3267
6997
770
2636
8123
7600
9737
7792
1176
6167
839
4573
5396
7915
9529
8095
3564
584
5426
9016
9577
1224
2291
3865
230
294
6755
6515
7082
2837
4650
811
5069
7859
8229
2645
352
5463
4772
4414
4547
5781
4444
8970
2423
122
9687
6628
1123
2539
3558
7915
5732
9258
7698
2042
4706
6904
2405
7828
844
3222
710
8338
1517
27
9503
7537
9685
6883
7743
8100
5812
1011
4468
3796
6780
3321
1442
108
607
127
5392
4543
9278
6735
5079
5811
160
6187
7939
3447
3057
6943
3569
1325
5071
6105
7452
2396
618
2150
6942
4239
4796
5458
2102
4720
4789
3902
5261
1384
5462
2297
7221
716
7830
6167
9060
4782
4947
3691
7377
3498
8944
4295
5043
8868
7441
3143
8725
675
5869
9046
9489
8457
3185
1153
9747
3820
4632
358
1022
6257
925
6555
7985
760
9722
2852
3495
8904
7045
2670
7448
6926
4773
3443
5294
500
414
3233
7279
1645
5177
4585
5515
6416
2807
8764
7531
6676
6419
5239
150
4589
2669
1119
2572
2388
6310
4282
9146
4588
9648
9820
3630
3198
1597
2563
3684
9741
5858
9246
3406
1398
3079
9377
1080
6339
1040
1568
7952
958
5321
6818
2484
1805
2520
2859
4257
3653
871
2906
4189
6132
4087
2690
1996
5356
955
2316
4818
244
5080
7789
818
7173
1833
8751
1510
3292
39
6232
1348
4741
6329
8187
9267
2830
7336
1824
678
8738
8305
30
8870
2951
5057
7273
7310
388
7380
5723
5384
8723
6750
7708
5878
7531
5999
5311
9972
3768
1348
964
3614
4638
1558
9447
9802
5899
3423
9166
8020
9130
1638
6079
1938
5049
8919
7866
2115
4559
1440
1121
5912
4316
848
2624
7990
8621
2309
1735
6831
2024
1852
6909
7389
7341
6416
4231
1393
5609
7471
1411
6965
8214
7702
6254
7085
671
5769
828
8612
8132
3195
5413
2327
227
5052
9297
3790
8933
1457
1180
3590
1687
2334
5995
7278
4729
8689
4597
8633
4687
6473
6506
7087
29
4156
7697
6613
4594
5539
7319
2851
1480
3123
8698
8829
6438
4581
7162
2288
7118
441
2460
4152
6290
7821
5277
5879
1707
8975
2355
1981
1172
2195
3924
1659
6689
8326
2298
6071
7354
2684
9195
3394
4137
8329
2109
8564
3636
7166
839
148
1527
2309
1515
4246
4013
2354
796
2208
8878
1818
4905
5618
3183
5337
1679
9285
9199
7038
2140
8112
2282
1091
4933
4433
1245
9065
14
7961
5712
6713
2242
4541
8136
2207
454
8863
680
9678
7646
4334
7529
90
7192
5536
7778
3577
210
8799
6650
2823
9365
6597
5026
2727
7865
435
7375
7081
3000
4947
2339
2835
6496
2165
9575
364
7482
976
4882
2815
8605
9520
9392
7805
583
2192
3898
9397
6654
7668
8855
1215
1311
2888
7348
5645
9515
5409
4342
18
1487
3598
6677
2699
1995
4694
3593
5027
5960
7413
6095
9234
3916
3834
4218
9844
7205
7220
2143
5672
6537
7977
426
5331
6092
1124
1524
3607
4817
3930
849
2073
6633
4863
1328
5006
2842
6693
5809
5889
8599
8870
3437
9241
1573
9620
7298
7476
8670
7503
8439
2294
3265
8670
3481
3510
3172
1346
6606
871
3169
9986
210
2029
6564
4022
2600
9053
2506
9211
7001
511
1410
6254
7073
7667
4540
1185
3758
6471
3826
4047
4937
7313
5490
8555
8807
7963
1382
7817
1833
1496
86
4938
2719
8612
8660
1408
2676
7551
7019
8245
4970
9458
502
7928
883
7010
1596
5813
8969
1987
7587
135
7045
9122
5049
2896
6538
8008
5214
4637
7670
4688
7377
5504
425
6472
3535
8460
9006
3132
8508
6207
9451
5581
9077
5478
6810
7562
7671
1797
6366
5568
8848
9846
3909
9950
7893
3596
3563
5763
4869
4668
2336
2382
574
281
2080
4998
7502
4411
3474
3136
6807
5837
3478
1379
683
1464
44
9570
6086
8975
336
3417
8271
2101
5840
7531
1594
474
8579
9938
4896
3243
8262
3840
3870
7069
5006
8796
3397
1812
60
3260
8322
3230
8761
3010
6367
2530
9267
6429
3552
3992
9677
5894
4331
8919
4110
8472
4440
4549
3403
7028
5832
3535
8239
3563
7575
9638
7508
3613
6457
1248
6173
4273
8915
7076
5094
5040
3340
2830
1163
9064
1207
2149
6386
904
3565
2367
9508
4950
2958
6533
4355
8847
8408
3031
7428
4786
4990
5197
5434
6728
5021
5653
9971
2303
7819
5403
6979
7254
3825
9069
5132
1610
3385
4339
5821
3682
7149
7335
9998
5207
129
2557
654
9924
6893
7326
5864
5883
9648
308
50
8142
7395
4435
4043
5553
2178
4082
3084
8162
5388
2254
1125
3888
1400
2744
5461
4069
7210
3746
7637
7655
5199
226
6598
2463
4998
46
5410
493
9538
1095
7606
3517
9019
6990
4214
8950
295
267
1503
3066
4250
1835
9819
7875
1432
6765
8523
4148
1864
1795
8672
5901
2670
2395
2942
7169
7836
1580
554
2131
8672
2591
8623
4292
4647
7608
4869
4409
8529
6511
3773
6943
2242
4570
3404
3363
407
8722
1031
8232
1522
1261
8628
7743
2423
1704
846
6624
4048
7045
1114
8715
9712
9371
4393
1658
3212
5526
3228
3823
1896
4114
5618
5353
8022
1729
3659
8100
8990
9578
6761
9113
549
2322
608
7411
3962
879
1869
2942
6762
8244
361
1484
5396
5057
7230
2870
177
1745
150
4881
5494
7207
6335
7408
5642
3275
9721
693
8045
2745
7633
4469
283
2000
8166
7390
8763
6982
7696
2332
3656
286
7060
3651
3752
4134
9956
2964
4499
788
7922
7245
9427
1880
3619
3341
5986
3199
1768
686
1158
1175
4897
4016
611
5892
1201
3396
6890
9839
4107
3194
4049
7817
1225
5208
146
2684
3656
1508
3319
6756
6194
7256
4822
388
5041
8402
8381
4825
1404
5563
5213
7009
1174
2480
5389
3044
3040
7860
2932
6560
6074
4659
6681
4728
3195
1609
655
8411
3195
3302
9543
260
7367
4401
4980
7640
9193
222
850
2798
5014
2065
8435
8544
7980
7040
6643
8744
9818
7102
9643
5796
8575
6759
682
1535
575
94
7193
3431
7747
9969
1630
8102
6019
4953
9641
6772
7499
7748
3850
2818
7009
134
1545
4008
6223
8137
6747
6155
4966
1911
8592
6092
3658
3747
1684
608
3719
3445
7064
9099
3029
7419
5051
5045
434
333
2524
3027
7398
9871
1244
2070
3251
6825
8786
8441
5213
6673
5312
2438
3347
1037
8465
5836
1377
5537
4443
2272
3268
9033
3052
4054
684
4751
9788
9590
5083
6499
3573
5890
5612
3720
8756
5095
666
6522
2841
6832
4960
3243
5394
7045
8132
4626
5752
1991
8953
9214
3668
4897
5889
252
9758
8365
6818
7190
1386
8499
7036
9196
3358
8713
3099
9422
6825
9626
2281
3370
5170
4854
2695
7611
7311
25
3638
6007
5921
6057
8999
7797
636
5868
2831
8676
0
5360
3961
391
8276
3475
5136
4341
9795
5764
9885
6680
3946
8710
7800
6125
9710
5583
4044
8813
2201
8278
2940
9732
4726
811
1268
5328
9500
9239
8560
7489
5882
4423
9421
1464
5664
1889
5093
1694
9717
8354
7815
1547
140
6958
2060
7210
8256
2874
8087
5052
1823
4017
6474
1722
2420
4228
5664
7465
2207
9808
4841
556
7203
2395
798
9523
9289
6336
460
7820
490
2350
9096
3847
462
1393
9592
7768
8750
4058
7072
6625
1151
3508
5666
1864
7948
7698
9044
1435
6225
7627
9487
9909
3512
7258
4343
7744
6160
2537
7920
1920
2413
267
4561
9472
4921
2626
1260
1026
4636
7896
8715
8148
2735
8215
9404
3695
6728
8933
1574
1591
7291
9024
1594
2863
2863
9186
335
3203
7049
1847
1608
6212
6137
5151
4212
884
8946
6193
6943
5321
6438
8018
6799
8328
8912
1338
7173
5296
7853
648
1016
7226
963
6329
4629
3388
8672
1698
6609
5735
2291
8056
3977
2788
6288
2502
2011
7584
4003
8520
4748
535
1990
6252
5152
9273
2225
3266
3950
1525
2012
5038
5350
6400
831
4381
5249
9807
522
823
2212
7248
9584
1207
3030
8382
4040
4011
2040
6410
9326
9589
1293
9333
5899
480
5236
4710
1176
5356
1163
5406
7747
5083
3723
7252
2706
7576
1956
1906
7253
2203
7062
3180
6308
7500
951
782
3221
6770
5232
8214
1225
7540
2198
2422
3745
6016
500
351
9145
538
8630
5166
9659
6806
9500
4500
7484
5777
5676
6463
2054
133
9157
7122
2527
8112
3025
8399
9529
4453
1489
4406
123
2949
4180
207
2885
1300
3507
6689
7076
1605
2761
6714
3572
1896
3520
9502
8000
6450
3298
7444
1094
8769
6160
1091
8383
5075
9895
5632
2991
2101
821
4692
9049
4224
5042
6710
2625
9293
1615
6184
2270
8986
9387
448
7372
2442
3550
631
4592
3523
398
3078
1155
4044
3312
1354
6788
3088
1823
7809
1404
7874
3698
4974
783
8069
7665
9348
6853
6809
6876
8707
4835
7113
5173
2107
9382
5711
3719
5941
1525
9263
1040
9468
1702
7743
3536
5004
911
3688
9921
9536
7469
3806
4779
4396
5288
4412
9665
9303
4777
4201
3777
7782
6646
1691
8242
4041
8871
1204
1972
1077
9369
5882
6283
2140
6833
4229
3271
3040
4532
2660
8436
3165
6887
7339
1237
1029
2334
777
6819
4969
6046
4415
1163
7324
5486
3258
2821
11
9500
9495
6133
9707
1716
8844
167
1587
7522
2638
7563
1058
1141
6624
4771
2116
5764
612
894
9306
453
7213
1707
8094
4385
7002
5031
4953
4718
8959
6654
3575
1407
3260
3539
5036
6527
8729
1449
8043
7172
9650
3506
9695
3214
5760
3828
9421
9644
9047
1559
4873
2363
3515
9557
2287
7788
8038
5321
4713
3812
5213
6868
8563
5984
3987
9650
7880
3085
9734
5588
7034
9163
2850
2134
802
3706
2012
4880
8624
3174
5610
5309
5670
7399
1781
1211
7892
3702
1252
7248
8489
3407
6736
4231
1958
2782
4943
3710
9226
6110
5947
6335
9910
3458
4524
5710
9512
1381
8755
8580
5775
3158
6697
1538
8202
9904
1197
1163
4203
2776
1758
4178
1832
2485
7099
3627
2426
8619
175
8020
8762
8301
5654
2514
7227
9274
5399
2212
2874
6070
1698
6511
4947
2671
1472
5330
6710
5198
6029
2054
1584
3779
9507
6449
4351
1768
4503
7424
6358
897
3283
892
1205
734
9818
7474
7504
4183
4310
8927
4504
8985
8289
8132
1077
5246
9230
9161
1012
1769
6916
7228
2590
8120
6435
4983
8793
9204
8162
5458
4771
7975
5853
1976
2786
805
5305
4212
2853
3998
7826
2526
887
7101
7549
2599
5490
1375
5371
9105
2537
5341
6411
4589
3981
6054
8301
3084
4299
4835
8681
8299
6021
8851
4156
6529
3131
6313
5345
272
9940
5018
6307
7014
3942
4389
6341
5489
570
3836
9493
7418
3832
9056
2920
9429
1563
1263
7995
6732
2503
2221
9913
8018
5317
9526
6505
2036
2945
1020
9467
9177
6029
5099
9164
7519
9033
9396
647
9591
9713
2812
2513
462
5342
1263
4466
6964
5930
4726
4965
1868
8317
8613
7768
7719
5104
8289
1697
4415
7884
4305
2543
9550
4368
315
1388
8733
9892
5401
395
2167
616
8403
7018
9691
9707
9450
2676
4054
5060
9541
6105
8218
6054
7599
859
7415
7331
1445
2414
744
7699
6231
1707
5408
268
2963
6094
5026
9874
5733
7071
529
4330
2798
1251
9913
1594
8077
8012
5654
5613
7643
9355
8342
8199
4325
3496
6768
9456
3972
1402
8447
2986
9651
4468
4384
6696
1610
9422
6744
3356
7650
4179
9326
2469
5576
3888
3255
6348
945
5820
9254
3432
6760
5130
55
6876
3364
7208
5943
9466
9325
5569
5901
4331
8624
7542
4679
8330
6867
3217
9984
8654
1268
2298
7963
3463
28
5873
2623
436
240
420
8511
8151
2148
5014
6226
4520
4412
7508
3332
4402
3479
7277
4030
2080
8278
4995
3844
8033
9209
4925
9480
7727
5836
599
2164
4462
7167
6592
6847
7491
4584
5506
9225
8904
7057
7749
2183
3610
1316
158
3918
9358
9885
5582
5175
3990
8267
5882
5185
5032
2028
4590
1227
5315
939
783
2315
1548
2849
1764
7353
7819
660
5841
9817
7972
8051
5126
5022
528
2812
234
6717
9050
1006
122
7842
254
5424
8173
6194
1285
1406
1815
5462
9994
4278
3910
7964
6274
5434
634
760
9551
2805
6098
8698
4043
5764
7202
5939
3141
859
4657
2220
1794
7872
2177
4309
817
2940
2060
6123
4675
5569
6067
6413
8845
378
9823
3693
4141
7161
8748
5093
2177
9474
7166
6245
4907
1423
3798
4490
8221
2234
3053
425
6749
9594
3668
2121
2101
9600
7146
3333
3374
4511
6084
3981
6737
9685
9853
3665
5941
3509
1797
5979
2110
9564
42
2319
706
5932
9401
9394
9141
7570
7902
2441
2516
5642
9663
9250
6710
7701
1591
4540
14
5415
1719
7666
3389
3184
9507
5222
1570
133
8548
4711
437
7073
8315
7185
9551
1348
1415
6169
199
7752
4191
5803
6608
3643
1465
1095
21
602
6954
8239
1917
7257
5965
6695
7845
2376
8929
7522
6424
4179
7824
9007
9021
3190
2003
5442
7327
2478
9698
5361
6286
5422
4341
2262
1223
5915
1057
9746
1719
8412
5200
967
3178
309
2794
3180
1108
1619
9340
7175
2418
3893
9744
6020
9928
5183
6782
3418
1639
6022
3768
7543
903
1592
1953
6495
2916
3703
5472
1929
1318
9183
5802
8012
8978
6856
5828
8712
396
8823
4334
5707
3138
2522
2943
2393
5677
8320
2333
6039
9133
7639
8107
5696
4644
7656
63
1585
8356
6299
264
7405
6147
7410
5857
3235
8090
1732
7041
3071
9354
8069
3022
2815
1688
8060
4405
8380
8649
9559
817
4595
1369
9432
2796
3678
1076
105
3368
1321
6792
4243
356
4097
8559
6928
9559
5727
6665
9708
4302
3945
1279
9261
6684
1063
4617
5291
4008
6583
3251
1682
2936
8796
5481
5668
6036
6715
4614
2178
2159
7984
8364
5719
6279
5111
7713
8925
4256
4759
8501
8677
1715
8941
5257
6872
3315
2107
2747
1732
9061
5784
6096
6785
8070
5110
1306
1560
8615
2890
892
2844
1113
4487
7548
6318
5580
5559
2982
1572
3350
5692
1034
9249
8082
4574
9967
3994
3539
8608
2353
3928
3967
2881
3116
6374
1887
1579
7649
1168
3805
6153
309
1366
3866
5656
7563
7227
1392
8938
1291
7756
9124
1175
8382
3369
4750
6847
8702
3495
5142
7311
8020
6
537
6964
8877
8232
1370
1174
4430
4001
7910
1814
7767
7196
5382
9667
5382
2425
7011
2739
2602
4600
7317
4597
4803
2791
4498
9747
1623
5040
2876
4154
6025
6493
8132
302
829
6902
6778
9330
5857
217
4508
7289
9845
7310
3407
1186
7986
5082
1464
6276
6483
2403
4709
3420
2689
5940
2160
6085
3734
1623
9551
9390
1125
3756
5788
1274
9064
5080
8838
8480
5647
7681
6882
2384
92
27
4751
7493
9384
3312
1761
6541
3575
6599
7670
3622
1783
4711
7613
4889
4742
692
5596
4234
666
5117
6164
6089
1522
2133
2122
2905
6243
2984
629
8802
5521
2325
3328
2661
1188
4667
6701
421
9862
3009
5814
4525
6085
2165
9491
4352
7467
3949
3737
4954
2084
2647
1717
4974
3862
8662
5970
7251
1190
8855
297
591
5970
8868
8101
9457
1383
4951
3700
75
3991
5174
4372
7656
9303
1639
4
9356
2642
7769
5438
2294
9246
5675
6717
2873
607
8354
8799
2526
8696
9450
9231
1006
2712
5223
8555
7216
4064
33
2969
2516
249
3662
962
6910
8275
4060
5671
2223
8657
6613
4608
3420
3416
8003
1344
294
2151
5227
8849
3028
6151
1173
1378
4541
5943
3365
4944
4079
3083
2788
5292
2609
4800
2922
2045
5584
4712
9806
4598
6547
2683
6575
3868
2083
4841
5810
7590
4709
3879
8260
5064
8837
1183
9940
6364
9075
2284
6421
966
4910
9115
1591
9139
5869
1321
1999
8619
494
5958
5760
5582
2344
629
2302
345
9576
7304
9294
9699
132
5775
235
199
4823
7723
6454
1425
4860
6557
2969
3299
8290
8840
9688
7431
1091
7435
7999
762
2841
7191
7095
8750
8119
2678
2719
8208
8880
9594
6788
1770
2989
6721
833
9134
8880
1392
4316
8146
4866
574
3759
3936
2988
2460
7291
3504
941
4871
9254
2140
9305
8532
6858
2941
8679
1484
2080
2145
5003
8246
2545
5265
9769
1199
310
1569
8006
553
8550
9699
3118
9853
5895
2267
3432
3158
5762
5659
5386
9215
7267
4009
340
4647
2464
4457
9862
7892
455
7396
9311
2171
3142
6619
8028
8493
4167
1788
2150
5722
5498
387
6320
9555
9021
9452
2636
4591
9509
5520
5721
6421
6758
5788
979
8535
4925
5121
8734
5853
1706
114
98
1154
387
946
6710
9275
4238
4938
8991
3973
3508
9663
3717
6879
7689
785
5626
3012
1820
5271
8382
4934
1674
2890
5413
7353
5640
9493
3567
9045
3054
6297
4016
5384
289
5165
9167
8074
2741
3360
353
4570
6529
1748
2912
7094
2071
4099
846
4140
9495
5722
4032
6434
1731
5163
9480
7497
5533
9357
3635
4745
1371
9945
919
7211
5647
8332
6590
2523
1617
7551
270
8459
4918
3812
8405
9926
9977
8318
5281
1540
8646
9427
9550
7331
2264
7581
3652
5125
5685
1670
2540
3384
9725
5607
3199
6583
828
5700
1447
3738
7509
8322
2522
1943
5452
5573
1516
7918
6758
9554
7519
7215
4075
2094
6098
1943
395
3587
4947
8066
4680
1464
6838
9947
5010
6885
8734
9310
612
1822
9097
4276
6871
1543
4030
323
6905
7606
1879
6690
6064
5733
8366
6130
4150
5325
9309
7630
9509
1256
6187
7241
753
3380
9058
6044
1484
2574
6932
8566
6839
2205
7306
4936
457
3242
344
2532
8064
5775
5038
2788
1707
8256
2001
8946
3097
708
5797
9685
7576
1103
9801
9356
5634
1855
3523
3490
2484
7985
8839
4330
674
3313
9851
3858
8427
3430
5673
907
4980
6776
9566
3734
6218
3399
5533
2497
1379
112
2947
776
6777
7247
989
5735
2404
7949
9302
8601
9719
6854
47
78
6935
707
2114
8394
8404
8142
518
9667
5034
4889
4704
799
1537
6067
3138
2234
6321
1025
2111
2372
5038
8063
7552
3426
2323
4116
1454
478
4128
7071
1187
8126
6728
9488
6798
5510
1285
7139
4092
3236
9593
3279
5741
1887
2542
189
4197
6337
4811
7067
2279
8694
4743
7675
5039
8872
3154
8687
6070
4288
6688
40
5539
7962
3702
6578
4071
2049
9268
7627
949
9182
6932
8874
2778
1759
2321
5664
883
2133
9918
5116
5666
7060
4791
2493
3383
9052
4448
7925
2356
2597
1068
9804
6547
9553
7740
7778
8185
5964
6118
2148
7068
7183
6117
3097
1761
5868
4897
3280
6550
7489
7803
3937
4370
1572
4373
8478
3170
1208
3194
5018
7600
1342
5271
8351
8113
7127
2327
3224
4018
4543
7479
4918
6015
7769
8047
8483
942
1694
731
7515
4155
1168
1375
4866
4793
7131
5434
4975
5179
9261
4607
6976
2770
1100
4548
5725
1911
7766
4983
4633
3540
1672
9261
2007
10
2884
7921
6600
3524
5889
7536
1476
477
5679
862
6432
9967
405
3557
982
1693
7352
8045
4757
9935
502
2148
4914
3221
2322
6572
3176
6710
6097
3974
2482
1906
9367
4856
1909
9209
8834
1450
9290
1724
3131
6499
7090
237
8116
5757
1506
4208
4001
2940
6188
3627
4504
2072
9508
736
3007
3379
1202
9317
4359
4765
4379
1704
8379
4525
600
5548
1648
1772
2859
5901
8754
3032
6804
4002
5057
4676
5105
6564
5065
8968
2709
3157
7786
8855
7402
7295
5348
1173
6202
5455
248
9972
7364
8365
2119
5385
1858
3590
5157
5957
2559
2229
81
286
4872
1471
5267
5505
5678
8330
8273
4637
4252
5391
2056
1222
3918
9524
7122
3305
200
475
5570
7404
5653
8782
5667
8438
1882
9672
2818
1514
1407
9107
6408
480
3076
7500
3982
5931
2027
9842
5495
7871
7181
5610
5719
1973
6309
897
1467
2334
6468
1851
5756
2083
6658
2676
4633
6089
5803
6828
3622
6005
5512
6759
3230
5144
8983
1576
8145
6418
5541
1191
1277
358
4980
7698
222
42
3062
3694
2129
985
8204
484
5045
9555
3350
4324
3821
399
2867
7892
127
5199
6219
9489
2358
421
2379
575
2990
4732
2751
5048
6792
5277
574
5398
7103
8959
2454
4590
3027
2109
4698
2637
7801
5028
1713
3675
1793
4658
7754
7746
3551
7648
1064
6078
4138
5491
5340
9800
7663
2487
704
7396
8233
3155
3691
9768
8980
7952
7221
4861
7945
8276
4865
8017
500
3581
1688
7329
8708
8704
8781
8331
6978
5005
1497
9144
4212
4496
1259
1612
3619
2653
6926
540
1405
7301
4404
4645
1337
1944
4694
3841
7437
2893
9801
5274
2782
3046
5577
557
3803
8010
1092
8959
3705
2372
418
3227
1658
4547
5556
4484
6692
5608
1241
5291
1350
4325
6612
3198
9176
7042
5992
6763
4009
4940
894
4084
5204
6222
6361
1165
8918
702
7809
5608
1561
7967
6834
9032
6883
1177
2986
6789
6388
210
7148
1828
1651
4509
3924
8457
6434
2379
1380
6760
2017
4328
4949
8765
1477
6334
8023
5435
8185
4390
5566
5990
7799
5633
3730
3382
7491
7579
6315
7999
4056
9202
374
3799
7791
9066
2433
694
2298
7904
4731
6538
9321
1048
3591
7232
3017
8068
7554
549
3153
7550
8604
1997
4643
1157
4028
6018
779
541
966
8854
6064
3380
2703
2814
3953
1150
973
2411
3900
7329
3137
281
9659
9027
6668
6751
2041
6497
364
9422
25
5766
4846
6505
598
8377
9155
6633
5038
6414
9914
1756
6937
5876
474
5941
8344
776
3278
1866
7094
5143
6648
5824
4413
8322
2338
5615
4489
7276
3976
4282
176
1544
8829
297
8534
6198
2215
5576
1994
4340
7372
7485
7414
1380
3344
3783
8553
727
8406
1265
3218
8498
2327
4881
9117
9022
2092
2276
