9900
350
2161
2552
4780
2720
4246
9333
3175
4001
9478
8114
1465
4141
5769
5550
4855
6719
5386
4102
36
4748
8849
6128
1668
2331
859
3088
2950
8523
637
9172
5649
8106
8645
898
8449
1661
736
5672
9769
3043
3084
3463
9655
6592
833
2204
8339
2551
7803
3514
7365
3622
735
5151
1500
6033
884
2448
1861
1158
6383
4652
3363
305
2465
3358
5495
4870
7100
3194
5983
9713
4332
6993
1664
5386
6472
5075
1497
8654
4748
398
720
7122
1807
2026
7371
3493
9398
2416
777
8287
3811
8611
6660
8432
100
9349
4126
7475
6709
3468
5450
4609
7531
7652
9290
3741
3487
6114
9560
5808
950
3206
6409
5984
3932
6240
8498
439
5986
2001
5472
4683
2417
7695
5902
5720
333
3232
5286
7122
949
4022
1945
1280
4947
6110
9591
4154
2735
3629
6
3284
2856
4969
7336
605
2201
676
4499
3859
851
3687
1488
4707
7996
767
2191
9835
1750
3570
3408
254
827
2437
4859
6928
1260
5129
1036
7821
6649
4343
7703
2357
1994
2188
1827
7448
359
5296
3518
9657
8732
1427
6271
7262
2533
7237
3284
4180
3919
9755
2404
9165
221
9751
2456
419
109
408
9344
7072
9639
6678
7209
6507
5983
9131
2712
5807
8939
4743
9476
6453
51
3751
1522
9400
6165
7597
4394
4023
1845
6855
3901
6894
1938
8537
2136
2242
9731
1408
7338
9950
5952
6446
17
2053
4217
9763
1278
3402
4524
7476
5240
9175
279
5951
9114
6469
8229
3056
4253
2512
6013
5320
5226
2784
2776
315
4569
7445
6995
470
6076
7531
7405
9525
500
3605
3734
9468
5182
6402
6318
992
9498
4369
1614
4726
6614
5986
9423
5666
4013
6674
7154
4825
3937
631
1219
7232
9277
3902
5194
3832
6406
4054
1399
7709
1770
753
5451
5509
2735
8761
7874
7851
6194
5020
5822
857
1169
8050
3700
8582
8022
1329
6457
9401
376
2580
5587
9868
2385
6501
191
1280
1207
2485
4586
5444
2970
3905
2956
5861
535
3913
2931
5251
8800
9303
8630
8916
4809
362
6063
1226
201
6611
5810
5077
7597
1997
7332
9190
5166
5582
3124
6233
8570
6593
6643
3708
434
378
7887
7264
5094
7839
8046
4108
8397
1205
601
1073
3949
6671
5059
2023
438
8964
1079
4596
6675
9508
7846
972
6572
3765
695
4953
789
6697
6681
2207
2659
4922
8482
4431
2475
8798
6132
2361
8565
1701
6679
6392
1396
6259
5241
8495
523
1100
5795
9605
5514
2047
7032
925
2531
6914
691
1328
7144
3093
3319
1700
4524
8393
8413
9026
8188
627
9547
1639
2832
8717
6031
4974
2829
1454
9576
313
8524
2200
4429
9688
901
7075
6692
612
7889
7556
1900
5560
8106
4803
5217
5471
8382
4979
1867
3002
7846
6214
306
9896
1553
4156
6773
6797
6016
2058
8096
1076
7338
378
2803
4944
8664
3630
798
7448
1701
7800
1137
631
8727
3987
3532
8028
3499
559
6592
7849
9586
6573
2467
2310
1893
4533
8135
6745
301
9895
4596
5831
9460
823
8222
7728
1999
272
6807
4751
4180
4418
1301
45
5077
9674
1168
7565
623
8744
3297
5456
5466
247
1490
764
7911
493
3050
4130
5494
4053
7147
1805
3204
5305
1171
7903
5765
5804
6028
3226
3752
1840
3668
5167
5272
2421
7233
2219
3364
570
6121
1557
6598
9139
364
9213
9333
7457
9816
1506
7222
2676
9257
127
7271
9496
6840
9771
8502
3265
1800
4819
2715
70
1704
3626
6578
6322
5492
5489
3260
831
766
4924
7931
5589
5207
4065
4940
1958
8570
8308
5987
4522
6004
1075
2582
3541
7895
5776
5581
7461
3716
99
8769
1302
8841
6527
7434
6738
2634
3010
1964
4326
8246
6390
1910
4332
2195
1682
4289
2774
4830
6543
4694
3492
8831
8193
4065
628
1043
3036
8426
9716
9908
5798
7114
666
6154
6629
6748
8679
6630
8202
9324
5559
6343
1660
6276
9613
9165
8250
1345
6213
1486
2806
2630
7173
5404
5277
2470
648
2461
6805
5694
9598
4584
2247
4418
2447
9276
1243
8177
5566
4933
5609
6143
6628
7219
9134
7148
7171
1916
4452
1463
2793
1691
2212
8229
7101
3167
9940
5261
876
4159
6099
6217
9824
2507
9725
975
4095
7242
3828
337
7921
72
5778
1280
5877
6662
6002
9954
6270
8129
5298
8731
8009
5342
2901
7906
2372
4018
7316
9279
9335
5981
7300
1407
8833
9392
6319
4120
7493
8159
3052
9929
8088
4115
3541
2720
5912
932
2352
439
7165
9986
8991
2747
8860
7368
8207
4482
9605
1819
8603
77
9925
4548
1001
1940
2771
4371
2446
6485
343
1882
2460
8111
5076
5369
642
3894
1801
180
1994
1439
1665
6877
2114
9348
6990
4553
2547
1465
1184
1836
4514
5674
9555
2975
3
3539
3113
1601
9949
1540
8485
5867
95
5283
7526
880
7671
3490
6725
4313
2681
9425
9824
7163
8412
3048
2433
1653
4950
8218
1824
980
5301
8506
7367
6786
8555
2101
5366
7103
781
200
231
453
2954
5798
6781
6831
1822
6109
6882
9056
4739
6870
9155
5089
5849
2392
4562
6955
1106
1460
6650
1731
9716
7504
566
1589
7915
740
2324
5569
8124
9622
3532
2480
9193
9370
4209
2613
6267
5601
9831
8840
1336
2767
6241
8430
9350
2277
936
6162
7538
8410
5997
9320
3549
8499
737
5449
5232
5192
8915
1081
3785
1312
932
5117
3338
6674
5895
6479
8183
1949
688
5504
1629
7810
395
6948
1263
2135
2238
5638
9804
6162
8031
9713
3625
4211
8931
694
8633
8759
7381
1074
6686
8749
5055
23
1835
1123
5091
2676
6381
4457
7979
5589
7722
492
7691
5738
8104
3788
4185
3096
2953
3277
1277
7623
3281
1218
1492
9127
7742
5201
7845
9423
4567
9613
8818
2879
2755
371
5113
140
7044
9562
9257
5347
8182
2442
1991
3132
6519
3193
2590
4845
4574
4285
8120
3408
7471
7432
6742
616
9631
5964
4933
1179
6611
8555
1021
8108
1674
4811
2982
7732
8674
4045
6052
3391
4019
5930
9440
839
9227
8359
2607
4549
2611
3000
4849
282
1492
5409
5407
5323
3629
4497
509
1079
4628
8078
8735
9626
1420
3882
1457
1707
211
4857
6170
529
8232
4729
9389
1541
7991
5903
1388
1271
3357
383
8568
3611
3706
738
6616
6265
9404
7658
4103
4176
3535
4972
8762
5941
7194
9813
9418
5345
6902
900
4338
7753
6829
4319
2049
6763
6019
3866
7331
7725
3109
9238
7722
4245
9509
5124
5920
682
7265
5192
2303
2552
754
1994
6993
3259
5966
3448
4346
8178
6485
6043
4369
2457
6045
815
6781
9387
8688
9853
245
5537
326
6377
1067
4297
7250
4517
6431
2070
3893
8735
8079
1709
8596
1786
6998
4835
7325
8790
797
2571
9519
9153
1239
7065
4869
5265
8199
8694
8342
6533
1993
7412
4946
6765
2225
4376
926
2696
6009
1448
7016
2276
4285
7749
7963
2659
3860
4259
3816
1946
2061
9898
9055
7674
6018
1173
5138
4001
9428
1985
6318
7737
3728
7359
6741
666
6762
1830
9560
2622
3908
4629
2780
9348
5554
7243
4867
3490
9101
2209
1404
3940
4877
6395
4471
2095
8356
7272
747
1051
9238
6924
3267
4023
5130
9279
8547
6925
1008
7297
5897
2029
4698
1194
8037
7431
7117
9707
2119
8774
6305
1647
4900
7219
580
2377
2859
7332
2887
4646
2309
9490
1083
8508
3383
6984
1362
8757
4218
6275
8695
7942
2482
1804
6312
9375
9241
3683
8358
7040
4977
8649
5153
1972
4746
7590
2024
6048
3442
2752
6419
1215
4037
6361
4987
6406
946
6189
7810
1053
6068
8360
5488
5843
79
8363
9165
3095
906
1205
3136
9176
8974
5847
9668
3660
4337
9110
3762
5792
4960
5313
5314
1466
9855
7479
3904
6120
6817
9905
8428
3051
5872
7305
971
6617
3161
9309
1893
6382
8424
8929
5141
2236
9615
7243
2241
8190
6693
1327
2069
1835
2427
2018
6092
755
3045
4021
5988
2599
4459
3045
6277
1001
2776
84
3303
1668
4875
3050
498
5027
7216
7379
7367
6030
172
3078
1851
2612
5238
5713
9426
5490
7835
6593
624
3854
1212
216
3572
9140
3321
9294
1923
5379
2651
4140
9459
9531
3940
572
3315
3643
828
7042
4619
5047
4650
61
582
9966
2170
3375
7361
8745
3618
787
3165
6183
9460
9449
456
4658
9477
1358
1706
7922
5456
1988
3379
6031
3618
2320
8671
4665
2398
5783
4661
793
1973
5576
9204
1150
9633
3605
6970
9945
1933
3177
1760
1864
974
3275
70
4490
116
8656
4165
9470
5335
6696
9590
2661
6682
4551
6348
9849
4703
2695
6346
7835
6125
2372
4209
3883
245
9305
5024
5871
4387
1761
5989
2278
228
1515
5057
342
2249
4181
4549
3742
1617
5190
5457
5277
5986
6542
4468
5082
7257
7120
5241
9237
6831
3924
5738
8602
9065
6187
4245
810
3632
8294
5082
3573
707
7312
2433
5167
9494
6006
7600
522
8145
2604
6218
934
6914
8932
7897
3702
4837
9941
8614
7267
6520
6751
5447
6303
5776
6454
1276
6061
9935
3739
110
3323
108
1884
4570
8673
4108
9300
5588
1251
9519
4718
1092
4226
7706
4803
1687
133
8290
543
5972
3690
9679
7815
7053
3955
1864
6130
9390
3039
4729
1539
587
4406
2494
2894
826
5030
4361
9223
9593
5537
4353
7363
7748
1802
5659
1221
8596
973
4767
1143
7770
9392
7766
6419
3643
2292
4831
615
6809
7978
9910
2549
6521
7980
4130
6685
1731
4812
3976
6657
5771
9067
949
435
9336
2316
67
5250
8295
643
7534
8417
8271
3586
3768
1195
6639
6074
9250
8533
199
3746
2414
1615
5626
1804
841
9767
7671
8974
9489
3784
6996
8110
5371
8703
8442
7331
7083
1327
2225
9580
2319
6165
444
1493
4277
2935
4211
2935
45
5656
5561
5443
6458
2024
6653
9334
4808
7532
1474
299
7579
9321
1154
3750
1420
161
8214
5065
2752
9308
8991
7923
6308
619
1427
6248
1170
4133
7526
7906
5556
4735
8928
3832
8222
1553
1652
3347
2050
9108
2522
9551
9852
1926
2000
2997
5011
6693
72
4115
4721
9146
183
736
6665
7637
9135
5838
596
404
8163
675
5
3568
4743
2843
392
7321
5527
9867
8509
4867
3014
3643
6785
9440
8070
4381
8618
8430
1237
4476
4061
3411
3184
6409
4552
8192
7167
585
2418
5813
2750
1645
945
1847
9546
6284
7183
9157
2604
7689
1166
204
5606
9853
6131
6539
3951
7225
9567
4753
7220
2165
9166
3686
6613
6594
383
8333
8291
2200
154
4942
7449
2696
2116
1368
2698
4938
9893
1786
7198
9460
5826
3547
3310
3856
7804
3330
277
8012
4241
9941
1017
7664
8592
584
2478
7258
5233
2952
5900
8849
866
403
7535
6224
2754
2910
7737
4763
3841
9013
7331
7781
7554
7759
6339
5619
376
2757
8789
7052
8056
278
7959
212
3924
9784
4103
1531
8890
5439
9704
6941
5885
8349
8594
5422
6012
7086
1101
4894
5593
5514
4171
5228
2610
3236
109
832
4245
6859
6882
2476
4162
8847
792
587
2443
7322
2299
2969
8806
6205
5873
8401
9308
389
1896
9205
9165
916
9606
3289
1655
3895
1459
2542
6107
2731
7602
688
9675
3271
7286
2030
8557
7227
2779
7037
7557
8006
2979
8690
4787
8132
6087
9387
9641
5769
5919
2220
1340
904
1667
3328
7253
3592
821
267
7388
8250
4480
9712
9719
1610
3294
5535
8919
3842
9844
2081
7610
4858
1648
1158
7937
915
8502
3523
7807
2071
2900
338
6812
5382
9348
8770
1604
3957
4776
4964
6405
2511
9648
9306
3526
3266
8971
3176
4837
552
468
5798
5925
3837
4610
6481
9256
508
5391
6337
5090
7298
2459
5317
5349
4142
2899
4337
2262
4524
3931
4961
9065
4879
5676
5098
5210
2341
7632
4670
1944
5326
8685
7255
1602
7102
4412
2975
771
2866
9513
1095
8566
8439
9874
9106
52
4331
3957
9384
366
4634
914
312
6620
5507
6732
1045
8161
9512
1271
6915
2876
720
4392
9763
8612
5204
3714
8246
9729
9924
3565
9395
5010
2835
6394
626
5004
6569
5046
878
8383
8247
4303
7310
4411
8373
634
6095
369
3366
4813
1259
1595
2598
8219
7846
4046
110
494
4847
617
5710
9654
442
1069
1518
5301
3785
9112
6105
6041
1591
4465
392
8531
4628
6416
7082
5352
239
4569
7618
7877
6362
5110
2305
7799
2412
4616
8547
6580
4893
6075
198
261
2672
8592
3861
6241
2892
3071
6849
6982
4263
7325
3222
6794
1202
4066
3590
1430
6964
4758
254
277
2998
7833
3292
5331
8763
3719
2888
9168
565
9525
1147
5516
4267
131
5858
6036
2554
840
2459
7167
7720
636
3613
9037
1888
5510
6596
8346
1026
7117
9615
134
5820
9920
7262
4839
5300
8530
7477
9173
183
7680
6417
4738
6177
7706
2526
1071
8207
7554
8876
6123
2299
3087
2557
2362
4220
4254
3443
3252
7122
4542
8142
3448
9909
1013
9695
4346
2868
1019
735
4024
3363
3285
6984
39
4219
8874
2860
4181
2984
5525
139
3471
8241
3492
7834
2732
7363
4900
618
1045
5087
4224
2051
5640
9538
2968
4828
5163
8010
8180
8202
7187
6818
4851
2760
9014
6103
2517
8142
5345
1394
9261
268
1596
4403
4670
5207
6417
3178
6962
6983
7968
400
9689
8936
9138
1233
1343
501
1250
4046
7696
6171
4803
7322
2951
6652
3389
731
8820
6629
4846
6757
5273
9651
5826
3955
454
1237
4867
7761
8411
1985
1048
1197
234
6787
7129
5915
3622
7780
4759
2015
6892
1299
3698
3089
5464
4273
1451
8017
1817
5685
4358
332
2136
1210
5127
37
3110
5182
779
105
5634
3488
5635
5710
5123
3606
7088
6163
9523
7474
7109
1039
1869
2831
9864
3974
5953
2736
8490
6180
9786
6849
5944
2725
7627
715
9060
9023
1660
7091
2804
8439
7001
4654
6380
3404
5664
7987
7966
1858
7185
5287
8494
4343
8576
3318
8463
9305
1345
1153
4084
374
6691
4598
319
8785
7544
2909
8083
4408
4546
8064
4503
2431
4669
8669
4037
7215
6450
6460
8309
7966
4769
6632
8995
4498
8354
1600
4148
4308
2252
9754
7678
507
3007
2430
1747
2403
4334
7595
5860
2754
9903
3558
7311
9120
784
6063
9674
9906
9281
1247
2855
4885
2843
6118
5604
58
5602
5821
430
5943
8761
3775
2156
4791
386
3996
9424
2239
6921
1634
2880
8854
600
5555
8063
1210
9320
9874
3714
2291
1926
4241
5026
1004
6899
2793
7663
6889
6825
1688
6800
8513
7165
9916
3993
6127
1402
2520
8734
6787
6638
7434
2985
7646
8366
4000
4284
7287
8054
4394
738
5727
2107
8138
4017
4519
8748
1151
7892
7593
6333
2534
5414
5232
4834
4367
1689
683
1562
1935
9807
6800
1140
6926
5652
4491
1256
7380
2637
2898
8508
375
8834
2430
950
1072
6406
9026
5898
9474
7378
251
4627
1140
454
4103
2020
7752
2812
3999
2310
3600
5725
6119
4586
3937
4587
5180
2485
9526
3262
1368
8513
4993
9084
5957
3700
2983
4281
3762
7961
2663
4785
2088
4557
9556
2173
0
6472
1549
2471
3504
4568
8638
588
4907
4650
2715
7844
7013
6485
1225
6540
6372
6211
6009
1737
9634
2056
4497
403
9036
3470
9050
6038
9647
8815
3637
1561
5029
1764
4586
8708
936
7054
9758
6800
9874
4405
4177
1307
985
5139
7268
7276
6735
6122
8412
5876
8547
7818
2538
7943
1975
1145
3435
33
5517
2600
940
6091
1012
1153
2814
5249
1898
2517
5604
9318
6453
9209
1863
5228
7879
3189
9418
3896
6202
1773
9302
3525
403
7760
3014
7211
9225
6643
6733
9791
3619
9724
1282
7273
3464
8085
294
9831
2325
2018
5378
4218
518
9094
9423
9337
5955
7310
64
8785
1727
9538
3830
3744
3298
7415
5688
3251
8139
5603
6024
5255
5784
5813
5698
6728
7927
4589
1763
9793
2895
9586
1571
4184
6395
5084
3006
1308
8337
3676
1255
1915
6578
7947
8063
4081
5893
7537
3975
6049
2396
7042
1691
6722
5994
123
8433
4704
3395
2694
1410
1366
5546
270
5890
2140
7966
9646
7349
8213
4408
4379
4914
4462
4347
4109
8676
7836
7749
1617
835
389
613
5714
7397
5852
7894
4849
8189
6271
6650
8302
7912
5643
2266
9889
6368
6307
2057
5923
6114
6246
188
5761
1640
8016
2128
7228
2375
1885
1446
597
6955
1778
1859
1021
752
9831
2873
38
4245
3116
1456
1077
1562
6106
6466
9271
2196
4457
7740
2369
5779
1826
5502
4588
200
4851
4073
9380
3723
666
2474
6304
4825
6053
1346
6134
3783
1244
9137
6536
3434
2018
1677
2997
4790
9110
4199
5534
1549
2857
5031
7917
4144
9076
4817
5128
6275
7271
820
5900
5758
3492
6315
3579
642
5152
6251
5509
4759
332
5487
952
5319
1203
8935
3760
149
2505
9797
1090
652
8539
7830
865
5634
4556
2159
5748
1236
6217
9858
6512
424
3236
778
9941
5703
8097
2355
9638
2858
8689
774
1217
7370
4079
2597
2941
141
1057
4979
3770
7473
9730
5247
7218
5661
5449
7945
6085
2992
503
4273
8541
473
8974
527
2083
424
8993
8056
2051
149
159
8231
1962
7765
6613
3495
1554
1958
9218
5607
178
1238
6088
9039
694
7988
3559
4279
254
152
6269
6645
2355
4416
2232
744
8395
3552
514
2516
1148
3000
2928
3620
7313
1498
3285
9453
9048
1953
6391
4126
3773
4896
4094
7303
4385
9935
9832
4094
6865
4713
7802
1898
3880
3513
5875
7545
5532
5869
5100
8001
1444
6701
4458
7178
8309
2467
1725
9195
4703
4105
5231
8300
3761
2143
2872
7459
322
4928
6358
8459
3719
6420
5651
6434
5198
1029
9740
3799
5623
5739
3920
3178
6853
8389
2682
7072
437
6915
8994
1917
8209
636
9390
2759
9481
9501
8137
1737
641
8415
7223
604
9510
6640
4282
5023
1050
8023
1979
7279
2726
7926
3572
8964
184
2052
1447
5372
9460
5799
7022
3407
5934
4440
250
3082
7030
2891
6953
5697
2892
8003
3157
7207
8516
3316
3668
213
4106
7659
6021
2413
4935
1714
9191
283
7064
425
2574
7428
8053
2764
2276
4841
1393
3815
4669
5069
6390
1199
7992
8158
1070
6282
4386
4722
4768
6365
448
6868
8384
1234
1265
1801
9778
4608
8471
4219
5249
9966
6018
6604
317
9524
7643
127
5727
8316
5813
4700
8647
8598
3823
2906
9666
7862
1343
8653
7327
4468
5515
698
9977
5706
9044
6819
1499
474
5063
6785
5344
449
9820
6423
5181
1388
7841
1545
8638
4259
8995
6452
552
5747
8220
9785
7411
8358
2135
1915
3264
9817
6892
781
4451
5319
6627
4611
479
824
8628
5252
3252
9027
9355
8197
8778
7399
7725
8277
21
9797
14
3068
5472
9063
146
4229
7485
9258
9408
3140
8339
3147
3521
5527
3557
9038
1971
9861
4761
3229
1066
7814
5630
3742
3199
1524
6392
23
1007
11
632
3857
1893
3467
9802
3823
5308
5388
5173
2397
7125
1221
1415
5487
6913
104
5506
3828
4640
9739
5428
7864
3516
6791
8731
2199
7437
1729
5863
8622
7837
7461
8251
9397
2507
4481
1253
54
5724
9733
3729
6582
4688
2363
6104
9845
6399
143
6829
3094
6017
2564
5383
1267
4582
2768
340
5102
4735
7602
6385
3578
9524
6550
4560
9663
2969
2018
2979
2431
8850
5452
8103
4906
6009
8845
3175
1153
687
8886
5800
7294
4900
2769
2604
5272
2078
6984
4814
9739
4140
6151
5318
8121
3347
151
7057
8137
7803
6440
6875
4380
7163
4397
4243
565
4460
476
5257
5737
9593
9187
4414
5849
1802
9091
8678
6755
3946
9287
7585
5985
7203
3240
8290
2698
134
9982
1558
5858
1787
5037
3350
4247
2011
1420
130
502
8525
2039
812
1601
1726
9077
146
4953
1737
9469
6319
4256
1472
301
4191
8515
8855
889
7177
3923
6106
1544
431
4477
8917
9398
3949
4555
5837
167
3838
381
8960
8175
8230
1906
8475
5983
4258
8126
3094
3337
961
664
3663
7302
4386
1485
846
4834
5392
1121
4243
6207
4395
6980
1608
6334
2684
2328
5128
5590
9115
1570
5631
5937
5296
3297
2071
2285
39
2872
6630
9050
829
2769
583
9766
814
1615
5012
2463
3709
1002
4775
2716
6138
2752
3779
1250
298
2140
3299
1930
2998
7503
4221
9390
5033
7725
2006
1088
9414
8560
4794
2519
4490
5192
5378
1626
6397
1842
5520
1068
7315
2664
1881
8113
6795
2914
9798
2543
9517
821
1987
7899
9573
4699
6052
3326
8547
1192
4732
3088
9609
3923
3049
5148
6207
2255
8225
946
7374
2152
4853
8455
6619
2230
4614
333
5621
6108
2595
2119
7927
9462
1571
8593
6573
6895
2946
9790
9139
2052
3079
5204
7109
2432
1459
3392
9614
6733
1905
4540
4688
8852
5168
7364
5967
3531
1279
7342
84
5719
7704
2439
8597
2613
5161
146
2352
4456
8574
9312
9308
8434
1807
5322
9073
9648
1346
4187
770
1222
718
8887
4202
8055
7430
9074
4294
4206
2625
3042
5615
5604
9705
3419
4347
639
6607
4496
7270
1313
1040
5158
8159
2593
5232
6254
7044
9846
8291
6319
2185
7091
6571
8862
5000
8816
8237
542
5182
6086
5852
8145
1830
5531
3696
3703
8728
8387
975
8433
3041
6849
6916
9457
182
5559
728
1608
2822
1176
2030
4447
5915
6306
857
8523
9032
843
8419
5530
2402
6065
9313
1184
5461
2894
3328
2627
8897
1528
7525
8657
8871
9857
3278
5335
174
7114
8679
9440
8088
6628
7719
4006
4056
1404
2230
5524
4674
5172
4671
7885
9967
5444
6030
6975
7535
5732
3996
7287
2231
8101
2711
1294
3651
3373
5576
6057
3028
5521
8348
1918
2163
8979
7442
5774
8345
5307
7128
4056
664
7803
7952
3724
6857
9640
8689
3426
3827
6302
7799
4442
3117
1392
7208
9987
3917
6424
355
682
5827
6172
2496
9153
6823
2752
5721
988
8002
256
8629
2228
8604
9939
6623
4427
148
8986
4437
4011
4683
2150
2230
6725
7721
3906
8800
771
1770
7454
1857
1921
4951
6445
8229
4492
5307
8799
6900
4104
3918
7700
5423
3570
7672
5570
5838
3178
4769
2781
9839
4930
1987
6344
5999
3677
3941
5770
1431
2917
3952
4949
9218
547
8399
6708
7276
2158
1709
2130
9120
1348
2086
333
92
6983
6726
8659
9053
2150
8067
5621
6002
8989
7615
6926
9933
8607
446
4552
551
9537
7368
3983
151
8968
8481
4876
5171
963
8294
3679
1468
2638
3661
8490
2844
1654
6251
9015
6950
5281
6717
9280
4849
8330
8947
229
2931
1472
6775
8669
1712
7157
1579
9583
3980
8102
181
1123
8501
1849
3488
8089
3856
4387
4153
3364
5328
9125
4082
8279
2355
1430
7601
5269
2819
8087
9133
1820
21
8252
1944
3699
4188
9624
1967
4310
1058
4077
4510
4741
1472
5127
514
5101
1793
8627
5424
461
4177
5583
4901
3806
7390
8496
6313
281
9556
6310
6763
5892
8969
8360
1102
248
9905
9788
3901
4231
2420
9842
2305
1250
4614
9340
6806
7227
915
2499
3476
4192
2663
8671
7643
4437
3351
8138
6309
5691
3311
1685
4753
4748
7314
8617
5772
3112
4025
265
5196
2004
4725
1192
8041
4335
3277
3651
9191
8049
1690
9085
9366
7056
2834
2570
3229
297
717
6664
6897
1766
3479
8209
920
734
5088
7557
3935
5997
3568
3693
3202
650
7303
1471
9467
1470
630
3307
1160
9700
8946
8259
4001
4225
2319
7696
1914
4744
5388
5474
2394
7360
3367
3429
8524
6515
271
7307
9246
5720
9715
3194
4481
7996
5882
8715
9752
1362
3102
1758
9667
7409
5504
7197
2819
5220
4207
6694
8414
7391
5642
9190
609
8094
1299
5841
7282
3874
2946
2952
1198
3323
4061
5439
9984
5752
3778
6005
8342
3603
7944
551
1642
3629
5806
4985
1856
6170
609
3304
2307
3577
8892
1855
78
524
2585
6387
6697
41
1433
5878
8415
150
559
6344
3348
65
7212
7067
1441
8202
8351
4810
9447
5090
7548
6979
2287
6313
3985
1111
3264
9641
644
7621
4430
2206
5361
9459
3167
7391
9308
8301
2170
2065
2136
1491
3069
9462
1637
1790
8957
3542
1863
4105
5225
4081
2407
4987
2976
5605
4099
383
6055
321
2613
8774
9506
2938
1913
1142
4704
7752
3900
4050
8893
50
2640
7381
2954
6057
3910
2824
4676
2194
2153
9722
7778
6539
2396
349
9798
373
6483
7561
3291
8925
2246
1848
9452
3362
1985
130
7548
495
7086
1204
9642
7812
5212
5174
1441
5025
2033
6918
1694
1274
5707
3860
8168
2891
995
2966
541
1564
1343
4330
1269
6338
758
9967
7804
792
7929
9592
4071
3779
5276
4181
5107
948
80
9966
1326
7221
8908
4772
8340
9565
5867
2016
3218
8385
3680
6561
2366
9018
9589
5984
9151
2756
9935
3303
7053
5244
7370
649
7095
2440
2846
7914
5998
1526
8753
7219
2810
1028
1640
3319
2656
6570
5989
1704
471
8742
6749
9419
7111
1368
7225
5053
4190
9291
5029
2351
1013
6777
2912
6082
9851
8258
7677
5900
6718
7952
6017
1692
9632
6460
3750
1337
7378
6269
3327
2581
6766
8231
2831
8311
8494
7951
3537
5726
5214
7793
3724
6706
6496
6401
6206
6033
8116
5557
3468
4397
8893
89
4985
2519
2724
5057
9787
650
7618
5887
7674
7920
5964
2448
5584
2781
3945
4601
7588
1900
4721
1950
685
8924
4228
9311
5195
3230
254
7716
3221
1821
2801
8930
3687
6676
3245
312
5587
3437
8164
2886
8108
9326
118
5803
742
4048
816
3424
2088
3515
7968
1567
9675
6943
9404
6061
8290
3413
9861
6556
395
9901
2666
5853
5118
7034
8760
8908
9535
3632
9013
4151
3735
1835
3841
1358
8806
8424
8568
1146
2413
6830
5628
9705
3852
1234
9254
6744
7272
7184
2022
2174
3575
1607
2490
8207
6660
4264
685
3708
5288
1908
3888
8455
4501
3817
7832
7840
3101
8045
7254
9865
4844
8715
4143
3565
4272
2960
2001
3884
7779
2016
1636
2351
1610
6839
576
2128
9344
5634
4698
4541
7739
4860
5858
505
2942
7173
5204
35
3401
1413
3642
9226
9929
2156
7329
4859
7464
8925
3934
3699
2263
6800
5928
3272
272
1537
6845
7661
3240
5703
8496
7467
3347
2713
2126
9984
2856
3637
623
7099
7756
1965
482
6366
8373
2409
2421
9453
9510
5716
4663
419
1699
999
2277
939
8931
2586
232
1405
327
7542
6794
7698
2917
6175
5878
7216
30
7344
2003
3826
8301
6834
5942
298
6318
9562
4899
7862
9115
7391
8151
7524
1040
8077
5767
2348
435
1187
1053
270
3405
9218
6772
214
5171
2784
3449
2197
6531
5205
9423
2165
3713
837
2117
4864
5056
1979
4620
9368
7687
2370
2289
2935
9390
9269
6658
4839
408
3530
6780
8843
6291
1732
421
9083
62
5728
5127
3533
6113
2701
1331
3909
7968
5985
3811
202
5959
902
7291
8456
6566
1684
2583
1034
6928
3836
823
5901
6126
8609
1789
3000
8424
580
5874
1980
415
3033
4802
9327
6852
1087
3255
4985
1039
8379
4967
3405
5458
6455
8880
9505
6238
8324
2277
4607
9148
9386
2155
6226
4905
9225
7407
7503
911
8330
5485
7388
111
1831
9787
2926
6100
7964
1603
5478
8428
7597
9995
8548
8868
7418
442
9671
9729
2284
6762
100
8302
1267
2831
1029
878
8575
4422
7626
3679
5752
4074
2709
2894
7579
3293
3627
6668
5953
3405
8274
6721
6798
6178
1551
9391
3606
7358
7486
8782
7736
7774
8627
1567
5384
9085
8843
8999
8757
2047
7524
3541
3976
1799
2676
3523
7286
5653
1289
4124
6815
3002
3775
8878
8488
3379
1504
5088
1280
1638
7271
1217
6935
8843
5943
7977
5447
1141
7509
8494
4449
4627
7910
3905
5880
4733
2744
4999
3502
8027
2104
7953
6068
3362
1966
4733
3998
9748
3079
2005
7580
3755
7718
7119
4776
6307
6605
5132
5855
4698
8076
6144
8143
2794
9674
2188
5092
9869
2998
3754
634
6505
1586
3253
9533
9318
5148
3573
6876
1209
3978
5698
8061
5503
913
694
6908
790
9129
9573
8127
7611
9143
8803
9951
5959
9809
3273
3688
9778
9641
4128
6749
9324
1371
1075
2168
4465
7586
5457
1158
3032
8255
4645
719
2377
8083
2639
1881
8979
5279
4301
740
3425
5626
3023
7361
2782
3302
3573
9509
1874
9884
7098
1568
9849
8948
8736
4132
9837
8525
2442
3204
3671
8414
5095
9355
4497
8083
7573
7876
7169
1392
4708
4499
5339
3388
3324
3697
8347
3714
9386
1163
4012
5948
9284
3147
1157
3077
870
3429
9346
8506
2044
454
2836
1097
7068
5011
531
3668
2863
4698
5728
5696
2339
482
5176
2598
6229
6461
5624
5039
5785
6123
9139
1278
9192
7723
9130
1948
8197
1420
7213
4143
8530
8662
9348
4254
1662
4242
6319
8313
3166
4679
850
4687
5434
8315
3608
8802
7970
8558
6847
4408
7804
4306
2721
5920
1315
1557
1904
9345
5881
8582
5470
1443
7484
1584
7165
3677
1133
921
936
1987
142
7311
1872
1106
5272
4451
5844
876
4114
328
3977
9638
4572
2805
6338
4223
5941
3427
2939
105
2337
6974
2431
4583
9208
9407
7203
3850
1149
9931
7668
7048
7622
4860
4266
493
2434
1615
648
6863
5713
1028
5230
5553
4605
5832
6870
4679
5245
2942
7735
7706
7982
831
9649
3167
4879
7288
1897
5864
7248
1993
9726
4183
2659
6928
2015
9712
8538
5845
1789
4326
2778
6075
4391
1309
1743
6878
9978
3376
2537
2523
8604
8207
2195
9961
9066
6791
5210
1098
5614
5146
9717
4783
9615
3719
1301
1046
2893
7677
3816
7157
6140
9400
1152
3409
4927
1907
6439
8340
1424
8000
7310
8521
3326
4724
3389
1518
1988
2697
7862
5224
4501
7440
230
6642
4608
7995
6459
671
7
696
3985
2301
9560
5379
6383
9203
7054
8785
5034
7159
352
6869
9674
7614
7836
1196
1456
4891
329
9782
9058
195
9815
8591
2656
8699
9170
4509
8801
6932
5447
5767
8333
727
4014
5008
8960
7947
8340
4186
4464
3202
7663
702
4872
7631
7766
2615
8806
3412
6538
1568
342
224
1637
3790
2486
968
2723
7683
32
2545
9984
8102
1712
4584
8536
8946
3599
2827
2235
3509
6550
6143
5318
5856
2531
9112
3719
5024
933
6554
5703
5388
394
3878
5425
8108
9089
224
2522
7992
5223
656
4153
1919
3218
9561
8990
287
9094
8819
9016
5979
1177
3028
5017
4199
4906
5781
1258
3374
7248
7699
6750
3478
6841
4595
7708
7833
9158
428
9856
3374
305
4242
8286
5894
1989
3399
2637
2970
121
3432
5929
2113
7538
9723
4211
7365
8861
1226
3202
3307
8966
9148
743
7524
3906
675
5077
8622
1853
1157
1129
8666
8963
5641
5674
6935
4741
9123
2209
1506
3144
8287
3252
3816
1769
4637
5939
7117
384
342
8972
7932
7226
6548
4407
1156
3498
762
1988
1313
8322
4015
1117
8964
2302
7263
3150
1896
4049
7275
2623
9738
9016
1695
163
679
5895
6927
5754
9269
4736
7959
8237
1510
2185
3197
1440
2414
1233
4517
3436
3979
7134
896
3184
9128
7170
4288
1513
4506
1486
4043
3068
3108
7718
9233
8915
5531
6385
3728
5260
6571
5007
2719
6576
363
5777
9606
6779
9105
5823
735
662
9532
3839
8644
2603
8120
8510
1034
3508
1607
5413
1248
7782
693
4891
5129
3792
2951
4281
5908
6029
7505
9256
6864
8971
4415
4319
2821
3351
7563
7508
2407
8683
750
3380
3535
9269
9074
6630
795
7020
5350
219
3652
1158
3759
4936
5883
5472
647
5814
3827
4824
9914
4706
3157
276
6974
9672
8187
3800
5689
7682
5944
4098
3005
2564
7031
7312
1355
5860
4717
6321
3486
8888
678
7285
5603
5706
5211
9478
8436
7348
2704
1749
3681
7583
8769
6043
222
3259
2294
9402
8442
6994
1330
7667
4274
9554
8152
1195
7905
8570
4116
4787
1096
7506
1337
1025
4028
5872
4672
1268
4460
8708
5364
8340
4978
4195
417
5421
3795
987
7090
8096
3566
5315
7878
6491
7557
3010
3010
6049
7554
4016
1573
9865
3232
7916
652
6175
6246
7743
2015
4350
8587
1026
4942
9733
1630
2989
2688
79
9136
2730
7399
6917
1480
6020
1221
5781
9627
4845
3467
1017
2861
8622
3713
443
7135
5498
5108
7062
3542
4242
9175
6052
8972
2739
9508
2539
372
8145
4860
4568
322
2930
6912
4823
6617
4655
8384
7211
6695
4870
6547
1400
4275
997
1488
9964
7312
4498
2598
6132
7881
5626
6537
4894
3555
1347
7945
8741
6511
8681
5408
1482
9985
8899
695
9931
1709
8890
3826
2479
7113
7896
367
8671
7694
7774
1776
7974
1250
9544
5227
5874
5546
8728
6687
4696
6393
2018
1268
5269
6710
9643
700
8013
9462
5064
1415
5376
302
1557
8254
8422
671
118
9018
9984
5259
7865
7199
5780
9571
9971
7490
6966
3453
9534
5935
1256
2212
5999
3537
9691
7622
8556
5769
7469
7196
2353
9209
2630
6359
6400
7671
9692
1290
6805
5202
5427
9710
6702
9436
8527
4819
5487
5698
6738
2153
3733
4559
9927
9129
159
3164
4303
8020
8563
800
2114
4349
1548
2787
2905
8656
4569
9421
3170
2300
7797
5676
6648
4331
507
1546
5509
6562
5009
4871
2134
2858
9030
5316
3463
7793
9281
3500
6200
3236
3367
1672
2727
6005
3087
1078
8161
3915
6531
9871
250
6066
2527
4438
4355
8056
7911
5595
8621
8612
7654
7741
3010
3691
8665
9256
5319
6231
9324
5112
9374
1068
3220
9934
8932
6125
2948
643
1244
9429
3384
1594
30
5138
4620
6067
330
4591
960
5406
9882
3686
4879
7587
5581
5626
8661
9036
7339
3831
5758
1929
4591
1419
497
9182
2845
2592
5506
8230
5107
7268
4351
9191
5228
6060
7710
7872
9070
2598
8925
728
5271
3917
5229
5687
6189
5633
4353
3306
7463
3912
3303
7413
3671
1454
7003
8611
4640
5438
3221
7738
9084
2730
298
2614
9335
5687
2358
9521
7915
789
9965
4740
4905
5029
6658
673
6189
4809
2992
7212
8239
2200
766
1195
3964
6937
5520
3774
9056
9098
3231
3631
9376
1187
1644
2540
3618
2615
6352
501
3274
4831
5390
6674
3947
8562
2508
8642
4795
6329
2422
9831
2445
6009
9498
6884
1964
9103
8649
2397
167
8584
464
8816
7557
6333
5364
3717
3385
4118
7055
3573
8456
2491
3937
3407
6809
4091
7247
5401
4429
6878
8979
2727
6676
3400
1185
3367
1688
4759
576
4514
3965
3955
334
4690
4367
6573
9117
7613
3198
8790
5256
677
9274
8848
1374
9954
2071
6091
74
7873
1855
3248
7967
3289
9604
7737
2140
4157
5148
1996
2029
8625
3542
2540
9607
4501
2156
9247
9039
236
4973
9634
2202
5639
1621
8302
3453
7827
2025
1230
1296
5597
4685
2702
2659
717
5987
7045
5085
6630
4432
4960
2464
1202
6760
6631
7134
6733
9241
6873
7798
2823
7051
9838
2899
2220
1045
2328
1667
1302
4284
4312
2132
3917
700
6431
3939
839
9881
8890
8514
5111
4161
2409
5803
13
7169
1000
8878
4990
1167
6719
8586
5151
3432
8472
8546
4847
9803
438
9671
3659
5377
3782
2346
119
2828
8547
502
329
2691
6295
6852
350
8359
2686
8662
4641
4034
2885
5050
45
3449
6677
135
7564
5726
6980
485
2227
7885
9092
1035
9443
9218
4854
9733
378
63
5683
7185
8622
498
8549
2298
4872
9867
8235
6792
745
9810
3904
812
6918
5387
9625
209
8700
3647
4781
4393
5847
8062
8274
2443
3598
5259
7409
1131
3504
2952
8283
4578
8351
5699
6428
9547
4899
4378
5263
7697
7490
187
9739
2416
3981
8279
4117
4055
9593
4644
1033
6731
5281
1289
1337
560
2223
6105
8699
9612
2458
7104
3288
7792
1527
9326
2461
1218
8959
78
5310
4321
8384
7084
6903
5660
8322
5858
8462
5319
1142
3353
1538
8859
1919
1552
9296
7061
4361
5867
7323
8794
5678
5650
5239
386
6899
1946
889
4655
5817
2899
5096
9514
9334
6712
8346
8197
4386
5677
2237
6365
7643
3380
8470
9104
5565
4428
5873
9974
29
5400
6856
3091
2754
6516
8643
2733
1844
6516
8761
6376
4968
3807
9501
8243
8256
2024
9524
5206
3205
1098
2675
8684
3629
958
1150
2298
7180
6134
4820
2470
6072
914
4625
417
6042
2004
6759
2818
8069
5612
6353
7869
6915
5861
1397
3836
3878
227
848
3541
4903
666
6769
8930
2724
8171
9461
1796
5365
6344
5553
5709
1696
6291
303
4053
9181
9083
2200
6251
5264
6705
7137
7592
4745
4805
1769
7768
9561
7314
8419
6953
5286
1279
7566
5406
4145
5694
7692
7870
2543
4963
7453
1724
59
643
6173
624
5558
7343
4654
4794
8026
4596
8277
8198
3528
9176
4185
7919
6402
1693
2235
8051
7925
8600
423
416
8724
4897
9908
3486
1390
4329
3708
300
9252
5413
7533
4102
8631
1145
2210
2218
2659
3624
8926
690
3001
9368
1877
4968
1509
9773
1468
849
2727
9402
3798
1459
219
5756
1899
660
7434
1167
3403
3696
887
7976
8945
8115
1643
82
9287
5256
9483
17
5391
4301
9673
9733
7414
9356
3019
4939
1977
1617
2860
2858
7573
9850
1614
6073
3882
2875
9245
1549
4783
1491
220
5229
9802
5025
422
3761
3325
1426
485
6211
1366
2710
4010
9497
1785
486
8341
2543
7640
2495
9190
1786
836
8028
403
9095
6500
5569
6199
6412
6011
7933
5233
3900
4080
4443
9931
2389
8933
9257
1614
550
1132
6648
1492
4862
5840
2117
4288
3396
4533
6702
3908
2288
2300
8434
4393
1773
4622
1327
7261
7756
5226
4072
200
3433
7476
110
5417
7342
555
5952
3609
8382
880
8640
653
4187
6536
5540
3255
4382
1281
2803
1879
9308
4024
2945
1599
5646
49
8157
7766
7605
1996
3858
5323
7059
6448
8059
7385
5729
6700
6945
2841
8580
3092
5525
1407
3659
7780
206
5237
9081
8072
2878
6475
2423
2193
892
9408
4531
8510
9770
7292
2397
8185
6003
6386
7022
3317
3594
7739
8477
8155
7525
7682
4335
9962
3298
6215
8498
1538
7939
7865
9843
2920
8685
9533
9117
7383
2899
4866
5555
8650
2854
7218
6929
9653
443
395
7088
9139
4384
342
4185
2467
6759
926
547
5196
2139
2461
8894
4676
909
2992
571
1905
7449
9476
9500
6470
7269
9639
417
8728
2183
9826
5300
306
753
4681
9518
2903
9126
9359
7153
7597
3679
7375
6160
7759
8986
3921
5243
438
5971
879
7741
9861
6647
5024
2204
967
895
618
1869
4744
9924
5457
284
6933
5625
240
4443
7457
2943
5990
5549
1549
5839
2974
8225
73
3316
1740
7484
3347
4396
9979
2756
1303
2084
5439
3659
5729
2477
8550
2008
8508
7489
2408
7672
8222
7090
9227
2134
8745
9478
7785
7494
9980
5329
6191
4022
3673
6798
2130
7650
9154
3133
8522
348
9945
2700
8980
4848
186
6581
8713
4980
4392
3982
7040
4059
3430
5301
3
2982
4088
9606
8739
3869
6610
2484
2776
5973
5893
1416
9986
8930
347
899
2853
5375
8967
2060
7727
5521
8110
4378
1948
2164
764
2805
3102
5998
8289
2131
591
8371
6794
9147
3562
9548
4394
4652
3737
7460
9924
3007
8955
8769
6595
9782
4632
3492
1128
1665
5092
1370
7574
4482
4872
9710
7658
6575
3105
3805
9382
6778
7684
3761
824
1614
2135
1200
7337
3305
980
4315
8322
267
5596
5102
5423
3178
5568
981
8172
9609
4869
6623
7039
9221
796
2312
4274
3851
1890
7819
1547
9932
8077
3146
5322
5194
7945
4980
7647
3432
6154
7822
684
776
3048
7307
8885
9770
4287
4479
1006
2123
5632
9772
1908
1061
6721
1603
817
9823
6925
3486
1415
3161
2768
8390
2189
2450
9780
228
5233
588
3334
4740
3454
7046
5938
6263
6173
3489
3427
4504
9564
7410
6812
9423
4299
8304
1237
4261
8473
6341
4162
7824
6506
2668
6407
7523
8008
4657
5117
6434
9989
4058
9246
418
8789
892
6317
4861
5122
457
5430
7328
6395
2421
3921
4004
6348
3344
4091
3884
1212
5518
1755
8891
6425
5510
8233
786
638
8415
8254
1515
8372
6992
4514
5506
8164
6394
633
3407
1987
6376
9138
8015
911
6834
1428
4085
8746
2403
1174
4663
566
1233
5222
4471
2302
354
3992
3279
2658
5531
4222
6707
2202
3915
8956
9402
7906
8415
5840
9954
2711
684
1897
4836
6380
3740
7980
9590
4081
4148
2039
8235
7241
3591
948
7139
1770
43
3203
7809
2401
7354
748
6455
2153
2431
5812
6996
7878
2026
6178
331
6563
1220
1952
9882
9335
385
8090
8561
2374
4402
9197
8510
3491
5987
9465
8611
2966
1816
7631
7863
5211
8030
7552
5356
9935
5441
2683
3948
7928
983
1712
2055
7969
1707
1672
6021
1639
1065
7803
1385
1952
4642
5434
7999
8156
2237
2963
6165
2965
7200
4029
6061
4394
8315
5120
8532
3667
6596
9947
3893
7701
4142
633
1390
2689
7142
540
1784
4315
3444
6972
1900
4013
6246
5910
569
2596
9553
7199
7697
2478
6517
983
727
6954
5650
7661
9654
6587
3139
2353
5043
1118
3909
3683
7810
4008
4043
5309
1014
1696
1179
1850
