8619
8771
9207
4191
7289
4954
3178
2992
8439
8443
6736
2548
9070
7533
5963
4372
2885
9801
857
2180
7950
4807
9580
5134
6155
8323
3135
8335
5369
9462
3148
3645
551
5336
1668
3558
5451
1866
9711
3759
9175
2027
3598
6143
738
1058
5636
6648
7987
3798
5090
1175
4543
1806
3926
3812
9190
4072
8035
8965
1818
4842
7622
8977
5294
3090
1996
3734
5865
2404
8921
1019
90
7098
3004
5923
1209
3437
4396
5097
2686
6487
348
1570
4372
1973
9101
8745
1409
7855
4368
1379
3830
745
1940
4333
4404
4621
849
7647
9061
1902
782
5582
4877
4071
1084
7445
8801
8002
2603
5752
9676
2938
6278
5331
4494
6051
4605
3321
3989
3250
2324
8009
8036
7541
7188
9344
5158
8671
1519
6588
2588
6748
6035
784
5704
4765
6693
301
888
1655
9943
3406
5252
8615
1702
892
4467
6608
9838
8352
15
7527
3658
5811
9578
2773
7545
7335
6882
1740
2287
130
6483
6015
3164
2927
6903
5494
9626
9729
9358
4303
2432
2333
3306
8917
2757
9421
5839
6296
4877
8549
8832
3166
6572
5060
3090
224
1205
2931
7219
9357
3418
9148
9368
9813
6923
9236
5450
8775
3988
8972
6982
109
8993
5712
5095
1324
2504
660
15
8124
1496
586
6862
3737
1298
3317
9443
8104
9837
6679
4288
6695
2509
1
885
3283
2964
3493
1994
3520
3970
7064
2307
5904
1567
8723
4172
860
9964
1766
7719
544
2915
9095
7861
2831
2286
5630
8514
3606
9793
7346
8937
7308
4683
286
7599
8992
4826
1812
8359
9010
8666
6495
4153
4432
8278
958
2170
2574
9144
8583
8139
8071
8959
3744
3779
3414
2139
8053
997
7333
4978
8388
3726
6624
8126
4998
1220
1280
1123
5179
6033
8152
3406
8709
1878
6420
4941
3428
4552
1327
3460
5939
4461
1210
9206
866
8349
939
6507
4185
6852
6772
814
1025
4031
278
2768
7529
6306
3280
9737
890
1451
3964
2549
9987
4664
250
1865
7358
8472
8711
3500
9669
3873
9039
3926
2516
7417
7259
6649
280
4772
6937
8326
9260
7337
2380
4677
1599
3652
7411
7122
1272
1590
2569
4488
497
8660
9219
6201
8098
9073
9148
5712
8141
3271
1145
7151
4992
6352
252
112
9046
6630
9456
6118
4513
5637
3289
2649
2284
5572
266
3706
1061
1589
2228
8079
1304
4550
3429
3855
8197
1057
8550
1206
5623
1225
185
5988
6192
5229
9685
5246
3399
7299
8075
4641
2133
6451
9975
4859
5371
6570
3917
2525
8807
5442
4651
6552
1043
3065
5847
442
2923
6396
1914
7988
8080
8249
494
3287
5452
7300
6456
7054
5887
5019
306
3761
3513
7586
5945
4853
4575
8570
8483
1627
7140
6024
2399
181
6574
3633
4945
3126
9381
9243
2323
7003
5385
86
6561
3883
5956
6687
9406
8071
113
6862
6638
3787
5135
890
3038
3457
7119
993
5866
4353
7912
286
848
2055
5850
313
6713
1819
2355
3329
7673
6644
2695
3303
8375
3427
1025
2062
8897
7888
9163
412
1513
277
9386
8611
5045
5683
594
1487
6006
8388
3376
7970
9090
5098
9237
4506
8033
5643
9973
7586
5715
6783
9189
9993
1092
1832
2514
9611
2431
5057
2096
7978
5189
7500
8773
571
2668
7238
5267
1029
1224
867
7322
9284
3268
4724
4212
3277
4189
6518
4028
3254
7915
1576
4696
4730
1087
9392
7519
3213
3169
983
9056
949
6292
5398
2781
1590
6325
8666
1837
795
375
8943
6361
4848
9460
9905
6725
6367
7619
9236
5422
5913
1029
8842
62
3612
2803
4043
9484
3275
9718
2054
7860
241
1811
6373
2992
7869
1943
2622
6952
5522
4681
3233
2878
8972
5215
9848
5269
1182
2667
1152
5594
3933
5561
3143
9919
7449
5335
9169
8786
2282
9182
8561
1076
8321
1083
6120
3037
3087
6912
8855
4423
4996
2284
9899
1231
7796
5963
1090
8397
2955
8773
8301
608
8565
6459
3927
4680
8668
6453
5542
2534
2774
3835
4669
6340
6120
2156
4557
7888
9095
6811
2182
4269
3811
6728
597
1648
5661
1911
2123
1486
4244
771
5831
3508
880
7953
2510
1861
7156
1439
4368
6633
1370
6321
1649
1160
7614
3558
5111
5639
1405
3201
9302
6144
6591
4032
6796
1837
5862
2278
9018
6756
4330
4056
8289
2002
8004
1161
5459
8167
9646
2696
732
7655
2442
5549
2899
7489
5079
9436
4033
2102
6800
6484
80
1042
1469
9687
6917
6848
1156
673
5999
4877
2421
7612
2302
7314
8032
9647
3156
6453
8099
6944
5993
8709
2469
1646
3702
1042
1132
9307
6757
6425
8244
6915
9956
7845
3975
7246
532
8316
4243
8611
7010
8972
6697
5855
5234
4830
3246
5585
9457
5432
6280
7580
4003
9855
490
1371
8573
9823
5985
5875
5715
1848
3916
9573
6632
5505
7655
4456
3338
786
9114
4839
2209
9487
9933
7020
2012
6613
6412
8871
7795
5547
9850
1324
145
664
2911
100
7354
2603
8672
709
2331
8368
2895
5162
5056
7123
9222
9729
7174
8789
2246
8670
6317
1440
5370
4516
9922
3470
9358
1959
3410
7113
8079
168
1998
2591
9428
5967
2593
7554
7102
734
2113
8405
2508
3840
6592
4771
1964
4888
7391
6683
1697
9006
3300
1179
5007
8704
5293
8395
178
3884
3245
6713
7298
5218
289
2726
3163
2465
7694
3254
7135
9619
1687
1511
6557
7912
8932
1529
7923
5151
1505
4469
4568
6727
5416
9072
6868
819
7584
724
674
4197
7376
3217
7489
5399
1107
7289
3551
3865
1607
9499
7193
4136
9547
2077
7319
1788
4621
7094
9771
3763
472
5027
2379
8775
2144
570
9801
1216
5858
2344
4880
6970
2580
2937
2243
8469
4021
1157
6804
1642
7978
4058
3543
2006
7276
432
7179
3338
1753
5079
6197
489
952
6910
3725
2349
838
8714
3255
536
7487
2334
8006
9263
4618
222
1555
6609
9834
8849
7766
3463
289
8129
5785
6413
1483
372
1499
1711
3390
6463
9462
779
6146
4391
6018
5670
9212
9894
7631
5307
7902
6268
4154
5643
6052
4279
7387
7053
8877
570
3504
2904
7312
2734
199
2823
1124
7311
865
465
7215
1543
7146
1024
2872
7226
3116
227
4204
5884
7397
9940
1217
2459
5561
4021
3974
141
361
7203
2985
4445
2834
2820
2958
6557
3467
3412
4191
3195
4545
1900
9028
7166
8091
6358
9121
3130
2771
8825
1163
7159
2849
2992
3172
3564
1687
4852
7172
6178
8849
983
6950
3661
7480
2769
8709
4325
8066
6314
3758
9703
6036
1008
1339
5496
911
4051
4367
9203
4899
843
7370
1536
6040
5825
1596
9842
9647
9394
4870
8615
6239
8013
4346
3562
4950
5367
9686
5321
7649
4796
5064
6457
5066
1459
1123
1840
1653
7676
2653
7636
484
7969
1278
8005
3612
5413
7620
1654
1172
8866
4678
8671
1443
5143
3463
8022
6661
7776
546
5544
4364
9045
1553
103
5779
913
6469
4581
4701
9755
8189
1971
6740
7234
8130
8270
6734
6341
9949
9536
7746
8031
4148
8782
117
6392
5013
9922
7995
3100
5179
3876
7129
7109
3271
1438
6415
1174
2225
2699
8944
3039
6953
1417
677
2706
1931
4209
7012
5193
1288
320
7826
1009
7797
6333
4896
2770
9985
9387
5899
6546
6585
1600
4576
4312
4841
9631
3963
6692
1854
5559
4115
7249
592
4706
1078
2731
8105
7411
4461
804
2909
2801
1812
4859
6050
6120
9311
6938
6541
3644
1189
2838
6800
2397
6453
5352
6840
6364
7865
2299
245
320
3339
5728
6204
576
417
3090
5254
2165
4665
2574
4925
5095
3637
3784
9788
9717
8262
8721
320
7025
150
8209
4370
1276
449
8195
8253
5725
5891
1740
9545
2161
558
2589
9462
6083
8654
5473
5703
6220
1683
4376
8979
8614
7913
1704
8760
2669
5564
7123
8102
9143
1979
3220
169
5129
1358
4928
127
2221
4837
9529
6273
2924
3028
2764
4536
1047
4321
3704
1062
2788
3018
4099
5342
5774
9230
5755
3363
8744
9435
5583
161
8768
3638
402
182
7337
2419
4332
4725
3726
5346
3481
1383
2153
8102
6054
5585
5148
7167
7712
8348
1860
6060
5313
6125
7880
7878
4395
5899
5602
1564
1382
2786
9253
9367
7505
9286
2626
2581
7199
8628
9988
8979
7336
7442
9537
2715
3188
7671
3175
169
8214
1577
1722
7235
8301
2708
8324
4276
2301
9459
8024
8433
9122
2161
3964
694
2129
2786
597
6767
2959
2566
9968
9084
8359
2881
8723
7871
6588
5164
4690
6723
2724
5432
3349
9805
1064
2018
1066
4797
962
8350
280
7740
604
1555
9856
5174
3478
8842
585
401
7074
6407
7210
5647
1608
2638
8876
5420
3984
453
7687
7137
4768
1300
5709
3689
8811
4159
9629
111
1719
5799
5805
4608
2286
2228
8480
6803
3024
3549
4392
7745
4579
4288
9649
6316
8221
7702
8196
8426
3141
5646
813
509
662
3142
2971
9303
5846
6166
6362
9319
9212
474
8681
1274
602
2602
3360
9380
4157
2072
2395
434
6060
9942
2558
479
1651
9392
5468
1109
5962
1203
6969
6073
4986
5295
3946
9144
9256
9176
957
6858
7186
5073
8532
4104
5606
8374
5713
5619
4341
8815
4268
1069
3250
378
4449
720
584
2491
7652
6453
698
5252
3356
8008
3504
2608
6287
5307
8655
4216
123
4980
1114
5537
3247
986
1409
8453
4873
3276
3679
9848
6767
7146
6935
5900
2823
4608
845
3226
8559
6764
1524
4503
6159
1934
1717
524
600
2998
2087
405
6963
125
8691
9287
9954
7713
7130
3463
9311
2131
7618
4376
2773
849
8484
6209
1073
7604
9784
1678
4461
5429
5656
3359
3456
6610
9377
1313
9268
885
7852
1874
1189
3273
2884
6642
8454
7648
5945
5109
7478
7382
3915
6428
9145
7148
1730
5310
3449
5508
9450
2996
3213
408
5944
1534
4468
5332
5830
3343
8335
5816
4194
8425
4278
5744
3187
9499
7964
1842
7754
3425
1658
4675
4200
7079
1514
9228
4213
6308
4880
4067
7864
3760
1434
4856
8660
780
7329
1350
2174
3122
1817
2601
6774
1661
3187
5489
2149
3401
3961
2230
7345
1606
7753
6025
1337
8538
6207
8864
19
5239
1119
9522
8462
4268
7952
434
6991
9422
7083
2406
2170
6614
9667
4631
1608
9057
7900
2539
3891
6025
7079
811
2346
2650
6721
6257
6006
5409
3519
122
4573
8464
1330
6935
2003
2294
4138
2505
3708
2752
8497
2727
6318
1554
59
731
1939
3122
4417
2280
637
3667
4973
3994
8159
307
7175
5812
7547
1694
4428
1581
5902
6960
7833
3705
5283
2732
2628
9313
4918
5395
8830
1139
7527
4352
4493
791
2590
5990
4318
2884
992
1239
9484
905
3491
7336
8775
1695
5118
8326
4958
2014
8324
6915
6824
9357
3721
6354
5448
9206
493
5103
7361
5241
4836
3834
6467
3807
5814
6383
3221
1557
7375
1544
589
4663
7476
6927
213
7946
3957
933
4194
6591
437
6816
2814
611
7527
5135
7070
6236
541
5112
2390
5888
3877
4242
6068
9657
869
4967
5881
8735
5105
3400
4638
6779
6326
2161
1881
6794
6140
7501
5249
9560
908
770
4804
8020
1019
5855
6280
678
9313
6985
1015
2263
9153
4700
785
3233
859
556
7077
8989
5051
5459
1486
7036
2178
6035
4284
5366
3254
276
95
3040
9863
2830
4980
3107
9438
8048
8638
5013
8687
5202
9421
8119
2385
2374
7626
1625
1375
8648
5934
5584
424
6259
4508
5449
9283
7767
5841
4983
1570
913
7424
9037
6889
7974
2400
6322
9720
7678
3794
2810
1918
2063
302
9848
6037
3366
4650
9803
8409
2658
3991
4605
4341
4511
2616
3604
8321
9530
3823
1670
2206
3654
3443
7773
7778
383
1229
4411
9974
1303
1905
3696
4853
3124
3666
8360
5956
4660
9411
5916
3117
6038
6574
8911
6922
2818
4696
2378
5358
8796
8000
189
3855
2124
604
8263
8620
2529
2070
5654
2136
239
9829
7105
753
294
9752
1217
845
4255
7648
3661
119
7906
8553
6168
7079
4531
850
4959
5687
8851
9052
1178
3302
1715
9840
2728
2519
5402
9740
3426
2589
3757
3780
2877
6208
9468
8158
6627
3066
3479
1532
1103
1148
4339
70
5948
3571
4436
1184
4088
1679
7110
9966
3285
1186
8651
3803
9037
454
7023
8697
5442
4514
4221
1071
6361
4126
5675
9959
7610
6373
4222
1893
2208
7318
7949
29
8962
1645
3891
9157
8082
4218
5652
1747
5479
3790
494
1691
7556
5665
9120
6173
6042
4781
6090
6588
6926
3267
3708
1822
7895
4476
3573
7715
7456
5216
7758
5966
3236
8621
4840
7392
6562
7865
614
1224
8862
2474
5592
2570
3631
3984
2402
1945
7253
8049
5850
7426
1228
1361
3103
5695
7936
2069
1262
3605
645
7937
4291
262
6032
4528
8454
8935
824
1727
9611
8176
4166
4865
7726
4452
7675
1137
8190
3911
2074
1628
462
9407
9366
331
4737
1875
5518
9145
9456
4492
6603
7009
579
924
8183
5329
6538
9103
5529
3467
1120
5525
8437
7674
3259
6363
3634
8650
8020
6798
3878
7350
1531
9017
7475
4883
896
5700
9791
6578
3416
1679
2271
5119
1573
7157
4286
6801
6269
2345
4599
9087
8381
8606
507
4936
969
1691
7071
8374
8241
6867
1124
2657
613
9252
5477
1562
3449
3299
4433
837
9311
8950
50
9440
3253
3318
6100
6102
2076
6832
2381
5674
2199
4790
8969
2924
8509
2538
3914
9204
8628
1416
8337
6549
554
9614
4505
2320
1679
2724
3352
2970
7912
3762
9775
9430
8556
1066
1682
7651
5590
969
6297
1408
4486
5449
457
5823
283
2553
3052
911
9385
5228
2208
7895
612
3501
8886
3639
8813
3780
4422
9352
3480
9411
7762
8437
5014
9538
4368
7442
855
6262
3613
7659
5119
6929
2063
5105
9156
8681
2037
9126
9671
2440
3584
2683
1553
1880
8817
5055
2180
8043
8838
1810
6547
6945
7928
5074
7687
2020
808
744
8185
5609
55
3122
1614
4549
2776
3683
1438
3780
4483
131
1743
5295
9680
1039
5826
5079
6883
3133
720
9312
5262
2811
7424
1803
1112
8173
9001
6988
7417
7135
7873
1292
941
4061
2384
462
1068
7004
9104
5134
3616
8399
3560
8706
67
1251
7265
6888
9248
2607
5136
7674
24
8872
347
7243
5697
9811
3436
4602
4682
4450
6363
7347
2258
451
4354
5618
8654
5364
4010
9879
4029
5586
5696
6862
9251
8717
1736
9861
907
2112
7739
4810
1998
198
1267
2069
3713
5140
4764
1257
3567
4501
451
9166
2036
6213
6448
9615
6896
1647
8233
3884
8597
5257
3645
4438
3176
3485
7992
6980
8075
3575
3695
2569
6710
1553
5348
2059
9183
2285
1904
3514
599
2753
6311
9527
5135
6529
4825
3038
2269
2120
2964
9260
3879
3855
6212
6741
6552
6829
8892
228
7148
7784
3182
9992
806
7881
2456
483
865
4389
432
4611
9742
4719
3284
5844
8946
4118
9302
6647
8660
4954
4710
5954
610
4434
8690
2855
5340
8606
5506
2353
3392
1676
6365
2815
9570
6318
8720
7253
4073
4341
2172
7880
1687
8353
9517
9160
570
368
7794
2434
7526
2245
1568
2193
3073
7227
9381
6372
9191
9600
5143
2258
8882
8078
1218
8066
8353
469
6273
2627
5398
2049
2574
4318
2781
6830
4266
2257
4916
9529
2284
4971
811
3072
4827
1146
107
4171
9742
2343
6937
2347
8062
4472
9198
9914
8997
3609
7134
1451
807
101
4095
5167
7035
5477
9671
7250
9412
6242
2960
7123
1456
9661
7316
171
1446
5810
3251
72
7958
4181
726
3929
5690
3051
3986
8101
5119
2866
7833
657
5123
3465
8722
2183
876
5644
6036
9349
1474
2857
4759
3499
9382
9813
891
8400
7155
9027
8468
3186
357
7062
3492
6625
9374
165
9476
3984
1490
1569
2130
6545
8409
2303
2000
7990
939
5133
9294
5801
9773
3901
8597
5101
9422
7227
4547
5876
2159
5586
945
6091
4398
4646
300
8060
9972
2096
2808
711
6167
2051
7859
9904
726
8213
5089
7079
7812
2900
7461
2022
9732
2666
3412
6455
8465
8391
7203
2146
5618
3600
1824
5903
623
6039
2146
3763
2003
3939
8018
8842
2324
8583
9633
7722
6042
8692
4374
1208
2138
7467
8064
9259
8125
8923
6358
1731
1233
3844
9595
1580
4893
661
5093
2567
227
1955
9281
4687
6066
1326
5076
3873
4881
8618
9698
1149
3032
5690
413
9773
4017
5994
8
8150
5535
2565
7778
1700
9680
415
2529
8158
4344
6437
3948
1663
3490
7066
7494
4086
9411
9686
5141
811
2390
4190
4377
9506
9225
5209
8698
5542
3430
9822
7563
8899
652
6942
7031
7661
4176
7580
5007
5651
8796
6917
9528
8444
4670
8035
7659
5966
8195
6327
361
4330
853
9197
5759
1345
8188
8272
2475
4471
1716
6987
4728
4521
8874
5049
1010
6547
34
9833
9909
1830
4678
9489
2015
5473
4662
5933
4836
1190
7549
2732
7346
7103
9460
3232
8046
1455
1182
5686
9473
5904
5104
536
3935
1809
2189
5006
9570
9621
7024
1112
5932
8362
6417
8531
9652
1363
7181
286
6682
2255
3435
1285
6921
8984
9640
7625
5061
5641
7002
9554
5365
4347
359
4004
6726
4142
5554
205
3284
9655
6362
5215
4165
6437
6800
8983
685
929
3580
6683
4273
895
9003
7218
2469
3819
3614
4951
2168
4563
9945
3928
2618
7470
5746
1584
8003
2412
1804
5509
5808
6976
7002
7027
5892
8220
7120
484
2184
656
6940
4132
2060
319
5280
4469
5343
3141
1535
2907
527
603
8037
8720
9709
2433
2596
6695
690
5215
980
8272
9124
8070
874
7297
3892
1976
1326
4248
6698
3130
2767
1511
7623
5813
1867
2298
2189
1276
6240
4861
876
8897
4982
5205
8939
8282
7317
3458
5623
425
9793
6968
9676
8667
5007
3990
9445
7983
576
3367
1815
7287
6208
7396
7836
6525
1097
3896
565
297
4506
9413
8975
6118
7395
226
3088
5668
8358
5610
4658
7867
8624
6273
3336
5798
1835
8956
805
7877
2853
4205
700
2872
3046
3589
2689
7585
7369
2413
7184
3420
2892
5325
5919
380
7993
3557
1271
4781
902
3776
9625
4965
8709
3947
8662
9934
4060
2037
4689
2141
3091
2688
7444
300
8713
6102
3072
3806
7536
5502
8299
5944
8426
1237
4974
3298
354
2956
7805
8278
7684
6023
6975
9077
4580
5734
4163
9099
4926
2754
3525
5332
7724
5043
329
204
7881
5618
1666
1891
484
7465
7244
5399
5477
3680
6539
7471
8972
5363
9580
1103
4232
6411
4456
7067
5712
8366
5719
2979
1938
3972
8879
4782
1976
2967
8220
3382
908
4770
5416
4735
1290
5913
7793
219
8779
1575
3600
900
9194
6692
126
9562
3174
2421
1099
1312
587
3261
4491
9515
9898
8687
9952
6511
8585
2462
3422
2509
5459
3157
6563
4201
9946
4844
9813
8318
8617
4236
8288
4137
4766
4819
3784
5246
3846
9316
1607
9555
1867
6907
2794
7646
279
5901
4836
2602
5961
1281
1634
6316
8152
1090
5440
6037
128
5924
9616
8330
2608
2781
2695
6350
4973
353
4749
5079
4902
4706
2665
9268
855
3867
642
8552
362
8916
3922
4045
7
7210
2357
7335
2602
1971
5985
3675
9379
7747
5117
7921
9700
3276
6946
9085
4212
6444
2672
9925
1152
9757
7700
1255
8616
2365
5461
4284
448
6887
5674
1212
2002
5570
8323
5397
424
5359
3748
3002
4368
1073
5699
7155
9588
4744
9568
7578
6921
1556
4340
3918
6244
3996
2892
249
9510
1102
8719
237
6509
1700
3227
2491
2072
3905
5918
4129
4953
1548
8661
8852
2696
9670
5557
78
4057
545
1666
3871
2796
7883
7363
8891
2547
1756
4967
8006
2677
8073
5887
9322
6639
3510
6492
2668
7846
3207
5082
5683
8825
5438
2624
5372
2894
5487
1221
6573
8439
2813
6191
8965
9435
4847
7440
8625
4337
4335
9944
316
8937
7912
1451
6880
5661
9339
2212
9185
3177
2888
2232
850
5462
5983
5046
7358
5259
1991
5996
7059
534
8394
9566
9863
1881
6922
9886
1791
6070
7866
8331
3510
3263
4765
6745
912
3986
5743
9710
3554
3274
2036
3395
5550
581
5341
3502
3452
9801
81
3366
2345
8339
2884
9782
543
8346
1587
4999
8739
9453
420
3115
5310
4557
8722
7586
696
9237
4133
3372
9515
2280
2441
3785
8497
4998
4016
9282
6539
3419
6434
1990
5988
4500
5985
5171
378
4983
6202
2566
2398
744
971
4101
2853
8921
8085
992
1859
7754
2805
4214
5668
6709
3851
65
5897
9099
1284
5544
4329
2305
8459
5320
3019
8430
7126
810
8572
3550
7208
5713
3035
1566
973
8770
1309
8340
931
9576
6913
3023
7423
8784
613
2219
6322
9278
649
5919
9273
1279
3699
657
8236
93
2285
5651
1082
4423
1794
7274
2420
8308
546
7092
1178
4101
5736
5080
8755
7557
8168
1707
8631
1306
4882
9674
4706
799
2108
7847
161
2652
4276
5928
2013
2378
3329
880
6485
5658
7258
6508
7781
9638
603
9114
8237
3521
1041
2220
3542
5568
7164
1716
3110
1991
2025
6930
5210
2610
944
282
2314
3947
7112
9767
4031
4617
5079
8799
771
4856
8595
3097
299
1659
3926
8992
703
5768
1437
1185
9757
9887
4304
4593
5488
2560
2818
21
352
6399
5669
3874
4713
6975
4193
3834
2525
835
5082
3619
8441
2241
1449
8686
6972
4066
1417
1451
8065
3033
6226
9442
1173
9759
524
2426
9642
2519
4279
1471
1799
5057
8446
4371
9186
4720
8383
3323
7466
91
6466
9868
685
7817
2743
7515
8438
5618
7620
1421
1142
1366
1955
7319
172
6226
2701
4954
6450
1766
4191
6
6555
3611
1820
3383
3795
7077
9499
2251
5683
8094
3984
7973
6566
6358
8757
3356
7016
3008
3988
4024
4899
2858
328
432
3102
1127
4198
2959
2019
3429
6873
5699
5900
6460
3312
7074
5997
9359
3720
1360
6118
5368
5738
3048
7382
3981
752
3814
7469
9345
7938
3441
7778
167
5107
3697
3282
1387
281
2668
2878
6539
232
2253
1221
8285
2073
106
3045
1683
7359
7656
9288
2628
7905
9530
7119
7280
3050
9120
374
384
5490
2673
5491
3431
7921
5732
1353
9614
3791
4609
9078
1052
8481
9578
5135
3484
1827
9096
1907
646
768
5786
1986
281
4153
5149
2261
5576
6577
6001
8336
1160
2293
2494
1049
7559
6762
7789
364
6340
8753
3431
7891
2749
8577
8236
4146
8326
4394
3635
5452
3954
7212
9728
9615
9704
687
5209
9278
2771
3470
5776
3036
7789
6273
7918
8758
5987
8529
7576
6722
4037
8731
5567
1892
7337
7895
9237
1704
5917
1003
3935
1181
2942
549
4382
3947
2565
2879
1345
6871
1552
8511
7593
2869
2976
394
101
6476
659
9477
8159
9797
6818
6913
1415
5222
1645
7835
2277
1809
1450
3505
3360
1768
9535
4595
94
7240
1891
3970
6192
3107
7184
705
5169
5526
1138
2697
8915
6943
7793
2760
1044
6439
2843
4137
4363
6029
9133
9159
2302
4729
601
9535
5421
8047
5150
5824
3333
8381
299
2860
4584
6689
3284
5051
2613
6112
1743
5888
4084
8947
8920
5334
4015
8689
2460
6921
8924
5397
231
4065
8107
2731
1668
1463
2506
7648
5283
7122
375
5313
9363
533
6643
4933
8175
4355
3154
7791
1524
8250
4285
3245
5075
3354
5809
5267
5520
6731
5586
8229
6900
7935
8150
6234
4753
1853
5021
1821
2545
4964
829
4620
5512
8770
9584
8386
8690
9081
513
8105
3766
1133
3873
1980
9779
4861
7656
8314
5653
7238
2127
8552
1536
2146
8413
1427
2383
409
180
6322
9334
1333
5246
6559
7421
9665
7732
6304
3769
7423
6577
6438
6218
7480
4462
5766
4062
6169
6455
9891
4196
6706
6168
5307
2836
2276
3084
3366
356
8156
6003
8281
8901
4190
8771
2433
5887
7313
4558
114
7129
1351
4544
8230
661
5689
2333
4055
7684
2646
7364
6213
3953
288
2126
2627
5165
9938
3723
5144
6580
4366
5948
5613
1420
8295
7536
2027
8709
2029
9879
6749
1610
6340
2761
2844
2162
7937
4645
7147
9943
9028
5682
7709
791
9789
4327
8613
2063
6143
7268
5948
3590
9414
3533
2763
5403
8931
6809
2365
8152
306
5346
5654
2766
615
4602
7612
7526
9282
464
7227
5292
6575
5201
7552
8683
8238
4821
1630
3968
8923
9963
2565
4761
3931
3159
2196
2807
9998
7441
3231
1127
2280
8995
9637
3681
27
4942
176
5186
6714
1086
2781
5679
41
655
7014
4212
5980
4079
7164
4109
5179
8396
9228
342
2781
893
8835
7456
2405
4805
7528
1840
7232
6099
3012
7580
5564
3870
8656
3295
4645
6443
7253
7837
7181
6886
4720
3276
6144
7984
6826
5918
276
9122
5948
3883
9766
9294
900
9133
6107
2719
2780
1908
3557
941
8446
3941
7642
9433
8648
2109
5423
3868
9464
8735
1142
1390
3160
5895
6173
5558
1311
4421
7978
1610
1563
8110
150
9128
7814
6270
2970
9522
7188
1925
3663
5344
4280
6240
8439
778
5633
6711
9336
4716
495
6408
9658
7213
2740
8375
6133
5005
2960
548
1408
8358
3930
1947
9377
335
3791
8514
1619
2377
9139
5900
6680
7538
5072
5798
7110
6920
7455
5395
9925
4600
5085
3261
1114
5155
8452
2937
6388
9438
136
7964
6562
6639
517
5304
1414
2333
6862
8104
6986
7119
5091
6958
5577
4595
9727
2119
2140
6942
1264
9213
7550
7564
623
6808
3273
668
832
4221
1882
854
2126
2180
2241
1174
9337
40
7021
9768
4383
4777
57
9351
8408
2806
9508
8127
7684
6519
5427
6333
796
9445
8173
922
414
8998
6016
3709
2030
746
1500
2641
6221
6132
4993
2911
4716
4402
5258
9687
5098
2372
2559
6487
9155
8198
9156
7817
7299
5145
2983
4313
8793
5549
57
2680
4006
1318
759
339
4024
3311
7737
3636
3276
7416
3130
2275
7813
6597
3411
3281
1261
5740
1234
8423
6886
1686
1767
2215
9841
8198
6409
6885
7762
7187
3847
671
6075
2312
8904
3397
3642
4918
5662
1786
4635
8922
3211
1739
5068
6880
4
701
1734
9702
3051
3052
4314
1634
5794
2320
9551
8544
497
5825
6901
851
5874
6088
3568
2458
6200
5500
7693
13
9638
6342
78
9448
3788
7963
8474
27
7147
2960
8194
5708
5151
8059
4135
794
6356
4440
6517
6583
3846
5098
4421
9836
4884
3783
3047
7122
8171
2609
680
4503
3008
1720
64
6709
2974
4866
7845
7831
3845
9524
1396
7536
7630
1193
5700
7814
1952
2773
6102
1759
8983
1109
6167
4539
1921
241
4563
4
4915
1352
1855
4537
2280
3691
2700
3430
7995
7426
7820
1489
6594
8686
2737
4321
3702
6884
2205
3691
8083
5233
5169
5397
6507
8920
5519
1898
5553
5524
4788
2732
302
7841
2915
2493
7668
6859
5255
3939
8493
2269
9818
4526
4953
4612
5164
296
8371
1845
837
5036
8035
872
1921
9682
6182
6458
8029
3359
8171
801
7876
2471
2638
5087
1186
8753
5771
244
6653
6842
1629
8266
5197
5813
5414
643
444
1895
3756
5222
3526
3708
4686
9751
4696
9430
5920
3233
6310
1210
8830
1896
5767
7691
4393
7347
1887
9865
3425
6410
4525
8127
5191
3994
3407
9769
5674
6107
4267
5539
6013
6133
9603
2948
7275
4167
7784
2886
391
1756
2833
2538
3933
5443
8012
9732
2499
7506
1420
8067
8755
578
8470
7345
697
5399
8517
692
6344
4927
3755
9812
8965
771
5196
2696
2292
2818
416
225
9562
9001
9474
1668
3577
1987
4193
9748
5982
3674
7270
8168
4687
6199
6784
5435
7663
2257
2251
1876
5650
7092
6541
5463
8001
3020
3572
3162
247
5316
7440
9680
7090
1194
8504
9754
1104
6801
3767
8709
1205
8768
4709
2670
7657
5586
5124
2765
3987
9761
5032
34
566
8539
4574
2470
2459
4010
3667
556
8415
1030
9501
665
6234
7589
1078
3492
7695
7030
4330
862
8490
3542
670
6881
2382
3871
7806
2414
7896
806
9175
486
284
7405
9113
8550
6620
6034
7294
7093
3134
3211
294
174
9267
4044
6435
67
4508
1632
5070
6956
5430
4170
1544
7024
7868
7692
88
8587
6203
1252
2660
7608
1854
9015
381
8829
8476
2527
6872
1660
9735
7236
7728
5278
3248
495
7614
8338
7435
7739
7906
6264
5736
2218
5055
6113
5860
2088
681
8927
5946
8707
890
1881
550
2685
8319
252
3662
7606
1591
1980
4759
3409
7221
8193
6442
6265
3776
7373
78
1749
1151
8464
3346
6396
1872
9636
3959
4267
2968
6387
1845
7945
5714
1028
6346
5846
4728
562
2176
7361
4675
9829
6147
5925
1504
2326
4997
6862
9671
9594
8312
3308
8848
4196
7555
2425
8534
4153
813
8683
6293
9394
4638
5204
135
6814
7695
6193
1846
595
1537
3213
5196
2717
7073
1322
2316
7421
4892
9545
4639
7096
4596
3374
8074
8537
9096
1518
3472
3921
7311
574
9749
3492
1067
5281
5191
943
5790
4690
4631
8803
5015
9076
8057
5098
8111
6131
7122
6233
108
1113
9261
1267
4044
9196
4798
1264
7129
1597
7717
6176
2721
7925
3283
962
3464
1704
1649
1792
6131
1372
1631
201
4914
5835
2081
5519
5316
2976
425
2965
4395
7239
3812
6198
1312
8482
9447
1871
483
3926
3814
4192
6972
8454
6082
7090
5792
7094
1634
6407
4481
5330
101
8735
9482
9059
6352
8208
7115
9278
5947
4152
1172
4752
1781
5481
4112
7085
9649
4981
2256
9778
1309
2204
7558
7438
3229
6459
9752
4990
9727
8222
1342
4018
8483
9065
7137
5076
6715
2253
2129
1238
4756
1204
7979
9661
3019
2219
6673
600
2978
8707
7444
6652
4150
4703
4020
7897
1177
2043
5830
9893
8455
2124
9551
7724
2810
7154
6268
2715
8344
9035
369
7396
2852
1017
5022
104
4224
7897
4419
1010
9785
9152
2012
1020
777
4689
9867
3780
5044
9239
3899
4672
6423
2236
2782
2631
1653
255
6850
5865
5950
3958
2256
3942
8337
48
3800
3133
9681
3916
3673
3279
7624
4819
107
9303
111
8530
6947
8120
7287
2488
7670
9104
5135
5697
973
616
8234
2390
8450
3969
1046
8553
5059
5827
6896
8070
2682
728
889
6734
4099
1128
5566
620
7047
1603
2128
3479
2520
3122
3307
8729
8577
3462
6288
3151
8807
2640
9075
3183
4898
7290
5465
9703
2233
9070
9760
4280
2407
2041
5848
6218
7231
552
8388
6541
3538
4515
8650
9370
8487
4755
9870
5327
661
2316
9975
1597
9539
3745
9262
42
1653
7705
1836
6808
5662
5863
8386
7976
1843
7847
1071
478
7274
7088
1498
8025
5073
9746
9612
4291
3990
9704
4696
142
7420
137
9041
9916
9094
8162
4741
8662
2778
5806
4564
9525
8716
1580
879
7675
6128
673
7526
639
3683
9391
8053
3573
817
1950
6523
9792
4132
4971
6052
1948
3009
1693
9387
5524
6821
8470
8881
3680
3106
2409
7699
1467
2524
1973
9308
3492
8867
1937
8163
3316
2178
4056
6459
8029
2084
5468
9099
7143
1639
4948
4530
7807
9754
2615
6515
7023
2193
5354
853
7658
1792
3846
7533
1273
1691
6585
1048
8843
2642
3031
925
2194
6808
2735
9770
8953
5233
1358
3440
1352
9370
1737
2041
8158
7879
9892
1713
9908
5457
2284
1299
3512
1084
504
1524
8331
6523
5185
6337
5498
4419
255
4501
8608
4022
2335
999
7018
2845
7562
1789
835
1913
9500
8287
54
1805
9375
3394
1799
4871
1140
3385
358
1731
7412
1110
6303
1211
1439
2429
48
5020
7941
6933
9115
7236
3432
4135
5543
8893
4695
7063
7895
494
464
1599
1583
2217
1469
6525
7147
1790
4538
627
3278
6869
4142
6876
6610
1225
4696
5806
1405
5132
1741
5814
3972
2567
9171
2818
8372
5240
7850
2906
176
4077
5490
9863
1267
5813
9526
4085
9742
4913
5282
8257
482
7314
3654
2246
3093
6556
7524
4317
4197
8888
5657
2762
8753
4650
7626
9015
3045
8651
8152
1907
3939
1632
451
9201
1378
4279
5609
796
1699
610
6064
6491
9850
3483
5332
6658
8913
6925
9724
1816
7715
3532
8708
1287
8420
2727
1110
6617
8187
510
1040
1090
6760
3374
4317
8850
6862
4452
867
8814
947
6727
2618
3587
2824
9165
2912
5269
9317
967
102
6120
8926
6336
4192
407
2923
9163
781
8650
3169
8992
2609
1188
9569
4973
9731
6475
9165
6482
9795
4460
6057
910
868
987
914
5121
8462
9254
9815
5840
7299
7219
408
4919
2163
423
9182
3910
5926
7699
3671
2216
5644
1954
4118
1430
4017
7850
9434
6436
6104
2835
1172
5641
62
8016
5467
3204
9492
7801
701
1526
8835
7329
1693
5390
779
4649
2809
9307
7293
5254
555
2096
788
3840
5265
8914
6869
9483
1104
612
9820
3379
9735
4463
6046
4767
4857
4147
4956
5977
4417
8125
6998
2145
3381
8315
261
8727
651
9367
5040
126
9142
849
2280
9075
4852
6222
2751
6553
6335
9
6696
89
1705
5455
7593
7229
9343
6012
9792
8662
4351
1315
836
2429
5098
8643
458
6949
8652
8141
8832
1736
5571
9693
4236
8886
2182
6971
9914
8635
1396
8402
9642
4408
1428
6909
440
7926
722
3031
9384
4638
9575
6378
5775
7827
12
9850
3977
6209
5763
5801
7901
8194
1176
4960
4517
2011
1218
8706
5046
2372
6097
1157
7266
5948
1673
6428
1001
8189
8202
2532
6226
5620
8756
4193
2161
9193
3918
6409
8874
2332
2993
3705
2871
5594
500
1448
3231
6468
2391
8429
6707
2016
7984
7012
8540
8417
9112
9826
6153
3584
8849
5788
8006
3230
9574
2280
9437
6983
2798
5324
8093
4809
9832
2714
9378
2392
8285
1671
5448
225
3196
4533
5798
9773
5825
4210
7635
1744
5652
3743
81
4091
255
5289
3483
7205
5698
9641
6020
8219
2010
6248
3669
7066
335
1897
2183
5270
7633
6148
132
7440
4378
5928
387
4316
9990
8232
7404
5364
4645
7692
1330
9054
5243
4001
4553
4542
9230
2173
6693
8643
5651
7228
8214
6947
863
8731
9437
3927
2027
2365
4111
9504
3611
2640
9712
4326
4902
9167
7214
7466
2236
655
3574
4318
4918
4614
1822
6333
7343
7640
6039
5459
9455
1488
1789
7149
7714
3439
3452
1258
8794
3477
3336
2280
3580
1825
5443
2603
4289
227
9640
63
4958
9227
6407
4995
3654
3895
2029
6248
6908
3103
6583
4386
6325
8652
49
2122
850
2563
6612
1463
5714
5956
8671
8759
7319
1294
737
3092
9171
9219
2044
7116
8000
5976
500
228
5081
6794
3495
3818
1409
7204
4350
5690
6893
8950
5954
4928
1776
3321
1752
1726
3614
8176
4348
9002
555
7647
7676
2360
3158
8936
7077
7689
1058
9466
6385
349
8151
9820
7041
4056
9067
2793
53
8510
1605
2980
1865
8368
5339
5808
1316
5849
7466
318
3502
9823
1627
1498
9672
7433
9118
1135
660
2473
126
6660
4631
7426
2564
5605
6777
1955
6280
7696
2658
821
8123
5838
7396
7574
5781
9307
7020
7349
7620
1227
222
740
5964
6561
8721
6653
148
9607
4937
7932
2133
7580
8383
4945
8349
4439
5804
9734
9031
9360
9569
9769
7660
2680
1700
5789
4101
2098
1651
9811
4114
3310
4852
8899
6438
3891
1462
6002
6883
124
1807
6672
2758
4725
8687
543
7454
2451
9225
1342
3502
7286
8318
8260
1657
452
3079
3283
4861
2932
2551
8049
7955
5126
3817
8822
2727
9484
8506
4457
2977
9802
2850
8906
7552
2896
7011
2934
3992
1157
8334
1649
2873
309
6308
6827
4991
6592
7241
5985
812
8178
1140
3951
7572
3757
8717
7632
907
9864
7815
7970
3944
4768
8365
3700
4436
9412
707
8760
3441
144
9290
3704
4597
902
5176
7645
8818
6990
3831
6135
2242
2521
3645
4798
8661
8899
1334
3795
4179
9378
2026
4127
3341
364
7704
8105
1943
2607
2391
5579
5885
8480
2543
667
8887
7436
9353
6669
8581
1071
8814
3917
6033
1680
5728
1423
1122
3566
5039
5536
8077
6912
4581
4062
8118
5162
362
4233
3197
7071
5701
6210
4598
8252
250
3761
9977
2977
5911
1224
9546
4664
5214
3107
564
8108
8094
1661
4636
6281
6982
8377
7568
6855
7501
8972
3899
8480
2548
3724
7074
5119
3472
1509
5370
2603
9319
7780
1429
1966
1445
8145
7655
3815
5990
3412
1698
1474
3497
9
7068
8700
9597
6916
89
7324
8642
7743
750
1277
9862
1497
429
2186
4149
4426
1192
3704
7736
7961
8789
313
231
2669
4836
8837
721
3752
864
4088
7274
2424
4982
2539
6656
8373
5522
6556
1419
8045
3961
1575
7030
152
2103
9948
7715
5468
9665
1563
2220
7993
3737
5536
1220
6754
8468
6927
2080
1252
6602
4889
6878
6661
4002
7438
6514
7889
5530
5775
8904
4635
2284
9691
3999
7213
3283
79
565
4887
1121
5253
4086
9301
1868
9281
8686
9445
1319
9901
9905
8594
4476
167
1442
9071
4697
368
6149
4665
3433
9826
9938
3890
2658
7585
5708
4046
1537
4006
3471
8389
6361
7192
131
1349
802
7576
4793
4721
8751
7068
6570
5628
5870
310
158
2117
8248
4927
2516
2915
3929
5900
1454
1295
5315
196
6642
4282
3572
4640
7908
7312
6430
1515
2232
7284
35
93
8269
7120
5574
1428
5913
6365
3255
4309
8019
2348
7426
3590
5797
6609
1489
556
4460
461
5738
8836
6034
606
934
511
1148
4111
9159
9257
9198
4355
8077
2874
2082
8155
6658
5396
7340
2500
9986
5088
8039
1005
2176
4294
6856
9982
8842
1299
5823
5874
7055
1771
1546
1199
4058
7662
6186
5063
280
1801
7205
3997
5110
3664
4271
4551
1508
7641
9950
6093
3215
1959
474
649
796
5028
8430
6639
3654
1166
5269
7860
3434
3324
7299
6305
1328
882
4097
8996
9209
2277
2220
8185
7883
4042
5895
8511
23
2304
8473
1201
1348
9729
2658
5095
1297
896
402
9029
9232
9546
1408
9114
6532
9345
562
1785
6365
7965
3223
625
3544
954
6883
938
9739
2289
2765
6754
9133
9918
6616
1350
2692
4068
6511
3704
666
2203
5008
431
480
5067
9763
9663
868
3105
1652
8538
3479
4109
2146
2057
9081
7847
7656
394
2846
1719
5356
9008
8131
3648
9896
9314
2929
58
6422
2464
2833
6857
1119
4161
2956
2791
145
8476
1190
7220
70
6633
636
4227
3274
5024
7771
4558
2268
4844
6411
6117
858
8946
6847
6000
2300
6832
5171
449
6733
809
6683
9188
5704
6621
2989
7985
9101
6289
7702
9179
9203
5625
1649
8722
8372
3903
373
4872
1542
8371
7789
1577
6052
6716
5999
2172
7313
6955
491
3312
3305
741
486
9260
9950
1447
8522
6652
2034
9785
5457
5978
7141
7231
6914
5232
7297
8124
7628
8396
6458
299
8907
8362
3019
5105
3136
8988
622
816
671
2145
5798
4389
5873
8462
5139
2388
8772
6924
5380
3721
2837
1756
2913
1811
4435
8820
9801
766
4875
9189
9327
2094
6854
3006
1834
2124
6240
4844
8311
9534
6029
1217
9114
3311
180
2751
1357
8452
93
4909
9352
703
3016
2737
7461
7150
5448
1208
670
4315
9186
9856
5941
1482
2818
3704
7535
2867
6627
3014
6148
3928
8613
5846
7691
1619
2642
9601
1630
1683
7463
1349
672
9965
9836
8623
9078
4116
5544
4683
6675
5031
4174
3996
347
6172
5275
7631
493
6476
5216
8490
1824
7079
8761
5424
2090
7170
5045
5841
4507
5846
9578
8986
6851
7837
9184
5975
1645
4195
4626
3418
7322
1944
6339
1116
9753
4617
5498
1518
6343
5010
9108
5154
6467
8972
9525
3593
1204
4412
6533
1907
9071
9703
175
828
5453
5188
7144
2510
6988
9299
5985
6298
1850
1797
1168
9880
740
7644
5670
7472
1671
3527
9498
9497
6738
4424
2518
7879
8311
5591
4770
7232
7662
2718
4347
7619
1768
5510
5663
4565
7473
2988
4530
7043
9024
2809
3303
4670
7804
9644
2852
3560
8742
9060
236
5543
205
678
4090
1029
2669
9264
4198
1396
4528
8753
8636
9132
7450
3548
8112
5229
1981
1104
9999
8683
8997
2454
472
3928
1120
7848
74
8667
2738
1210
8490
8601
2481
8803
7414
1089
1420
4634
1895
8208
8790
3133
2515
271
4173
4171
7220
4255
1532
7623
1579
7637
9061
1553
6546
7751
206
161
9908
4821
9190
5531
8658
3318
262
34
6650
8646
6134
7022
3809
7347
9209
1790
9892
5864
9938
200
9755
6948
628
5818
7134
5115
9631
852
9540
928
2257
9663
883
1259
4725
7073
9018
3258
4474
9196
9
4138
7521
8573
8121
4510
3813
4231
8428
7270
1660
682
7812
5
405
2960
4193
3372
8396
3542
3686
9409
494
5721
6388
6471
6139
2550
2622
2135
2772
6633
1389
742
191
5616
9426
2054
7696
2624
1302
5399
2424
2269
9268
1575
1851
877
853
1764
2880
5646
4862
932
5509
599
3644
1800
2184
1650
8370
1263
1609
6293
4498
5026
9292
7069
9814
4789
3534
2139
5675
5772
2240
8286
6984
8224
6453
4813
4619
5261
1697
857
9255
7126
1771
457
5232
9591
1972
7626
9869
6046
4253
38
3790
6131
7771
4241
2282
4781
1063
6063
8229
740
9970
9089
8691
7222
3614
5419
5346
7371
7030
3109
9565
751
7037
7371
3254
8834
1837
222
2817
5908
2269
9628
1518
2201
4496
853
452
2212
2530
9838
4197
5633
2627
8514
7155
2681
1766
8009
5977
6552
2279
2498
9016
1144
472
3038
9093
400
986
3448
2944
841
3246
2321
8471
342
7570
6489
2726
2761
4967
3134
4840
7192
8911
3932
8123
8523
215
573
7068
3827
4245
6265
3628
9771
612
374
1728
1458
1759
52
1225
9082
6894
3356
2386
306
42
6813
5110
5276
5283
3215
1584
9145
7658
1824
2232
6540
4914
569
184
413
6379
9116
6595
6981
8693
8700
9730
7196
4760
1267
1001
4914
1908
5757
297
5554
1545
7817
8481
3402
5462
1791
8544
1029
4680
4483
2112
8788
8141
5188
6544
1190
9867
812
2703
7777
6761
5405
1612
1342
7082
7914
515
4015
2214
6669
7236
1900
1526
6678
4994
7096
2088
6781
4951
4587
571
5566
2300
4210
6587
942
9054
9572
4723
9811
5047
1096
3054
2520
8793
6139
6205
7138
6320
7547
1276
4529
8814
8010
7246
212
7261
1463
193
9447
9101
3086
5861
8115
7206
1194
3105
7402
4755
6140
8860
943
9291
2403
1622
6140
8845
9006
7884
8855
891
4950
461
7403
3311
6042
6751
4289
6963
6374
3680
7590
9378
5276
709
1960
5235
4939
5313
7598
3034
8802
2382
179
8686
332
5237
6411
6387
1106
1366
8255
3578
1338
8556
4151
2624
8457
4803
1163
4443
8815
438
8380
2460
1270
1564
4015
1693
9662
905
3906
3692
285
5820
2088
2567
281
8717
2978
804
339
7902
5857
5007
5424
4011
8039
6719
6558
9336
6777
135
4149
3155
4219
8364
4002
7719
7416
8767
1222
4717
6725
201
7460
4563
3292
5518
6468
1583
2342
9740
1824
359
4103
912
4581
3372
7035
7258
3524
7295
5135
325
4127
3770
9542
7130
1601
3724
8565
2562
1300
4211
9582
5622
1176
5656
7547
860
718
2521
251
4974
6993
7037
8310
3790
9052
3306
3782
629
683
157
5242
3926
9582
6399
6073
3689
5021
6162
3916
2743
3018
9780
8439
7613
776
8480
9736
8925
5825
6174
6539
1003
7044
160
3332
7090
5459
5751
8078
8294
9941
7936
1878
1142
8968
5656
6039
4776
9582
3857
5839
4556
8604
7507
1956
7212
8597
697
3014
571
3569
4857
4804
4508
3618
4239
6881
9422
3067
8983
8229
9269
8084
5622
2802
5081
7902
7297
8645
5119
2441
4959
9343
1967
335
1983
2398
9536
8203
6119
8492
4762
2737
7506
4725
5084
3132
7369
7524
4728
8774
6617
1709
598
5627
6570
6471
2982
4705
6874
9310
1300
2051
7894
8130
8610
5513
2836
4173
1634
1841
7345
1218
6947
490
3467
6532
577
897
7717
1949
532
9772
3916
6345
5823
3250
8744
6339
3764
5511
9415
4831
1328
6808
7192
2710
4842
9376
6114
9570
295
3195
5889
2886
1429
5399
4761
108
2160
38
5894
2085
6987
4924
8777
1527
8135
1549
2307
5359
6769
6496
408
6123
2426
2514
9889
138
3298
756
1689
1201
4782
8147
1654
7337
3882
1030
4916
423
8488
8636
4178
3726
9617
7329
7843
6403
8030
5664
4575
3293
7069
754
2800
3798
2786
9766
460
8914
5509
4622
6810
1404
8348
4693
7303
8839
3270
1440
7644
7105
6632
1883
6871
8133
2318
6682
6505
5097
4670
3485
2107
7633
6180
8395
4131
4027
5346
7855
4550
4116
569
6001
4914
3865
1826
2774
5377
4924
25
9003
3133
6590
8020
7470
6660
5186
3883
4667
1480
6104
3261
5363
4244
2023
2514
9176
5223
9953
561
3276
3493
5414
6890
3528
6535
631
6969
3005
6307
9543
1304
1581
5071
5666
352
5517
9613
8710
1734
8945
143
679
6375
8445
855
5206
1757
2890
1351
2649
7551
5424
4362
6749
5510
7718
9699
4491
935
6029
8217
878
8359
1937
4800
1679
291
8577
1670
6997
9563
6512
8219
1616
3132
2813
9039
8444
2673
1328
8873
4078
1654
3658
1992
5879
7218
8321
156
2634
5817
5121
7775
5704
728
9265
2319
4437
3645
9175
4914
3179
1219
4354
3085
1038
7205
2746
3616
2696
8678
1255
1818
9606
7155
4138
9224
4701
9945
8920
4460
1970
8421
9035
1179
4442
8737
2514
887
3867
494
4602
4798
3497
6414
5693
2859
7299
572
953
8674
