403
1893
4563
7676
8676
7434
854
617
7539
733
1675
3773
9526
2129
9837
5691
4033
5636
166
8042
3086
1954
3717
3634
256
6688
5089
8807
8474
7328
9804
129
4588
210
5511
912
1214
7575
488
5169
2253
7552
496
6092
5749
1967
5144
9875
8858
809
7417
6407
3229
2263
7421
8449
8175
929
7420
1987
2345
2047
2142
211
929
1545
9184
9316
6618
8925
4476
6457
5148
4997
5788
5533
1457
7625
7884
8288
1543
5214
9948
7665
9911
3396
6899
2325
2788
7062
2737
285
154
8500
2824
206
5410
285
5163
4203
2782
5828
3257
9933
6332
959
1259
8232
6475
1887
6991
550
3044
9131
443
7130
2098
4477
299
7533
4646
6859
6527
9555
6188
4190
6302
6647
2172
5581
123
1172
2461
3681
5506
5715
1957
14
1332
8951
2136
8667
5850
900
71
2186
7241
1022
8057
5693
8107
933
9985
7629
9557
5922
9300
3701
3745
2141
4656
4611
6059
893
1764
5818
8088
9363
3625
4728
5173
2083
3144
1347
5396
5978
1009
5627
9483
4001
6949
5279
8590
6479
7474
9190
1187
4832
4123
9583
6414
8255
6269
9191
4295
7525
2607
4956
9136
4253
4098
7878
7397
3329
519
6023
7788
8637
2233
3579
4913
3673
4217
9744
5192
9376
6021
9579
3419
2573
4630
3256
5239
4042
8313
6918
5814
3953
7052
7871
3370
6052
6490
5230
9902
9070
7882
5261
5960
1450
1402
2550
2599
544
4669
2740
4037
6525
3998
4918
1504
3028
1537
6562
9622
842
2638
3355
5015
3600
209
3835
1584
4362
208
8861
7182
8986
9841
6121
1494
760
3618
1969
1171
2080
656
4695
9372
5573
2880
9289
9954
2134
6366
342
4515
9928
5608
9060
6432
4527
245
2360
1241
7566
965
8237
336
5808
5557
5050
6683
7877
3423
744
9409
9568
5391
7542
185
7943
3982
9442
719
919
3880
9449
7995
9865
4345
7254
3378
780
9689
6967
514
1258
728
3604
1114
2419
4359
3563
15
7829
2605
2077
8710
5622
933
4946
4536
8066
8874
8488
544
803
1640
321
3686
1516
241
470
1462
8302
1672
5902
8187
6456
229
8150
8839
1786
6427
7765
3584
419
9426
2890
8314
1802
739
2373
8932
9398
2717
5312
1905
1200
6422
9711
9618
406
9918
9598
2178
3888
2100
1713
6157
6703
3889
2254
5392
2782
6106
2750
1638
1109
4904
125
1376
8750
2007
1883
777
7868
1538
2063
5584
6360
3996
6987
33
518
8531
8433
1868
6829
5587
9695
8318
7713
6732
1611
7913
8484
6980
6149
3291
9967
3673
796
6295
6297
8334
868
8399
8034
8821
4310
2350
37
6128
9797
2706
6902
2220
4874
4250
7673
882
4808
5522
5209
1806
3663
2017
396
3970
2292
887
5388
8771
5617
2686
3200
691
3736
2183
7663
33
3833
8008
1277
7344
8281
1584
6935
8904
1010
6264
2106
1898
5618
9085
8865
5274
1086
4490
4671
8851
8003
4063
6528
3422
6961
1265
511
7111
9506
6211
8484
2690
6587
7640
7048
6800
4245
7864
3525
2078
5082
1491
2960
6027
8781
3490
3153
6531
3820
7925
9604
9245
7512
8812
2029
9769
1479
7854
383
7016
1073
9823
9398
4799
7780
9416
5311
7977
2037
2065
1029
3221
965
2593
3768
6511
1103
500
4641
3471
8111
3979
3290
1580
6606
9238
5177
7775
5610
7278
5320
6390
7481
6509
1004
5258
2092
8161
8247
9364
8178
5176
4494
1755
6896
6383
8280
4919
5043
5517
8666
978
3213
6911
8904
7093
6533
7818
8192
8541
4238
7535
2366
4758
6745
4639
5740
4455
1588
8509
4419
2942
2253
5276
5292
2935
9485
1535
4683
223
958
258
2731
92
8612
4341
3176
569
7604
3910
8725
4274
9968
9706
5126
643
2809
9736
5010
2257
643
3824
3330
6533
1098
5723
8725
7937
1619
5969
7608
4997
3134
7969
7583
3979
4803
2274
6146
2403
1462
5170
6851
7677
9784
144
2974
2547
149
4649
126
9748
6525
2426
9580
7134
6927
6197
8993
2888
5616
5238
8950
1635
6301
3727
1139
1999
2122
1147
5839
534
3589
2606
794
5472
6973
5653
6749
954
2749
6178
7788
6969
5842
7859
8472
708
8389
449
7051
8606
3280
3257
6786
6223
6219
5215
1375
6056
9005
974
424
9002
8809
9591
6159
3918
1631
4107
160
1274
9448
8039
139
9437
7450
1980
5792
8441
5255
430
3609
1673
4095
7233
7254
332
5820
4570
9252
1757
4277
693
1949
1774
5754
8785
8159
6251
1700
4554
9077
4281
288
5777
9157
5240
3118
7348
8773
4238
9422
2933
801
8574
7365
8750
4907
1576
2337
5826
8098
7060
4854
8403
6996
8755
6090
8364
3683
8664
3821
9541
6741
701
1353
9327
1385
8317
8075
2013
7214
8471
5797
5014
2334
1343
9891
3374
4409
7003
3878
6583
3914
5874
6456
2017
9427
1884
8780
402
9150
4753
3665
108
417
9881
6192
100
7221
8037
7365
6589
3500
324
8611
9627
1262
9840
6068
5653
8863
2715
3955
6680
4786
7237
5626
866
4244
9335
9900
9500
9536
7673
2862
2461
4805
5688
4596
2452
5150
9791
6153
6371
9638
7288
3082
3590
7262
6829
755
9586
5816
3127
1539
6434
797
6985
5322
3180
4254
5326
5855
7885
8137
7865
7053
5827
7461
6150
4821
5573
5244
3615
502
9071
6561
7583
7042
7497
4155
2036
3604
7415
8580
314
3684
6409
6133
6427
1663
7820
366
1416
8198
9824
3936
8267
8234
1772
235
7254
6128
1111
2007
5181
4342
2200
2624
2467
9872
3214
9943
7825
9024
2218
1722
8439
9305
7822
4181
643
9693
1033
4487
7000
5207
3828
5417
678
5134
8294
9349
5269
7261
6900
5907
2492
5408
3398
5971
1483
3784
3666
6554
8449
7877
2541
2391
5979
8102
5497
8962
411
7591
9592
7560
5095
6624
5007
9974
513
6782
1946
7333
1578
3864
4673
564
2123
6310
9229
3031
5906
1851
2697
6859
6027
4478
6038
9122
2666
1437
9437
2576
9637
9331
8937
7677
7669
9340
812
5867
400
3424
5458
4701
1838
6332
4975
4584
3204
1976
267
9669
8872
2466
3056
8560
4894
2733
1532
616
586
5885
7308
9076
7345
9369
7695
2247
4927
6996
2894
2783
5498
3362
2630
2482
6392
7996
5020
9694
9502
1453
5918
689
1169
9768
3704
7171
6275
376
2783
4936
7807
195
5281
4514
6115
6381
7356
2468
8637
2728
9657
6207
9082
7483
4171
5509
9835
574
2167
6897
7712
1837
1113
9133
9967
6619
7907
7576
5665
524
5971
4550
4213
7958
4976
5302
8081
8116
6366
11
640
2552
1057
6774
1796
9710
1606
3685
5596
8194
7335
5701
8209
5885
7223
5969
9082
6147
4547
9496
8474
9779
6802
8112
6756
5107
1993
1123
2507
8869
7428
1719
4207
2156
6257
5160
779
4339
7336
256
5012
4221
1980
7471
3189
270
6340
8328
735
9006
6219
1933
3568
6869
1536
861
5749
2945
17
6689
7716
483
1177
6727
765
5616
1493
6052
9627
2063
5189
4742
8811
4291
4484
4252
7798
9330
4922
6486
8766
3665
388
3501
2649
5494
8150
7338
619
5396
9410
7834
4322
647
2539
4529
3043
5252
6705
7572
8776
288
8701
8671
3816
1477
3122
9276
2385
7283
3062
6418
8022
3530
7923
4051
95
7676
4078
5270
7465
4155
5433
4231
2652
7355
420
8163
1751
9954
1209
2546
2624
7350
7709
8477
4964
1716
9684
1172
2372
8874
4952
3335
2334
2991
9811
791
2724
8488
4433
5367
1174
1434
107
4621
4855
4469
6019
6461
1056
4959
7524
2430
6074
516
3793
672
5820
9445
9086
8378
7991
2905
2898
8591
9202
2097
1897
9660
7544
9628
5438
3263
5520
5842
1371
1190
7242
3088
3622
494
5697
3223
115
7413
1349
2522
7261
1817
9198
9138
4971
3279
9401
6055
7375
8268
8536
1515
5419
2757
2572
6358
8917
1427
9520
4261
6909
232
9144
2603
3429
2732
5822
8592
2680
4767
2790
5484
7242
6680
4836
79
462
8405
4657
2159
3862
9465
8466
3103
2653
5727
7669
865
7921
9339
4306
8687
7893
7087
5612
7029
2673
6594
5709
2238
7456
809
3374
2607
5478
3051
4273
8739
7921
2493
5895
512
6770
7360
399
7444
1765
6041
9950
7702
5063
4957
670
3341
461
4102
7591
154
1067
7807
7405
3868
2695
2419
4702
3052
6090
5858
7624
9601
1453
8929
2943
5428
3443
3794
1917
532
6688
8168
5263
6632
6644
8006
7175
2499
138
33
2146
1375
5460
4119
7671
114
5088
2027
7816
4350
2658
7346
1353
5906
8416
348
6249
6133
2013
5242
9897
6666
2185
7059
3465
2898
2543
773
7224
4688
5243
2203
2914
6057
3712
6249
4141
7334
1257
2829
340
1416
5978
7566
7873
9342
6815
9357
8215
6295
1757
1042
485
4896
136
5479
9190
8400
653
4773
7570
4314
4802
3127
9107
455
4432
5296
2194
2166
6207
8914
4875
9184
4901
8480
688
4618
9185
4123
6083
3186
2557
929
2931
4201
1717
8017
5921
8232
7059
5740
6681
6484
5258
6025
6613
2850
8459
7418
4910
1518
7163
6049
87
2842
6166
1300
9994
1655
4791
4571
9215
6530
8689
4384
1756
3873
195
4906
8737
6414
9375
3961
5107
466
2233
8390
3926
8876
1866
7837
6159
1767
9212
4564
6023
6508
841
88
8034
416
8022
4265
3441
2487
6525
150
7794
873
4268
2739
2654
3553
8680
8495
2143
3201
942
9621
609
7776
7374
1118
9788
6953
8412
7447
7317
4124
8360
5248
3032
107
6871
8321
8392
5109
519
2619
3941
2082
595
3052
4607
9127
5183
2605
3086
716
2421
2821
5566
1219
9479
258
3042
6903
4477
6488
4075
9077
2832
3669
2512
9020
9707
2547
6681
359
103
7033
2682
8322
5679
8526
7180
4321
6511
661
1769
5806
4361
6601
1703
5539
9681
1812
627
6613
5278
1489
632
4030
8543
4864
9249
6925
539
5586
9419
2635
5924
2727
613
5387
139
7243
5540
952
3078
8720
392
3815
4718
8268
4716
6231
1966
6973
9338
7894
1919
68
5081
8613
6400
8651
9779
815
9276
254
3782
924
1241
9134
9882
1633
5988
6315
5399
2438
6272
9675
3534
6557
1097
6817
9312
274
147
3018
4959
3565
6248
1525
716
5856
7646
1999
8987
1488
7464
4724
1676
2824
4938
9467
2574
5584
8386
3082
242
5651
1573
6900
1621
2244
6533
8523
7516
9583
9339
9504
667
6258
5294
216
4676
9715
8417
4025
3987
3989
7328
3911
4974
1547
7998
710
1619
1629
4243
3727
1888
7065
2775
9308
1992
9347
9904
8472
9322
9123
4482
9403
2149
7959
4057
5418
7529
4722
4791
2858
7166
4360
9094
6253
8322
7662
1926
73
4245
5822
6904
5887
5340
5611
7616
3602
3482
5986
8223
5328
9811
9945
4703
4864
9506
7924
1762
7014
7490
2580
3181
6896
6838
1384
6560
7527
7970
6521
985
4330
7421
9830
4226
3500
2218
8595
4063
6537
343
454
1935
1542
6498
9462
3047
7221
9657
4230
6747
398
5899
4912
2582
1664
2641
7
9049
3955
9050
89
5631
6960
5001
3893
7907
9980
5718
1202
2645
911
3861
5224
6670
7035
645
1638
397
7375
8337
9339
7869
3739
9774
586
8430
2509
7248
2561
858
2210
9545
107
7487
254
4822
4974
6541
2604
1555
3067
1502
8454
1584
5835
6537
674
8241
5546
1019
1002
9609
1673
5618
9711
2219
1891
7185
4414
5463
5397
2732
3156
344
434
1365
3753
7737
6415
2212
5670
5096
7793
5819
5270
7836
9414
2155
3939
4049
7755
4267
1701
1542
9855
2601
7871
4489
7776
8035
2930
7788
2127
7141
6157
334
8346
8110
1150
4469
2783
2937
1825
3333
5349
5905
1816
5854
347
1874
2805
9736
3246
364
7707
1130
1031
1614
488
7833
3494
9264
9961
8380
9281
7881
2969
652
9662
4935
9490
1303
1004
9469
1266
4818
2442
8367
6192
3949
784
2017
4141
5901
5230
3194
4542
1762
9433
5027
9303
6731
7622
3316
975
3518
2975
3444
4052
7468
2936
1164
6191
5412
2384
1501
8732
3777
9097
2888
8687
2663
5421
6538
7048
1476
5123
4059
3150
6087
3339
1206
1218
4634
5631
2759
3681
7688
8494
7748
1842
8997
4315
8724
1013
9620
5825
8729
3517
3728
4462
765
2664
6544
6339
6639
1309
1084
6267
9498
8395
8916
294
7964
4128
1729
9945
1556
9780
9625
7820
1043
5282
1349
1045
9690
8348
6697
5524
7428
5650
6394
542
9421
1625
2574
8542
4673
8295
8991
1449
2596
1420
8995
9352
2926
8703
6350
4595
9284
9675
4268
8948
3892
5908
3418
5482
1315
5499
6649
8291
4612
5560
8839
3848
2000
8374
872
6338
1554
3187
5271
3261
788
8175
5223
9622
6287
1996
8118
986
1997
2101
6240
7753
1381
7445
6649
3513
8207
7091
7227
9174
1645
700
6837
7036
2581
5146
7351
4552
7831
12
3040
6096
4403
1007
8159
5716
685
3795
9194
9318
7380
5662
6293
2510
9319
1086
2466
4555
1724
7359
8130
4463
5960
6096
1616
88
1338
8187
7041
1140
4645
3566
3155
1985
9060
143
3349
374
9286
932
2827
4411
7896
7909
1794
5983
4407
4326
7716
1495
2680
2796
2828
472
1881
8577
136
8307
9390
8071
4378
2498
6754
8054
4672
3813
2506
4307
3449
9176
7736
2092
5269
791
4531
3719
6566
8050
4301
5632
5680
7011
470
5546
8460
1848
738
2683
103
482
6
5042
983
1214
6554
329
7657
9842
3236
7981
3476
99
877
8540
3758
588
7527
2036
5940
8162
2011
2085
4005
3758
2391
7367
2027
1208
9593
2824
3075
9823
4204
2966
9170
2694
1108
4054
4236
4201
6061
6723
4814
6320
2155
5580
6134
1930
1787
7872
4320
8701
6742
1941
8471
7920
1037
7225
8823
9187
8301
6449
249
411
4905
3653
5895
7910
9369
1064
9479
3473
7799
1739
2100
5288
7271
7684
1602
6810
1232
97
9420
1721
8503
4374
3080
2262
4495
1249
1657
3882
5231
5049
5900
9612
6473
4403
1415
8502
9685
8224
2560
723
8392
847
901
5003
9840
3182
649
3352
5622
2013
7954
8203
7028
8528
1907
531
572
3632
3414
8119
9406
5596
8241
2750
5839
2488
8814
2867
6269
3100
7124
3008
7537
8697
3328
7656
3472
8077
2422
1313
600
8304
8260
3218
7094
7696
2583
7945
2495
884
7929
6052
4810
4440
1316
2795
2606
8151
9164
7352
4367
7781
7083
2522
4888
4946
666
8331
5199
4251
7058
2495
1210
2100
7519
1101
7336
5023
5655
8143
9905
868
372
5385
5171
1071
8197
3096
7380
532
5050
5321
8913
5069
6945
2819
1221
5737
8329
2148
7029
4251
2746
8244
3825
5433
4842
2709
6921
214
5458
7582
2496
1020
7447
3499
7408
1697
7350
3816
6748
7570
950
4666
9201
1737
3581
6140
5155
4699
9880
1599
6693
3507
1113
5653
8122
2128
1559
9737
6229
5488
6175
7166
5073
7467
2824
7892
7622
3446
5410
9523
8387
4513
5399
9459
3300
8079
9042
2087
1851
8701
7554
2221
334
3859
889
8988
9907
1793
5376
5280
137
7612
7587
1260
1394
3784
9592
1733
8912
5689
8517
1708
9289
356
3211
2180
8107
1654
2352
43
3085
9472
7886
7527
7934
3954
6831
1214
6577
3836
7985
5828
8069
129
9386
774
6925
4139
8064
9516
8486
7308
3174
6162
183
5845
2932
9978
647
8709
881
8252
9441
5333
2195
665
9726
59
3326
7440
6952
8378
5155
5076
7704
2689
3638
9159
970
2437
5254
3967
3589
2835
1556
5776
6297
1724
7344
2088
1022
6853
566
7868
2954
9732
6387
2736
7934
8720
1048
6866
813
624
2563
107
2153
8097
8458
7494
2206
3772
9008
8210
3455
6913
4663
6605
3776
6418
4367
8002
2715
1237
6417
99
7812
7287
2122
7971
6301
902
1224
2249
1389
8387
3154
2965
272
1449
3623
8199
3265
9849
9882
7249
7845
2355
4413
6041
5069
9781
8960
1516
4353
3045
4151
9576
4206
2464
2295
4865
5975
486
1192
1304
2548
6758
6821
5067
3759
1697
6333
2327
2795
6167
4736
2866
1355
9168
2253
5456
2873
6080
2902
6520
1942
9708
7896
8343
4236
3578
8758
7807
9153
8757
2224
2779
8656
8577
4701
1086
5534
9346
2282
3371
3447
6633
8720
8185
8309
1284
8220
5038
210
6838
1992
9894
7584
4672
9362
2839
8862
8478
830
180
2939
8526
3173
4037
3943
1956
4209
2777
4467
1167
9922
3527
3798
9530
3073
5309
987
9710
33
2951
5357
3720
7597
2315
6765
2329
5195
3984
9215
1861
2223
7056
8515
2101
432
4921
3459
4683
4242
6352
7074
5442
570
9043
6916
8465
6095
8053
1599
4053
1852
9152
8444
7878
4822
9219
929
857
7272
1613
6761
225
3561
2606
8943
