4327
2183
9607
3447
309
6855
6706
6330
9998
3493
2272
6938
3062
9101
4569
9255
5407
5903
4059
3243
419
6838
6808
8567
7307
5325
9027
5989
8359
7412
6088
9099
2902
8890
4811
2501
1211
5874
9
9301
3629
7896
8499
9148
9416
4056
3879
5336
5943
617
5756
8037
2373
2619
4560
7488
5374
1040
6139
4983
7827
717
7971
2586
7405
3173
4035
4171
4289
2068
8043
9532
5894
4758
9614
2522
8339
7659
9150
3251
1446
3691
45
7742
1655
8051
6725
283
4330
7323
7126
171
9734
5025
1473
2912
9925
5913
1742
6243
20
9708
1047
3874
2573
6223
2143
7615
3004
2038
9149
7715
1889
2888
3537
4136
671
228
930
9354
6447
3752
9841
6965
4942
7872
9798
868
3285
6702
2596
2425
5917
2907
3230
1737
2643
6170
5169
5432
5907
9110
7278
2292
8174
9411
8281
6845
1488
7336
2240
9696
4983
2387
9795
6268
9867
4081
8932
4700
6425
1274
4330
6302
9441
6723
1797
8982
9657
1799
1493
4501
5059
5498
3446
7337
6473
7548
8791
5531
9591
2952
9380
5948
4461
2900
7442
3529
3111
6962
1870
8561
7238
468
9007
4633
4780
976
2851
1450
7613
9299
7188
9688
5843
7739
4636
9485
8941
2458
9795
2318
5290
3401
5108
3472
1894
8381
1840
6540
9280
8268
5870
2695
9928
2931
7263
4590
6490
8813
2557
5497
4697
7340
7917
291
5764
9691
105
6722
8263
7957
4588
653
7166
9552
3271
3836
5359
5534
2738
6398
9135
6310
2170
9345
3429
4493
9760
2912
475
45
2994
127
9901
4298
7620
7949
5483
4817
7707
2202
8276
5117
8277
1323
3680
5216
5528
375
9659
3426
9231
955
6074
6158
6361
8387
5170
8572
6862
1271
9931
7193
6246
8217
4963
4460
751
2868
1932
5321
8353
542
7826
536
8122
4018
8032
846
5664
8212
8964
9384
3252
7049
814
2038
4052
3743
7936
9232
2779
6910
7954
6436
2270
1082
8870
60
6360
9219
4465
2659
8443
4337
5072
8688
3128
5538
8035
2343
355
4323
2907
8650
2306
547
3940
9197
7402
2924
407
7008
4932
2700
2542
1443
2587
1390
8265
7039
5147
7972
4486
6445
3747
6305
940
8914
1977
2126
8909
8514
5707
5593
8877
8455
4002
9304
4130
1723
7142
9673
2657
3435
8811
7456
7727
5743
1795
3629
6100
1738
7273
996
7195
2383
9837
6462
4903
6001
9606
5025
7220
5276
4014
1893
1301
9338
3822
4086
7440
3283
7259
6541
9897
5474
5314
1050
7633
6290
8577
5197
7119
8348
6025
7170
1241
4710
8397
6493
8618
7540
4401
8129
2116
2116
2453
7381
9420
6918
6154
8388
1920
7708
6188
2817
4478
731
1098
1721
7068
8786
8828
8612
7423
4409
7906
8871
9250
6844
652
6591
941
7329
5468
9900
8882
9130
4425
7781
3020
7933
1629
715
136
189
3277
9410
2160
3208
2691
510
3611
6675
9424
9831
8711
5789
705
7707
4209
3581
8130
2576
6266
9563
7447
4591
2240
6287
3934
5348
6305
3317
8700
9135
7157
8113
8475
7233
1131
8496
6711
6042
4152
142
2979
4265
7904
5636
1189
3093
8425
6717
3571
9439
9802
9052
4449
572
2742
8686
7169
5872
9273
7343
4204
294
7974
289
2674
598
7313
3471
6575
5713
6869
2088
8424
6124
6584
3181
6686
6603
5098
841
6923
9588
9746
9261
9333
8104
3663
7902
4491
2445
1326
839
6768
6808
5937
2684
6290
7614
2962
590
5779
4953
141
7858
2569
7714
628
8325
3988
9560
1999
565
774
8432
420
4616
548
8713
956
4569
6934
9410
8980
4130
4386
6030
5320
1616
186
3899
6891
9071
3641
4507
5062
1969
9446
1887
6691
1618
7476
5338
3914
4930
446
761
64
8336
6387
1321
2136
7577
6658
8392
3655
6368
5973
6011
3471
6539
2394
9011
8139
88
2669
2927
6924
6267
3369
8451
5169
8660
2021
9337
7093
1596
5496
4049
3683
3625
5965
6983
5228
8864
1762
9313
2413
5248
851
8693
5996
3434
8416
152
9224
8464
7199
3825
2260
7519
3836
3797
4966
7936
6151
3476
5555
7321
1299
2059
871
1923
2327
9846
573
5410
3783
9274
8325
3356
514
1676
5415
4675
2454
1735
243
1869
112
8629
4397
1671
1788
6164
9788
2168
2017
7291
2713
8286
3757
5091
3949
8792
7822
4072
1106
8569
9578
3814
4680
7924
5499
8904
7005
2160
8381
290
5481
4416
3232
3686
7209
2669
7661
9199
135
6163
57
8404
3393
6491
6561
39
9598
5422
7726
6623
6853
8382
628
1674
2290
6298
3948
6472
6172
2884
9159
7628
3787
1726
1809
8296
5053
71
7882
1279
1131
8622
3937
4943
8512
1174
420
8188
1363
5459
9306
1582
4433
1758
3437
7099
3787
1558
1396
910
8720
1188
3027
7251
7003
2428
4617
1667
4682
8264
4985
9526
7540
6447
5491
8230
4445
5685
3161
1116
5877
5759
5109
712
3577
7577
3194
2029
8288
4710
4509
3495
8675
6971
2558
9942
5595
6685
7939
6083
6556
8753
3506
3098
474
9779
4041
7986
6266
5207
2653
8102
8397
279
5033
2961
6079
2314
3673
9426
9234
2588
3378
9971
3755
1490
851
569
3888
5549
2634
7759
7745
7078
4559
7124
2253
2010
238
3797
3536
5208
5762
3081
2056
6407
5098
8395
1937
9597
3863
3281
3012
8513
6849
3968
5374
3535
9343
8984
8928
3471
4097
717
2572
4894
356
1318
5719
7909
707
4068
2075
9876
5890
4025
6825
297
7915
7347
6391
2455
8631
4290
1685
9353
4747
9232
228
590
1749
8718
2667
1254
4869
64
1110
5045
509
7162
6051
3779
2675
4028
8889
9795
1205
3136
2623
2823
7143
5077
5619
1995
2592
6473
4839
9806
9031
3218
147
1123
1090
5129
6160
1989
1400
820
5006
5825
2915
1780
9788
753
1296
2612
9779
4603
5401
1890
8147
1611
6608
7405
3447
6671
3098
671
8662
8396
5224
1303
6013
7290
7014
4927
2689
7546
7868
6900
8394
384
8129
6797
9908
5362
5289
4866
698
9979
6693
236
4405
7141
5071
8536
4515
3685
1681
9488
8891
729
2158
6610
600
1611
5767
2497
3738
6369
9923
2233
6735
8501
3495
7762
3481
9810
7496
8084
1382
8231
9972
8682
1702
4988
6898
8871
2219
8478
412
9003
5864
8380
8008
7665
8226
1518
6197
8297
9595
2791
1128
4329
56
4460
3501
5904
3645
7308
5054
4704
6188
3597
8106
659
756
3476
4908
5611
4713
6895
277
5259
5957
919
6368
8354
492
5830
9536
1963
3613
9199
8488
8590
7103
5643
8625
7242
1487
993
5226
4911
3424
5708
2815
2267
273
7349
6908
4749
6609
585
3583
2700
2513
5868
8372
9137
8092
5146
5412
7814
7771
3090
1090
6989
5108
9515
3555
5113
4851
7666
4123
3719
1668
5366
1834
249
8104
4100
8080
3143
8922
4787
5353
3027
5615
5787
6076
1235
7271
9488
9150
6341
5581
7411
7139
334
4617
5825
7159
758
3793
1795
9898
8943
6461
9864
1031
7147
4033
8122
1033
3991
7065
2268
8892
2984
7736
8063
1373
9320
3439
2320
7842
5363
8515
7782
8138
4257
8226
1500
5631
2278
6941
7322
9349
7126
4888
6409
6565
5751
4755
8928
7201
9148
8454
5158
9276
3312
8518
4155
2597
6554
4451
7838
7318
1473
3953
4535
428
8679
1725
6774
8920
2533
2491
8755
7050
9742
2919
1766
8095
1326
1497
5622
4565
4510
5118
8693
6908
3357
8506
4825
5738
4071
8903
9077
7826
9103
3
7875
3173
353
5981
7886
4025
7981
8
4668
6657
9699
8108
9533
392
6752
6059
1270
5056
8829
3273
2808
6354
5259
7626
7070
172
6900
1035
4849
3629
3413
929
7947
9738
5043
8592
7741
5344
3611
1597
6583
4501
450
2036
7209
5249
8972
4432
8986
8011
7632
4021
8997
5830
7195
1521
7914
2726
8911
7713
7124
6945
5159
1038
3243
8770
161
9795
5349
8159
8317
5925
1445
7231
6689
8306
5903
3222
417
1821
1200
2467
2049
6837
5997
9392
1932
2116
2542
3522
678
5015
6433
5898
4472
9638
9342
9412
8793
8438
5088
9177
9083
826
9693
1706
2575
1765
9140
8889
5617
4691
2308
7090
6512
4657
4896
8321
5041
3851
6838
8044
7252
1827
7481
3302
9492
5547
2758
7051
8963
6491
4429
1978
6733
2022
3384
1222
7144
4290
6816
166
2976
3653
7904
5986
2706
9343
9385
9815
4741
1020
4370
4941
1600
7043
1925
7256
3344
6390
2214
7028
9007
2089
9925
9126
262
329
356
4490
1273
3673
1177
750
7034
6671
5068
3598
3923
1495
596
148
6162
2943
2309
7942
2120
9487
378
9689
97
6127
7877
753
2075
9787
1159
886
3728
8777
5723
2376
8986
4894
8542
1068
9843
3620
7906
4929
1975
8326
3333
1849
5794
2066
866
6063
9780
1982
7005
774
9951
667
4392
5145
5795
424
8674
7246
5512
4181
9870
5145
5771
8219
1161
1267
4400
1240
8099
8500
1580
5448
7713
1770
2794
6028
4958
9
8921
5095
1106
1745
1772
4949
2424
8318
502
3396
5273
9419
4945
660
9417
7794
8456
8187
6078
7575
904
9599
1662
8539
3883
8504
9193
4502
2954
2621
2350
9767
5465
8665
8325
416
3074
8124
3372
821
5794
2842
764
1003
5967
8680
3555
920
6031
9918
3314
4607
9949
7383
9105
9321
3432
2566
7862
3267
5755
7921
5364
7880
1046
5505
3953
6280
2334
9000
4719
332
4815
5256
1780
8061
8834
659
2571
5202
4949
8273
8471
3035
9307
7743
9817
8081
9559
9003
6983
507
261
104
5066
7872
7478
2883
9957
461
4726
7275
8586
7030
5198
2981
9791
4692
5603
1044
486
2773
9995
2659
8318
7481
9450
2328
8573
3303
5687
5871
6720
3330
2017
4212
70
4710
189
3907
582
5951
701
2110
476
7674
9686
1440
7836
6325
7951
5124
2478
8515
8517
4210
512
7601
1786
7584
8422
5149
4310
6654
4773
8854
555
5255
5013
986
2911
5081
4503
1695
461
4535
2071
7885
2183
643
7794
8009
4491
2247
5351
563
3393
8204
4813
7806
3699
2469
2923
2605
5485
5433
1640
4047
7336
1621
7119
4431
6427
6850
3414
2869
621
783
8054
3981
2138
2627
5417
1142
9789
412
657
2063
1302
4210
5461
2350
442
7206
7287
442
2158
1898
6210
5028
2895
8024
548
562
3524
3363
1582
7641
8832
2481
9941
2609
149
831
5668
1071
7051
1780
2815
5072
4775
9576
2744
3125
6159
4768
3989
9220
9562
2972
711
8723
4573
3026
1086
4113
2078
4855
7617
6426
8830
3015
3231
8820
4269
2851
2201
9610
1538
6215
3390
377
9082
1137
252
3318
5279
7423
4402
8756
9374
2362
8079
5859
1770
1218
8036
7122
9745
1554
8992
2195
4162
6389
6242
1759
6345
3924
8856
3308
2566
4378
7681
3346
9581
334
9640
3435
2774
7767
8834
4654
452
8861
7051
6467
4936
7371
7050
3051
4814
5078
9864
9983
7222
1195
6214
2693
4895
8493
6972
1355
8567
1094
6190
4995
4680
4732
6278
1435
1577
4601
4348
1977
2720
4337
1742
5301
9337
9774
6822
8974
6873
5804
8493
7487
4514
7698
6123
8386
4120
6946
8540
4280
794
7478
6087
9358
2671
2055
1786
203
1092
5615
1473
213
730
7886
7262
2884
9452
912
3356
5120
1670
7997
4481
2762
2600
8702
481
6982
8608
7891
7315
4630
6060
67
1182
5242
8250
2384
2630
7282
7987
6619
7882
1258
4331
8279
6757
6627
435
3238
8934
3207
3590
3420
2610
2797
2997
3324
6758
3969
1573
4804
1594
3200
8300
6842
4152
662
6703
2020
4634
7068
8282
6074
7132
5051
115
3222
8431
4320
1944
3854
6547
5370
8957
4107
1040
2640
7457
8385
2244
4925
5625
8661
5708
3183
5024
4681
2958
7488
4126
6095
9923
8414
8604
1865
4925
7516
6287
7559
2681
9774
4893
2437
2024
7719
8257
6224
4243
4192
5802
1512
3205
8317
9775
9708
1442
9621
365
3948
27
5434
264
943
193
5849
3930
8132
6765
7091
9182
3523
6352
9898
5704
2470
32
3188
6636
7988
4926
8799
437
8765
1685
2614
2890
1606
8639
8895
423
5303
7150
2338
7531
7246
9509
3950
2243
6175
3789
125
9459
7151
5010
2278
5159
3306
2612
7305
9676
8254
2984
2377
9022
1227
4996
1498
9257
7579
2959
2323
9492
7869
6668
3878
6373
4013
2366
8458
2960
6082
944
461
4199
4801
9340
3286
3755
9406
7455
9583
8993
1334
9219
2168
2318
4773
3316
6304
2249
8011
4692
4664
3216
1465
632
1589
483
1131
5905
1145
940
4154
4344
3594
7310
2523
8177
4221
1887
1710
7743
9850
124
3375
3330
8158
8649
4499
1559
1600
697
6062
6209
4949
1389
6279
7245
2733
4168
7750
2802
2624
3501
6309
8642
4839
6989
5625
4858
9795
6595
9095
4416
538
267
4841
4540
9840
8135
2473
2939
5983
9571
4304
448
4878
7944
9394
2204
1031
5277
5444
52
4137
8907
5119
6349
3814
4732
8490
1168
3024
9641
1764
5005
1601
1645
5670
4681
6548
1738
7405
4598
1694
4810
6819
3052
9196
5861
3764
6894
7595
3420
3826
4517
1150
9043
279
1631
5148
8492
726
5107
9645
1305
9915
6342
7807
9299
8846
3232
2274
4712
5656
9293
7872
846
8357
9326
2088
2066
7152
7953
968
1595
3573
9603
5814
7246
3854
2558
1366
4039
9533
8055
1012
2297
4952
389
4895
476
5245
9897
7014
532
4620
2882
7764
4533
6645
304
685
952
9542
3082
1339
2772
4139
8049
7731
311
528
561
5445
6287
1865
8235
5179
7600
8280
5575
5893
7967
4431
1612
6821
7255
939
435
6975
691
1839
1280
601
3549
1873
414
4496
6450
6715
8240
8158
6903
2658
4583
9948
4684
4452
727
8666
6384
7702
163
6253
1069
4411
2717
6520
7930
6260
4084
1833
3703
1073
7040
8472
9247
9959
1895
4414
1451
3738
8728
884
40
7416
8989
5309
9848
1664
2137
2802
211
1768
590
2988
1675
5027
9531
9138
9155
3893
6566
190
2631
6406
4454
5830
5618
6110
700
4724
2557
6313
7215
2645
8974
9278
6212
3653
5421
7408
6672
6266
4123
1281
1621
1934
482
4051
6796
4220
428
2756
5258
7557
7172
8538
8253
3633
2962
3159
9691
3737
963
7412
245
3898
4553
7945
4014
2397
8814
5878
3717
1747
7221
299
6066
1349
4785
2519
5347
1566
9314
6480
4296
9800
1054
9658
5473
435
1024
2578
690
2261
7717
2935
5302
6711
1035
7722
7381
2537
37
4399
5405
4549
9038
3510
336
6872
2471
6904
8848
442
7811
8124
4422
4482
3116
445
2844
4894
2472
3578
1372
6235
5187
1455
4030
4285
4996
9355
313
7063
5138
2809
1528
4914
1075
9746
762
7543
9322
8600
7963
4120
3730
248
4449
9592
8512
820
3594
590
4878
2486
65
6459
3026
9169
9362
7582
9480
6050
1876
3116
6591
1785
5304
5002
6595
9508
3407
3369
9682
5300
5572
3871
5614
7252
2505
4939
7005
4438
5772
4176
5760
9722
2184
2651
2744
5069
1887
1905
384
3179
8063
3271
6724
4847
7529
1945
4944
9447
2996
9004
7412
225
907
9577
6914
6193
845
5774
6664
4422
577
5042
278
7699
7356
6868
9600
2652
2257
1526
7620
1501
2984
6503
7236
2300
7147
766
9722
559
9994
7557
1441
6768
6763
5535
8814
2607
5736
6550
4224
6112
5241
5961
2602
3021
2993
9024
7491
660
2345
2291
7190
1470
1384
5911
7240
4404
2340
4614
9045
78
6052
6104
4427
3019
3600
3510
935
1820
8054
6993
6916
5706
7302
1507
6259
7023
3901
4215
9306
8123
3275
9062
8214
7703
367
9971
5383
852
8294
4410
266
1122
7505
4145
60
9136
1533
9582
9420
9483
8088
5670
2606
5351
5375
1483
4168
9877
9651
217
502
8124
5307
922
6803
6990
7890
6724
2652
3629
8126
83
3525
3643
6727
5793
8201
3156
1446
7123
5489
4319
4795
9823
34
7604
6455
2862
2328
8883
5803
5506
1201
8077
3907
2141
5815
6583
7342
3070
1246
4809
6930
5790
1357
8005
2144
8962
8624
9581
3282
1011
8430
2528
4728
6183
3329
5483
887
9198
534
5028
4396
3768
7826
2620
8882
5448
9736
4585
9978
1617
5814
8375
5876
679
7388
9004
8466
2029
5459
7492
4237
2746
5600
4791
7075
8672
3349
7723
8811
331
5696
8143
2536
6218
413
3161
7964
8736
9123
6696
9226
4039
9603
1665
5197
55
6651
4048
8794
4324
7017
8858
3738
3042
790
1649
8168
3034
5544
209
2099
2012
5773
9646
5921
7670
5839
9658
266
4227
1040
9729
2906
8763
8266
198
3143
3935
9594
7020
2021
9300
8928
4486
3314
6838
4405
9493
5427
8763
4993
4929
3192
8913
4596
7213
8265
9956
5743
7527
4216
6992
3782
4567
3284
7288
5951
4974
4775
592
8506
4232
3440
8524
8187
2799
3083
1287
6332
9083
3264
6345
4231
1502
9233
6110
6536
3992
4166
1052
1932
3186
8191
2067
2804
5029
5517
4361
1201
6025
886
9430
4718
4834
256
760
1488
4668
726
1797
4129
6978
3623
6659
4262
7870
2760
2280
5333
7174
751
1959
808
3723
8659
5319
6040
1373
5720
3158
7281
8722
85
306
8197
3833
1627
9397
1245
8473
4621
1868
3266
2368
6923
4954
9563
1532
7804
4933
2268
3237
9027
4027
5274
8926
8622
995
6175
4937
4719
115
8947
7567
4516
5407
6892
3316
8462
428
6243
3363
1034
6860
2552
8882
8693
8439
6799
3704
5756
4508
3569
786
890
4043
9695
6057
5032
9271
5211
632
3221
6308
3753
4506
2920
5698
7852
1515
8062
6246
3070
7376
8689
8904
2203
2166
1474
6392
233
183
4195
2470
9180
210
6546
8161
6677
472
5711
834
8284
9191
5217
5611
141
4725
3106
8046
5961
2994
586
5284
5642
9509
1438
6192
2096
1985
1840
7528
4583
8639
9038
5027
6436
751
7128
3543
7960
4759
9021
7379
5804
7227
7962
3878
2158
3078
8763
7477
9059
3428
430
7238
9596
8911
6828
9670
8772
353
6064
4692
8632
8183
6251
9644
153
189
9174
9390
7597
9563
85
1201
3973
3207
9480
8414
1547
7559
4034
9018
3221
4362
8468
1154
8208
1799
5431
7525
3923
7457
4770
7607
8695
4329
8747
7620
975
8317
3725
1968
3903
9373
9880
9496
3342
9229
3265
6389
9431
8413
8123
1212
6318
7046
1470
4269
9714
5096
1435
8353
4758
1648
5466
140
4792
2478
2506
9643
4459
1859
7438
3229
3833
2065
5114
3848
4482
8972
7812
8979
8533
9041
8094
5510
9333
3558
1288
1649
2859
4478
7905
5878
6882
5372
7209
2255
3906
9739
4703
863
6722
3621
1929
7571
974
4894
7378
4253
1931
7621
9786
742
7284
2455
9819
5716
3554
9956
806
1234
1190
857
6784
9981
3953
1559
6346
8461
4855
2859
9942
4743
4268
6948
2256
4912
7112
522
4536
4439
6180
7035
9717
5237
4691
7163
8594
4426
5552
1492
8701
3950
8932
3469
9673
5865
6837
1947
3618
9414
8547
8916
9397
9072
7679
5043
6473
336
199
4907
8604
3031
5420
6367
5053
4155
1139
1547
5290
6790
2965
1920
2909
3362
4157
5991
5810
799
7275
6390
8075
5165
6904
5121
5892
7263
7637
644
7557
9648
689
8258
4226
645
2888
5670
8529
2565
8415
5517
4726
5289
6657
6827
6448
6626
6007
6034
4914
1687
9233
5674
3060
3808
6832
3438
6126
298
475
7789
6517
495
3989
5641
6100
4707
7693
2263
473
8487
7461
3244
2383
1757
1664
2785
8507
76
8673
9265
1256
1602
5729
5870
415
5015
5197
418
3812
9449
9543
8231
2090
626
8999
4230
1300
1015
727
1741
8933
3743
5560
6427
4225
5988
3290
1303
2143
4047
4930
6049
1625
1209
6533
4914
4765
8119
5226
1084
9510
7275
8451
1023
8944
9230
1154
1757
2757
7433
1484
7492
9349
6932
332
7512
6042
9302
1644
4426
1725
3894
8274
9765
4519
3494
6606
880
4092
4085
9464
3181
5789
9643
2230
1657
5292
4536
7483
4995
4834
1532
8545
4709
2562
7438
6700
4693
877
9021
8872
5463
6475
800
9359
5615
9000
8686
6504
5449
2624
273
7665
8672
7969
8303
1703
9706
4701
8674
2219
1505
1819
6649
9591
192
5348
3564
7202
7080
6794
1913
2
5070
5212
4001
6706
4989
283
6614
2657
6606
8032
2033
2370
4560
3867
9872
6740
4258
5735
6993
9991
2202
6801
7367
3644
9826
1208
9166
267
5436
1483
9424
8655
711
271
2594
3460
3967
1597
6714
9422
8086
6017
5613
3473
9785
4278
5031
6325
5476
6823
2944
1345
9800
1921
7799
8269
7844
357
6880
3780
1117
6347
7221
5123
8607
3378
1659
4289
1272
6412
2773
2660
9021
7571
1905
6185
1188
3894
3858
5547
6176
2841
4790
8612
8539
8079
8854
8789
2471
4325
5616
3610
4717
2933
8304
1738
8796
490
4865
6407
2618
741
5052
9063
4050
283
2323
2229
16
1614
7080
3949
6498
1332
7603
8276
1556
8608
6584
528
4523
2869
1817
6947
796
9162
7942
6088
9266
166
7389
697
9029
7451
2929
5435
7788
5727
4561
8255
5755
6625
8773
857
7244
1666
7112
3385
5329
28
181
187
3906
4337
1883
9748
8923
8105
8267
4888
2340
6235
2962
9849
4224
6383
4920
9047
8402
2168
487
5829
4047
8328
4772
7898
4096
960
9702
9130
2050
4557
758
9237
9984
7201
6791
4691
5567
3181
6511
9682
7459
9673
5915
9519
3662
8923
6632
861
6745
8064
4983
3160
9541
4352
6140
5577
9564
3985
5652
7963
8403
9137
2838
7783
5477
3725
9865
7023
9591
228
3479
5221
5657
804
8370
4374
2413
5252
4235
5172
4328
8840
2384
3985
9573
7597
9696
5632
1061
1213
5127
1582
7528
8548
1279
8322
6835
8132
4042
9937
9058
9608
1269
6516
4584
9762
7503
8736
5981
1765
3164
4311
9749
480
3634
9562
6752
8852
8209
7879
4028
4232
5961
8378
5101
1897
7692
7109
9524
48
7539
4281
1210
4297
6113
4719
7570
5868
9400
9811
93
959
9650
9295
8048
816
1832
7048
4913
1717
1569
7982
9922
6163
5908
4826
3647
2891
1415
2686
2069
394
9211
5933
4226
8883
3101
5451
4367
8914
1991
884
9451
8397
7785
3069
4582
6666
329
4284
65
643
2195
7807
8478
9556
4358
5046
8389
1286
1072
4679
4452
6714
7741
9699
1748
3716
5068
9165
7714
6380
2681
5998
9725
685
8530
1524
8377
2839
244
6980
2561
7130
2621
1425
8198
1403
7455
4669
4525
8054
7062
3080
7842
7312
6431
2737
656
8085
1320
865
1597
1164
6570
3685
7962
6197
8082
7793
1025
2833
6669
5549
1042
4091
2117
7322
4092
6315
1501
344
6261
398
4639
9660
9317
9601
8156
2413
4253
5793
868
291
1518
9378
5383
1397
560
8936
3463
2001
3321
9661
3644
1691
1385
1513
2037
3750
5194
9109
8644
4340
6584
976
4603
1198
6524
6909
4367
8361
8040
5669
3540
5232
1964
6377
4030
1663
8707
720
6762
5156
2852
9499
7022
6600
6754
2948
8275
7803
7563
4405
7218
5144
7148
6528
3706
542
4775
4185
4872
3650
4568
5102
3960
7652
6121
8411
9726
5007
7483
373
5043
4474
2346
3487
1487
7085
3953
8003
4443
3576
8634
6563
797
3635
8450
8395
8083
5436
2671
3487
6888
4522
5848
3111
588
7750
5538
9370
478
8342
3221
3268
320
7190
9362
2744
2797
3661
5040
6620
6588
6772
9741
1295
5015
8004
4304
325
9202
7725
328
4290
2335
3995
3485
520
8626
9235
2899
3737
1547
4583
7524
6100
355
5366
6243
3607
4273
5705
5597
4422
395
6050
6899
116
4780
4552
8095
2584
3445
5213
168
2753
8014
8931
932
6324
3704
8841
4118
3562
762
1303
5073
2004
9247
3641
940
9649
1760
697
6051
3496
2127
5905
3894
6284
7096
3369
5740
4073
1139
315
291
6333
4415
4771
8085
1423
4433
9919
9902
5432
1586
2035
3660
9092
976
4894
868
1139
3611
8446
823
2748
9161
6671
625
2108
5036
4647
9228
335
3101
44
2422
447
1011
8740
7589
4476
5555
9516
5216
1841
794
619
1909
92
2245
4802
5308
2201
2500
4600
462
2693
9491
7543
7172
7743
4145
5977
6387
9785
691
9567
2331
1541
9612
3212
8080
2236
7305
6392
5584
4094
3230
8982
1953
8542
4761
533
9862
233
9339
7027
7834
8500
9582
9729
955
3468
1567
9845
330
9578
3129
5430
1150
1227
8288
367
479
9032
6722
3071
4895
6108
9016
6368
9462
509
5589
8630
2981
3612
6114
6153
446
3663
1732
3830
1959
9882
2257
4612
668
7459
6061
6005
964
7799
7832
726
253
4393
53
830
3511
6267
2131
1726
9483
3213
266
445
7878
2937
6863
6717
3464
6975
4984
7486
9495
4457
8408
596
6775
2109
2402
7436
46
3010
5403
1663
2677
4863
8376
8588
3559
5284
2642
4178
1532
5
4347
8745
9616
1811
6733
7731
595
9344
2541
3989
2815
345
1231
5796
5985
9456
4054
1401
3865
4695
1679
6472
7810
8603
7768
3015
4561
8275
3158
8179
4332
805
5953
9489
110
9662
980
4963
5376
4671
6840
702
469
1414
8847
2331
3631
2579
2602
4102
1229
1241
313
6837
8325
7874
935
1012
4043
3717
3169
2320
6186
4361
9656
2010
4392
1741
5686
6323
8476
9090
6024
9193
7854
977
6003
6396
9756
5436
9384
1981
5673
9055
6950
3091
492
9116
1163
2236
8726
9968
920
1658
1501
4520
4516
6107
1757
6837
7939
1889
6893
6279
5626
2138
5216
1119
8982
7348
1870
4539
1255
8606
4333
1188
6646
7130
7411
6564
1517
5276
578
3449
7596
8507
8170
4366
7692
3334
6461
9896
4638
2919
7497
7494
5087
9393
3429
4812
7875
9373
133
3815
366
4187
8712
2314
7324
312
7873
7385
8696
5192
5319
2662
1311
3444
8682
7118
3968
850
3427
5648
886
1973
9900
8335
1108
6839
6101
7253
3701
2599
8689
2144
5143
6762
3083
3408
9794
5856
7041
7379
5460
9075
1200
9446
7600
4834
6182
1643
710
6310
844
7025
5945
4484
2928
8392
4287
377
1205
485
4211
620
3684
6097
6502
3174
7519
4548
360
5273
7323
8112
3808
6048
187
1811
773
453
735
6273
656
4457
6542
7390
1754
1664
6198
658
3834
4691
9121
9417
4650
6556
3167
4840
5390
5103
2943
4425
7314
1634
1283
5436
8987
2732
3216
9897
4296
1117
7619
3833
9641
4931
9828
9754
4078
6294
4342
4838
6976
6861
714
5668
6152
7905
3461
7252
2880
5347
6420
5669
7510
6310
8959
9022
3174
1105
8403
9022
8447
6301
6361
2717
7072
5287
9776
9718
6727
3412
762
9096
761
8104
7449
453
919
5614
9284
1081
9270
5964
7016
8949
4696
1949
6323
3330
5972
806
6580
2972
7891
5319
6391
675
499
7997
8596
864
8129
3743
525
9468
4585
7324
4908
9405
8861
8505
8102
7559
1820
7321
9752
2483
9284
7412
8020
5123
8964
6445
3746
5920
6832
7789
1205
5441
1713
6773
9953
2922
7017
8420
2952
5527
5439
7548
4364
7372
7040
6917
4469
7466
2704
9020
1151
569
5566
3908
1390
3087
9976
3473
1899
1683
9996
4604
2635
6795
6119
9467
7692
2087
8552
5180
542
3400
4369
4225
7044
1735
3047
648
8082
2047
1976
6279
3216
7812
6637
635
9875
7804
5383
6865
2945
3544
6520
1268
5530
834
4913
7568
1252
7573
9225
2381
8914
7523
8477
7751
6200
1341
6864
9655
39
9328
5390
9852
9706
3717
1387
4823
157
5483
9591
9887
6704
1686
2234
6998
6880
3100
8695
6209
6822
5479
9395
509
2821
9594
7364
5692
9334
8886
4435
8533
940
5728
6826
3617
8153
6667
1562
1812
9446
90
7411
5768
7981
9337
5677
7228
5289
1479
870
3099
2646
654
2832
4560
9932
4880
7030
112
6353
5695
5488
1271
1048
1057
8946
976
4860
8617
8844
213
1538
6882
6763
6732
8067
3627
2528
3484
3917
135
403
7854
8015
1335
5887
286
2895
2265
3685
3272
9636
1450
5459
3751
4601
6139
4720
6923
390
4701
2368
6672
2635
657
1561
5763
3891
6100
6492
6305
2352
3546
6194
6217
5291
7634
3255
9713
5170
8660
8080
2594
4931
5571
577
88
1423
3011
2130
1927
8906
5605
3093
9215
7767
3731
5218
7358
9773
124
6394
6794
5772
7380
920
6089
5255
9241
8459
6967
2884
5006
1752
1730
6620
9773
1740
7063
80
1473
4340
879
3969
4564
7398
6747
453
6978
8450
1560
2415
5896
9940
5046
2266
1286
6821
7551
4651
4487
4833
2182
4552
5163
9043
3900
3852
1363
2595
7993
1990
8155
7278
8300
5783
5514
2824
1207
9982
4172
5636
8276
790
6899
4552
6987
5066
6706
9464
5334
2952
4188
2411
5592
6640
2158
6327
8806
5521
3497
2894
9089
4383
457
9569
4259
8618
1639
9262
6751
8461
5613
7569
478
8850
6556
1391
7653
611
2055
8834
7145
1899
7261
5041
7802
5743
1685
1660
3625
9187
4018
5686
6484
1277
6546
3893
333
7329
292
8369
3426
7444
2712
6873
7338
6619
1932
6742
83
766
8674
8195
3465
4663
5749
7190
7122
5416
1767
8516
6933
9979
5636
7563
4442
9927
1084
9200
2304
2663
1058
323
318
3686
5407
9701
9186
387
7702
1182
3810
4943
1576
2858
513
5822
2220
1821
5528
9356
6770
4916
5562
1775
1436
3447
1807
5148
2430
7410
5534
2731
4437
7420
9708
8350
7876
9779
9255
6048
8004
6734
7713
584
4705
1989
8402
2778
7050
8620
7706
9263
3672
2948
5892
6141
4760
8542
2250
1960
7894
4037
7957
292
5647
1078
505
4156
3150
2162
7945
2441
2566
9480
1352
36
7203
4977
7070
9446
5044
9029
8098
3810
9703
6271
9059
1489
1527
3566
3590
9334
7529
7294
8153
3966
8776
7421
4937
3627
1484
4245
9627
4888
674
5265
6696
4191
1596
5855
8938
9783
1472
2803
6915
8864
5939
4147
588
9375
2019
9015
2628
9583
8572
8611
4912
5272
1326
7385
1259
9782
40
3443
7962
799
9401
3209
3135
4438
9575
4867
9893
5671
4628
3806
7861
4725
378
9289
8027
4629
6832
5561
1608
2468
1616
43
6316
2062
353
1424
2865
4210
4596
9156
9742
8029
4841
6116
9463
2729
1011
6150
9800
7151
9122
6957
4954
4765
750
187
4893
2037
9358
6629
2949
4479
1835
5494
9182
9357
6892
1073
4085
8150
2002
5682
1075
5472
4064
9832
9883
4261
9826
5297
3618
682
5760
4456
3345
4659
5088
1551
1312
166
6531
827
4852
7966
6206
5263
6194
9347
6934
105
5837
9938
2065
1649
5149
3439
5881
9482
701
917
303
631
2211
4061
3011
2267
8718
7378
2148
4522
4269
5341
9760
3918
1619
1174
830
3108
9266
8800
3638
536
7327
9720
9460
3679
8617
4111
9307
9905
8778
5606
850
394
9862
5899
8616
791
4954
3939
6544
8815
7199
2412
5836
496
178
8146
29
3974
2609
2772
216
1900
7279
9767
3304
2490
4601
9331
3649
4607
8071
2242
5743
8662
4490
9365
4056
5720
2557
39
8153
5326
2256
4822
3336
4914
3884
8964
3501
471
4081
5332
7296
6005
5390
8950
3115
95
2595
6126
6190
5623
289
1937
744
4956
6668
7173
6005
812
4089
4309
1417
2569
4618
4889
9644
2457
6430
8389
8605
5637
5830
3178
525
2738
4945
9738
3272
5540
6250
3960
3124
6431
3849
2530
5036
318
4077
8380
8246
6711
2958
2688
6381
9771
3915
4726
1387
500
9306
657
3665
4206
7520
553
9793
7111
1411
8006
10
6930
3901
464
4562
129
1184
4985
8720
2087
9853
9325
8379
8050
142
1894
2678
3141
6796
753
8823
218
8350
2771
6234
5592
295
8918
8911
3296
2737
7924
8907
6071
8369
1316
2810
2493
8126
6252
8587
8929
6006
9299
647
9980
2278
5614
4063
5626
7874
6651
314
657
9183
9792
8579
1129
4230
8970
9833
2266
6074
5424
9350
1928
418
2308
9680
8826
9083
184
5014
544
2166
9893
4212
9051
2124
6253
3313
4680
4854
3284
5421
6085
7610
8250
6888
8577
2736
1681
8263
9156
6418
6320
2855
582
9949
8719
9562
9970
5934
5237
6542
7690
1637
9770
8490
9289
5580
9527
9004
7976
5656
5152
7411
2789
2
3264
4318
2167
5419
1103
6089
7402
1920
5858
4126
5845
7038
3630
9102
3405
6691
3343
8746
9617
6742
7731
4448
7839
9759
7598
2997
3208
2676
287
3500
1265
8908
65
579
6685
4401
7394
4550
4830
9147
9139
5769
5778
5643
2644
2251
1949
425
5599
1284
2312
6406
7794
6047
2271
8815
6478
2408
7820
8106
2881
4726
1633
2358
2860
6936
6973
3050
2416
9004
9296
8793
3915
469
7602
1961
8670
2196
7114
5347
1047
2782
7077
9002
1187
4858
1114
4017
8308
7870
7922
4986
6729
6724
6266
4413
4136
3420
2782
5707
5278
8899
8009
6595
1988
3519
2491
7324
8445
309
144
4282
5293
2473
7059
98
7649
2630
1170
8002
5822
2955
4742
4546
1081
4310
2063
7190
4203
3189
7825
5249
9413
1407
68
2147
4773
482
7014
7668
2367
3789
5572
7998
7725
3640
9692
4256
9665
6167
6764
1505
2249
4780
9885
2322
4156
3462
5513
7677
1456
5300
3120
5255
2484
4894
4868
3886
2404
4911
5324
7166
5616
3502
5634
2032
7383
6744
6821
7440
4617
7807
7525
8036
6425
6319
2999
4632
1521
7746
7991
1311
4968
9336
6212
7066
669
316
5513
2830
8772
5805
1851
4754
842
9597
5889
8747
9146
7852
4939
7412
6641
8072
3059
3649
7775
5084
8830
6165
1894
236
2364
4658
6919
4013
2198
6280
7290
8567
1363
7066
1230
3990
8668
8811
5955
2770
7193
6827
429
4252
5486
3669
2806
578
4669
6895
6276
2562
9291
5584
1485
9348
935
8536
3441
7193
7834
6829
7399
9609
1457
578
6489
7872
6182
2651
9404
4248
7693
5005
7891
2003
5735
7642
4749
8695
1851
6341
9344
5302
4
4727
9276
5778
5580
1881
3055
132
5370
8762
4935
364
9428
820
2794
4908
7179
4933
4396
2018
7491
2028
4869
4286
7693
9482
3612
3292
3786
4745
5341
1493
7484
2096
9605
6730
1301
711
2291
4300
9595
9271
8877
8931
69
7527
2574
4914
4848
9841
1516
6917
1944
7325
7810
7975
9858
4990
8084
6098
8269
9762
6346
625
3420
3442
2879
7331
1215
6063
3606
6467
2641
95
2422
8220
3150
5937
4216
166
6908
8697
8444
3944
3229
8423
9548
158
4286
1629
6872
6311
2626
6193
6031
9833
2925
8252
5510
6627
4647
5242
3699
8784
6235
5048
4275
1849
4903
9590
4824
3920
773
7918
9190
9571
1318
2401
7395
4997
3893
2720
3045
9586
9191
7294
3840
6448
4064
2588
5295
4898
426
7589
5518
1665
4998
9659
7709
8180
4147
7699
5255
4696
6804
2952
5537
4708
7003
6459
8515
523
856
513
2734
1927
2196
4112
9593
8940
1207
7827
7784
2314
4294
9926
3493
3184
2399
7524
4572
1659
4691
9215
849
6193
7464
8349
2782
6239
1756
9132
9444
7604
4073
4771
4042
9913
4854
3591
9468
885
65
8768
6973
6319
9914
2941
401
6878
9458
2353
2309
9479
1886
6856
5831
1640
9664
6540
4462
3847
1330
3354
7184
2075
8383
180
8240
9523
5883
3580
8329
8808
8055
3687
1593
5923
2242
4529
6279
4523
7948
5903
6780
9403
6822
9965
5717
7217
8939
2401
248
8314
9128
5621
9554
6710
1584
4897
7936
9734
4700
877
994
5877
4023
3501
1423
8199
5262
9908
9398
5134
260
9938
5898
5427
6573
7780
5252
8417
4462
1023
583
3481
3331
15
9679
2434
4132
4882
4338
7344
6592
6545
9823
7070
4908
903
5380
3321
8541
7517
1955
9031
3002
5113
8053
9189
9722
4127
137
3804
9645
9518
5271
3676
294
7512
2546
4007
3821
8989
4066
379
5569
2054
8542
3715
115
8828
518
5670
2399
1931
9875
6944
9068
1552
479
8217
1961
489
2711
5
4745
534
7699
7073
1273
6147
6776
7396
8357
1372
9499
9552
3451
1575
3461
948
6571
4338
9074
893
3609
4466
1404
7713
9642
8326
4608
8741
7033
4328
2046
3331
6277
4061
5633
5035
4354
1468
2441
3968
2052
3122
7313
1026
2431
323
3493
7492
8091
9530
1645
7623
1415
1817
6396
279
9129
9985
7430
2947
1539
8034
362
4028
9326
6167
3275
9389
5942
8425
6593
5103
1896
5106
8841
486
7152
378
5282
9319
4832
7115
650
7503
2682
4422
1916
4459
7665
5353
5905
4368
4037
9494
2429
4018
2759
3285
1700
6263
7048
4104
1550
9665
2936
6542
5727
6309
2976
5909
3127
8751
4703
8110
8114
4423
7383
2859
1346
4903
4251
8815
1723
588
2520
2224
1065
2401
2677
4823
7727
3867
8677
9018
2271
727
5564
985
4566
6139
8695
5606
1483
1756
2226
7154
9665
5926
1379
8005
6634
9900
1938
6796
2012
8232
2380
962
7145
711
5476
3325
3632
8152
8181
9259
73
5685
5839
7387
8858
6398
8293
5206
6207
8645
7331
9967
8361
5365
2559
5138
1022
4671
8189
7827
1928
1881
7006
4038
8347
4602
3840
3854
662
5370
1973
3331
3574
2967
7080
3979
87
3992
9146
235
1607
6732
588
3366
901
2413
2600
1779
8152
337
2302
8960
9963
354
7330
8192
8679
1800
9040
4255
2558
4438
4543
837
6671
4000
6392
5394
8285
8579
5051
7030
5525
7953
6219
5196
1292
3639
3137
5933
2002
2060
5701
324
3067
3012
3367
3219
5636
8888
5300
8287
4952
4890
7676
7168
2188
9751
6694
6901
6021
7206
3493
9572
5286
5272
3435
2009
4134
2134
6899
5039
8663
3106
2253
497
8736
4219
7769
3658
632
3172
9757
9397
3279
6764
2077
634
276
9051
3008
1540
6944
6236
9912
4796
8567
6129
5038
7795
9576
1357
9085
3502
1988
260
9623
1845
2636
7179
8431
7969
1982
3036
6268
2848
7448
4096
6292
8521
3194
2801
1733
5082
9126
5358
8095
2427
3194
7457
1930
2607
9180
9974
4081
9275
4087
6255
7409
3019
7140
231
7997
3097
620
5038
9558
3908
9967
7063
7348
4471
9836
6516
4600
6775
9624
4002
4375
6629
2165
7196
8651
5179
5249
5823
8788
2008
8954
6993
8760
1192
6687
3273
1381
2962
4803
8635
4462
4087
5800
4186
2459
6130
108
7459
2770
2664
5373
7306
9650
85
1879
780
854
9943
1580
2817
7848
4797
6249
7550
4954
2974
8303
6155
7783
6563
5135
1637
1971
988
9540
288
828
7978
4737
2521
5070
7789
3053
6124
6634
1648
7342
8675
9312
5906
2419
1437
1382
1985
787
9664
7837
8249
9232
9484
7827
3952
9675
6206
7528
3736
5334
8661
544
1591
9951
2876
5206
9058
7747
58
1744
125
915
3305
5631
9627
6843
1877
4144
3697
254
9985
201
9875
2450
2579
8745
5252
4694
1117
8114
6846
8595
2898
6313
8681
8130
7720
5955
9542
6231
2324
4238
729
7920
7712
7333
5926
3853
8199
7109
7798
2062
3831
3481
5348
8460
669
9141
7372
4131
9953
4364
6629
1943
4897
1529
8017
6992
6950
1496
9123
5921
4601
7466
7930
5746
9472
1954
4737
5245
2818
1399
6494
4008
316
4783
4764
9416
965
221
7461
8578
8583
5411
6277
7960
7609
8785
3023
6183
9316
8934
6903
6703
7985
1877
7460
6364
5550
9601
8988
8715
4404
2126
1313
8554
7869
2620
1627
114
6765
8601
6027
6728
4035
544
7337
9189
1188
9970
8137
686
8931
8553
5929
3883
4495
9791
6022
8439
7322
8399
3865
1363
1232
8745
4173
6457
4098
7723
90
4989
7157
2909
9418
714
2907
174
2668
7441
4539
8270
5175
5580
1464
8301
9783
5850
6197
7429
4058
8078
6598
3188
2791
8365
4735
4663
5495
5289
6370
880
5091
3465
9880
3148
3528
6022
9135
5214
976
4321
7122
8581
3899
9052
3223
8285
9899
2931
8961
8323
259
6669
3664
2012
8391
3969
117
1052
5979
8243
4678
7379
1070
3659
3179
1710
5700
8316
4772
3761
6715
983
6453
9737
955
8016
9289
3739
5141
6449
4764
2564
6327
8047
620
8421
9800
7868
4757
9559
5904
8082
9234
2732
9642
9743
7510
239
5872
1513
2585
1583
8158
5200
1608
9276
215
3927
1056
374
4679
6378
5911
9529
3478
2113
1051
3023
3038
4757
1909
7832
3558
5212
7857
8632
1748
3720
94
1212
505
9049
7866
3627
3864
3181
4406
1127
6439
1344
8206
5873
6811
4382
4879
9525
2171
9704
9253
7529
8691
4487
7200
1114
9604
4752
8024
2945
7342
2975
7527
6495
3833
9843
9868
5630
8512
2283
5664
297
7707
9924
6583
1694
6551
6036
1020
9176
332
8331
6461
2043
4466
2565
2520
6017
1848
6751
4023
9111
5157
1460
3784
3463
3816
1711
2039
6967
4513
9249
1013
9887
4039
8956
9821
8766
7903
5506
4563
3567
3732
8847
2612
9011
6514
5484
2028
1268
7323
3850
3781
1760
8259
6553
5139
6247
6140
3120
7878
4840
3996
4052
4662
1083
7318
6573
8003
5509
2744
3753
8113
6342
2188
456
5379
6309
8847
4773
6948
8332
9682
771
9644
663
5468
9253
1627
7486
3817
3573
2626
4783
7627
9722
9570
9679
4185
1529
1692
9941
7480
6518
8524
3569
5736
7438
9571
7803
1173
8829
7400
1367
6171
9546
5157
3225
4408
3999
5614
8065
4945
517
1692
9170
1127
3330
8715
2466
885
5699
2124
7317
3080
7007
852
3164
2247
6074
4926
8029
9681
3824
6313
4987
6173
1258
8611
8081
4564
6345
5271
186
5914
3626
4996
6963
4825
9353
2442
2406
8723
7105
6918
5473
6705
82
8286
9164
8694
1993
977
8333
9073
7585
8383
1121
4204
6704
2997
9868
4718
633
7901
4539
428
1938
1403
9453
2011
3889
8338
2893
3632
2519
9306
2576
6905
839
8282
6091
2971
9446
9387
2571
5367
6937
1112
8329
5242
3874
2759
8120
6356
2573
7687
8089
9203
2379
5045
4766
8679
8832
7153
4804
3654
8084
4700
6553
8279
5807
4215
3364
8422
6905
6896
5271
1246
5329
9171
3490
825
3073
4210
8136
1130
218
6537
1059
4831
1216
3372
4526
5793
3516
7412
4139
2293
4582
8917
7283
2237
4559
50
9435
9658
9394
9698
9450
5676
2416
6843
3874
3207
1555
3940
5605
4621
9017
3674
3436
1547
3641
1722
7063
2434
9689
7571
4906
9493
2757
2978
6663
6411
1888
1253
6266
3023
4775
8477
1735
519
7086
5383
2415
4372
9498
1318
4238
9575
1806
9517
3275
907
5481
5736
8596
2836
2987
7001
9968
1822
4792
9956
2918
9437
180
7462
1319
301
7674
2582
9846
539
1939
2916
4460
8258
9306
2690
2936
8371
3332
5330
7687
3240
9702
5756
930
6151
2657
3429
36
7774
8508
9913
5726
7129
2464
2977
4192
2035
9999
3936
1901
9224
9670
2735
8968
2565
1275
337
3530
296
4064
1597
8489
9461
2269
9678
9735
4424
6532
5167
7644
4244
2546
2072
2031
2025
7189
7330
5793
6329
8498
900
8371
9395
3429
8462
3569
6966
6787
8365
4876
2319
9899
9739
3709
6910
1423
6265
4859
2786
3242
9767
5503
4832
6292
7656
6678
7598
704
6942
5375
3944
4544
7200
1797
3164
3225
9093
6032
3806
6108
2768
7636
8167
290
5325
4344
2806
8362
5120
602
924
2471
3007
3087
8730
5397
3539
3103
5772
1784
5971
6262
9844
2989
931
7774
2699
7941
544
3685
2329
232
1053
6677
473
2131
7335
4541
967
3312
3871
9235
5584
6340
4450
1473
1536
4113
3067
7767
9686
5990
259
2021
136
6506
7791
5177
9359
7550
1645
4865
7817
1435
8273
691
1417
6329
2613
6599
8061
8997
2136
2460
7913
6735
677
3504
8538
9457
6238
8585
4874
2777
3998
6338
9973
9031
6541
3967
4339
2157
5181
3416
1666
9006
1417
4149
8066
3759
56
5207
1500
6467
9705
688
3853
7798
4108
3400
5828
4287
6638
9902
1312
3060
9990
5040
7436
1934
718
2386
9788
8645
2260
5903
3816
8719
793
8906
5318
6528
5437
4779
9401
1030
7084
8407
3072
3309
2485
2174
4922
3140
8139
51
5519
5279
2104
8606
9015
6377
6712
6132
3040
7669
5418
2854
4206
3801
6872
5134
7004
5201
8082
9299
8849
1859
500
281
5975
1583
1967
4126
9449
8543
7463
6648
506
2208
384
8536
6614
2187
9891
8940
9816
9305
1738
1731
5612
4229
4200
9270
6437
7350
5169
9721
5057
8839
1202
3659
4778
1823
2631
7432
4409
2585
6683
4497
205
8770
2348
1998
3417
8335
8519
4817
5310
9142
9483
9544
120
8768
4669
1745
7383
2697
7688
2098
3374
7742
1590
1667
1006
6724
3758
4791
9556
2459
4530
7230
2621
7241
1526
6841
1881
2202
5853
8102
8831
352
4410
5914
9355
1657
3539
6009
7154
885
49
1712
4896
4584
1122
2462
7180
681
991
6692
4577
3728
5260
2851
4612
2253
6923
2878
7242
7827
9863
5180
6843
9586
3267
3022
3332
5675
2312
9348
3185
7748
7636
8670
2410
2817
2333
8036
6118
9063
9661
1200
1210
9161
3524
5102
5091
1559
1302
7101
4734
660
8767
9326
1022
4868
4869
5310
1317
8100
9130
1504
8369
1642
3506
6829
6092
6590
441
1794
9920
8886
6760
8179
8166
8663
3970
7682
6062
8165
7931
1772
4373
5210
4614
2524
8980
8309
7648
7541
7948
7023
6719
8018
9932
8156
2831
9568
5654
6695
9010
8500
1118
9507
7181
5847
3900
588
1159
2358
897
7186
9247
3152
169
7357
7131
3158
7028
982
7848
7782
8941
2899
3846
2897
2167
8741
8246
9
5831
4402
2028
9366
9154
9430
654
4865
8029
8766
8624
8392
7150
5289
6644
761
7775
3566
7849
2574
1025
9672
2540
4672
8846
1228
9559
8218
5661
4284
3680
5158
2341
1149
6526
6495
5158
9880
3997
738
6703
2265
5129
8261
2358
9456
632
3651
6255
3084
5121
8600
892
5671
8984
6158
1861
7356
520
7926
9871
2436
9204
3745
5086
3465
6050
6000
8763
148
5603
7894
9569
7110
5871
8760
4543
4278
2313
9390
595
5907
1963
2576
9162
5079
4265
6670
2165
367
4633
7802
9360
6070
867
4267
3061
1384
3175
8892
3405
4632
4888
6106
7481
7227
9031
3782
9799
223
1615
7583
5042
1129
7330
3963
472
6627
4582
6
9199
9380
3834
8395
5514
7801
8533
3498
6242
1604
5698
3159
1103
3421
5985
5963
1019
5856
5095
1935
6047
483
6870
1942
8752
7050
2760
8231
8739
6903
3794
6434
6801
3168
9693
4025
798
6492
592
9680
8693
5533
7539
8195
4524
8455
6479
1620
5143
1367
2944
4615
1531
2647
3958
8715
2509
1891
9643
8464
5040
302
4758
9339
7809
9264
6357
7935
3728
1960
5165
4526
5264
5415
3241
514
2944
8675
7417
296
571
1139
3087
7372
3959
9179
4903
4154
9209
977
1515
8906
6849
2128
4639
8391
774
8200
385
5260
2097
8544
7892
3183
6201
8418
9350
6115
9405
3444
5771
3834
4474
9346
7892
3901
7214
7386
5379
8630
4361
2203
8725
2750
444
6259
7676
3136
776
4850
9739
4743
8290
2156
8198
2026
3246
9904
1170
5541
9828
8787
4748
5764
5205
7681
4431
7503
4235
738
1177
3388
2820
1754
899
9894
9818
5141
2738
9942
741
6213
5338
4555
3705
1027
5543
2317
1147
5866
654
7310
6215
9838
8802
5573
7455
2960
7545
2763
1827
173
8901
38
3673
6351
1923
6535
1257
8304
2208
8104
7165
1228
4799
3614
3449
193
2059
4177
2137
2113
6355
8368
83
3867
7172
2982
2952
5325
2438
6857
7596
9975
8114
568
7312
5300
882
7353
9104
9008
1060
2843
3658
2549
144
4987
5039
5187
2124
7262
901
3367
625
9714
3817
532
9954
9805
9178
8941
3583
5932
5865
5350
507
7189
3114
4230
6302
8148
9310
4705
5072
3129
1053
3511
4710
7533
3722
2185
7942
7764
3201
5176
5956
4229
9350
8399
6750
6779
5345
1076
8175
163
5424
5128
6977
8307
2041
2955
1873
808
8885
3975
7951
6195
8294
7495
8660
306
5821
2421
6083
6992
998
5818
2730
689
9393
6278
7839
4714
7480
9522
2803
8234
6530
4909
7704
5925
6534
6403
5491
766
312
7134
8879
9225
7224
9761
5935
1854
9738
6444
957
2924
4992
1182
9165
9606
2397
6288
8913
5763
5116
7158
3328
9362
1172
9717
9664
3385
9790
2735
3771
9418
6929
5316
6679
3863
6938
3505
3464
9632
342
5984
4975
1035
8564
9879
3241
5347
5743
8098
3528
246
7489
9727
5650
3153
3806
9517
8052
7507
96
2550
2063
7003
2672
1539
5994
9676
4502
5301
2668
8891
2823
9281
5421
9131
2183
2292
797
1293
6475
4317
7641
1692
9207
3525
1929
7201
9665
3526
57
7421
5452
5956
9535
7792
3920
7972
8362
7025
3884
3565
844
441
5429
4636
7422
8207
4306
6519
970
1513
8719
6759
1031
5779
4908
370
7795
9147
9610
8793
10
976
5244
5246
3439
6866
9746
7629
5210
4211
3929
3772
7409
2910
3472
7199
6263
4571
6102
3721
2895
3146
2556
8543
8702
8693
4924
3756
2883
3550
176
9215
7415
5091
3554
9867
5197
183
1197
555
8461
6677
1308
6758
7584
4946
9350
8121
2306
7708
4107
3223
3044
5888
5897
6863
8420
6700
6544
4745
1941
5990
4745
1660
4034
4714
6357
2317
9355
3605
2002
6079
3374
5546
5260
6218
1838
5797
959
3755
9342
6803
1449
5174
9442
6952
6170
1526
9193
6690
1447
8497
3638
6451
8614
2471
1931
9647
2723
2869
8589
7032
8765
8701
5706
8027
9849
7497
628
9679
5025
2622
5740
2789
5403
5138
4540
9570
2218
7082
8543
4830
3124
2665
2157
3504
2441
6923
6932
2788
4286
2190
3074
8090
5165
2310
8038
2747
9468
1414
7102
8673
898
9513
1665
8824
2757
848
1048
3475
7930
2360
7428
5641
4326
3758
3907
6100
6543
2201
5585
2926
564
7839
5392
2834
9548
7650
7623
3092
7099
1792
101
803
9979
9870
3932
3610
999
3333
747
1592
5874
3456
4858
1925
4762
7433
3763
1407
8402
1938
6204
7267
5828
4176
8108
3058
4120
8830
9276
5107
3225
7955
6375
6137
2258
6625
5661
4456
9826
297
5100
3210
1453
3993
7051
7107
2981
3467
8072
2115
3886
6216
4690
5161
5588
2834
4974
5803
1762
873
9489
2169
4056
5640
8367
7919
7081
8720
9667
8136
1771
9307
1580
8105
6838
2993
5813
1835
7124
1000
77
653
758
7160
1220
7008
3265
1214
548
9424
1650
9858
2693
8952
807
2930
9153
5813
5625
9132
26
4260
3800
9935
344
4578
4635
6584
8323
2595
7021
3139
8678
762
795
8836
1411
6896
4419
1359
4653
5867
8171
242
6486
1912
6613
2627
7298
3907
3839
0
6210
7991
973
5816
6853
822
6816
6641
2372
6680
2890
7953
2403
8511
1180
1931
8157
1970
1519
2257
1393
4266
4479
4159
6089
3557
3449
8432
7965
2007
9286
4416
8755
7020
6928
686
9788
4979
1982
588
79
7777
8986
7972
2976
217
7839
7975
731
4681
4470
5327
2387
1582
8606
1944
3512
6813
9727
3296
7373
8384
8676
364
7394
8474
9198
5382
1582
493
2143
3177
9988
931
2178
3615
5280
6506
1183
5871
5717
5473
7700
3283
7537
3959
2028
7172
8414
4984
7174
2975
5252
8686
3215
1694
9101
8621
578
4502
1019
2457
6392
238
2538
1292
5338
1456
9404
4990
6664
7005
5630
3855
7578
1899
684
5392
2827
3434
6445
2025
6967
6597
3318
9167
7925
1301
7716
483
4514
6658
5928
6680
4852
3260
9080
7461
745
6244
8620
572
7768
3424
8320
169
7345
1396
1107
1315
1010
3709
5793
7143
8056
8993
5489
9795
6919
3370
3366
4036
3740
8921
475
5
1076
8949
9002
4317
2818
3222
4647
6583
4814
5873
4257
3543
8276
3148
1822
6529
194
6400
9472
805
864
8785
8624
5859
7770
9285
541
7374
2877
4583
6832
8847
2948
8315
9093
8395
2394
6790
8497
7787
9062
9210
2329
2183
4736
1946
1518
3771
1548
6837
3842
7339
9448
9670
9140
2291
324
3143
6546
3533
2681
7272
3705
230
9040
5410
595
9961
4055
3426
4134
3403
7903
1685
1743
1654
6455
6440
1123
5824
7766
6770
5826
6039
740
9492
9398
3277
9174
6801
8070
9251
243
4963
5106
1789
5505
2099
3143
9325
1351
1557
9715
8121
2702
438
9435
7763
7927
7486
5835
3884
2019
722
5766
5910
1446
7665
9489
9547
6011
7317
786
7253
5355
4883
3160
2939
6578
9953
6148
4356
3297
1797
4473
6209
7055
7704
3336
301
57
1635
5350
1688
966
4186
7231
9521
9197
9195
343
7839
2609
3595
3314
4034
771
2461
2765
7819
7278
6496
1184
7973
1337
1478
587
222
6248
9557
8855
3741
4328
9187
9490
4376
1966
9097
6287
1169
7652
3639
3742
7383
9610
8308
1746
9701
8483
439
5438
4593
4938
5517
3023
3560
451
7377
350
9487
3599
7009
3272
9640
340
6601
3511
3422
4105
8938
2067
1673
6173
1596
166
3638
2754
3801
8362
3028
9732
885
1738
5808
4118
4261
8802
8810
6163
5929
3925
4588
8747
6800
7570
642
366
4101
7042
3008
4797
8324
5596
9545
8372
3765
8419
3342
5350
9385
806
6649
9014
7321
9755
2713
5270
7464
5521
6078
7799
4700
7258
8175
5012
7478
2926
9373
