2195
6905
9623
1181
9114
3953
500
4220
3653
8369
6377
5738
8855
4363
3280
9907
8337
9068
7180
9662
2231
1582
6606
7700
6305
8198
3618
5168
4454
9720
8628
442
3632
8731
9557
480
4683
9740
2159
8038
7157
8647
8209
119
2302
6188
9694
731
9308
1548
7536
1368
1848
6912
153
612
298
1923
4875
916
335
5331
9766
3932
9740
5934
2105
124
4805
2800
5223
8597
6909
9142
2505
3583
3373
6487
5397
117
8504
2887
5860
2905
2183
7260
8594
6719
8577
8945
181
2759
4864
1243
7703
1825
8881
4276
378
6368
4082
9569
5925
6507
6324
8939
4458
2705
4407
6570
7238
3811
6525
4758
2411
7447
9471
6860
1749
2480
7339
5386
1546
5860
2618
2464
3733
5665
1439
679
4702
9097
6108
9029
6034
8934
6961
9352
6581
3244
2801
5889
2312
2007
1706
6369
6234
105
8831
255
2354
2021
2526
7898
9028
8696
8022
65
3889
3860
5206
8793
1266
3728
1867
8141
7703
7495
8724
3477
486
118
279
8505
9678
1450
3073
9539
4153
6248
6229
3627
6834
1183
8324
2681
6570
8210
0
7338
911
6896
5463
2720
8037
4008
4622
8584
139
3565
8666
8738
1381
5353
9769
2236
1741
4021
8219
7578
5622
8483
5911
7640
7631
1578
1958
83
5403
9186
1570
9492
7495
1385
2566
3589
4655
7558
467
5670
6827
4489
9399
588
7581
7490
2246
1480
1413
6087
939
2548
9991
2421
1715
2427
985
7822
5089
6458
2049
4539
3180
953
1995
9174
1243
9995
2787
6179
7581
4182
3553
2549
751
1133
9083
5323
58
140
9332
478
8669
9315
8246
9021
9501
5073
9670
138
2604
6832
2469
4009
3620
2287
1308
8446
8592
8407
6246
2250
8692
5234
8506
6756
8994
7441
1670
582
3344
5661
7763
4948
7126
1570
5870
3865
2706
2973
9672
6170
325
2649
3575
749
1712
9544
8928
8463
9825
637
6730
1651
3893
7081
1786
3434
809
1490
27
2059
3403
9088
6794
6942
9068
7521
6883
2049
6417
7443
5740
5619
8734
76
1925
6043
1659
7757
5043
9449
8513
3206
756
2706
8931
6112
1054
44
9784
2435
3056
1216
2946
7613
2767
1237
5854
6632
1680
4191
2661
6879
2046
2382
4897
1111
2917
3817
5156
5742
1775
3051
6446
577
3546
196
8331
4087
8010
2956
6466
6838
2264
3981
4386
4524
2672
1120
7309
687
188
5026
6076
852
6788
1633
1159
8374
7809
7820
3195
7237
4887
4042
659
4
4769
2369
4066
2570
2906
1766
8621
8723
7724
5823
4614
8064
7995
373
8438
1796
6508
4469
5553
6749
6974
5593
3788
1912
9036
9956
6278
190
9761
9229
1951
8222
3322
4382
9754
303
7054
4738
7781
8421
6404
7353
3128
965
7019
3095
379
7436
9382
1398
729
418
8488
3910
3029
9176
8580
2154
3533
2949
5488
8431
8962
8494
3871
6392
4742
3613
618
8134
4742
1769
6687
7131
344
9621
2465
2823
4892
5941
9576
8841
808
8362
8500
1532
9733
9411
1352
577
1722
4899
1205
4831
2933
7973
8390
4633
7093
627
8353
6766
6817
1247
6656
8959
3730
1356
3566
3408
6710
5756
7261
7592
3373
6646
7622
599
9993
2338
6658
5330
2260
40
6411
9842
564
1856
4198
2370
1231
7831
5730
4265
7588
2810
2024
9560
1705
9541
7802
8377
5845
7944
3866
5966
7637
3613
1458
6286
350
7790
4639
4754
3969
3022
4505
6776
4835
6814
8395
1874
7158
1195
2177
8879
26
2996
3
562
4622
8062
8893
452
4536
8281
9484
4316
6173
445
2204
6950
397
7911
2019
3440
3191
975
295
4565
8304
5247
4725
4891
1145
5927
1218
4650
5767
4987
5940
4641
3609
895
1664
2288
8896
4187
218
5688
3537
189
602
4390
4609
1444
1476
9246
9175
8736
5687
9050
2700
5437
2258
9375
3336
4002
9307
8608
7062
4834
8549
1186
4505
7563
3341
9501
6247
9730
4543
9004
757
4607
1028
8114
4644
335
282
9700
4451
1972
5474
7030
9299
6889
1940
8171
8637
2288
8952
4894
4879
1609
8625
8702
1640
9416
9884
7045
8103
1974
2998
9444
4193
6683
8292
8092
4409
4143
4730
3001
3719
9606
4157
5089
9360
1519
1886
7615
5622
5169
864
3959
778
9648
4124
9147
5982
2325
6474
5228
450
3236
1597
2476
8974
6029
2836
2616
8597
3848
3762
4493
7558
5950
1174
5273
7452
3535
9341
120
7529
2269
1423
2933
1110
9039
8665
4544
2558
9144
2110
2083
7668
9502
2550
483
8009
1681
6115
3331
8682
9270
9017
1774
1406
6371
6401
4828
8473
8851
1695
2446
2983
6353
7698
8180
1812
8663
1366
9935
7363
8292
57
9452
1737
1679
6824
8055
3399
691
7263
5771
7420
6010
1438
8259
3251
9649
1526
4738
2638
3837
6070
3706
7449
9664
9099
1314
1804
4370
8670
9345
314
6180
5967
390
9212
9565
36
9727
9546
8345
1428
7782
1587
5924
5025
6973
4915
9438
4929
2163
7137
6627
7297
3525
2221
6350
2003
2073
2579
5509
6251
9029
2020
7918
5456
1240
43
1048
9047
3686
9612
1799
5192
4292
2409
8288
2119
1524
4638
2126
6399
2365
9440
6506
2208
3687
8883
2441
8169
2861
7561
7963
7148
4036
2094
2398
5762
3669
468
3785
6929
3866
391
1242
2551
5338
1434
3004
1116
3932
4231
478
7434
453
9110
3885
9588
5513
5710
1768
2357
7601
2879
6185
6124
1649
4650
1155
2198
10
2526
8449
1056
853
5196
2532
1973
8197
3955
6870
2252
5878
1324
4236
8629
7082
528
6694
4926
8208
2810
248
7959
8699
1427
9328
987
4206
5118
902
687
279
806
1106
1406
5781
9422
6580
5256
6577
1911
1390
1557
8839
9516
6479
6276
8642
7555
9041
1120
7955
6229
3989
7200
2277
490
2357
9425
5868
1544
7767
3079
3053
6183
1973
5071
218
2830
2848
7660
3948
1438
8348
6297
1419
8690
9119
9183
4948
3051
2344
6650
6076
9781
2731
4049
6817
3906
9128
5291
7065
7155
9387
5033
4143
8310
8503
2656
7542
1407
6058
5812
4707
1381
7172
6517
7881
7691
5780
3587
1371
3174
4476
2817
9199
1117
7003
3271
3452
7923
8253
6311
3701
7556
595
6792
2050
3315
2153
3108
186
6462
1640
3541
6992
6532
1942
4694
2609
6213
6168
9125
8125
5541
3919
3890
2678
6570
5833
3026
1307
5232
9204
9618
3153
9747
2111
7150
785
379
4466
4566
5538
2672
3400
4908
1533
935
5824
2667
9175
2308
662
7238
1755
9128
8185
8160
3637
6704
4114
5480
7482
9127
1800
4954
7258
2021
387
7245
4421
4791
3908
2230
1747
1602
3587
5453
2141
9011
2356
1743
745
3165
3850
8998
4570
1965
7863
4025
1561
3950
3513
4081
6265
8986
7083
6410
871
8445
7649
9512
547
8579
8246
4383
8399
8431
5491
153
5540
2732
6018
4625
4347
2370
4734
4316
5276
2802
384
5293
4157
6362
5683
470
1278
9827
5965
2760
4518
7176
4582
3695
1361
2844
1195
2166
4918
9467
598
6138
6474
7709
8484
8829
7931
8887
9733
3894
4251
2766
1134
8069
8060
2356
5354
4184
2895
7776
3104
8572
2466
2730
5635
8363
8150
2323
3264
1503
1175
2568
9398
5808
2203
4246
8818
6448
7877
6854
2538
2390
93
2070
8509
1751
6042
6513
5635
9004
7489
7010
9270
7142
6362
2026
3672
3743
2074
120
679
5608
5623
8230
2719
1683
3368
5325
5865
3814
3537
8906
6307
6041
5237
714
8478
395
4221
3883
2321
1637
6688
4259
4013
4164
3297
2255
9446
176
574
5075
4373
7757
6174
6929
6767
1863
9351
6825
8382
717
647
1820
5466
8582
703
3228
1904
5648
3548
3276
9522
8190
7799
9042
8920
1363
4216
8555
8385
1113
5878
5689
3240
8462
4533
8549
9866
8308
3946
6614
1044
7395
5501
1603
989
4867
8792
5430
3460
69
350
3797
6628
7297
5553
6182
9957
7132
8008
5404
7647
796
8440
7268
4838
4958
8580
7004
4049
2153
3362
3596
1702
6933
2232
2126
2689
6196
8052
4053
2570
8785
5094
8316
762
2081
9060
5942
2908
8350
8592
2733
299
8542
8967
247
8955
8232
6764
6031
6287
1788
1381
1306
6706
6754
2095
9695
5065
3427
3493
3760
9080
3955
2833
8861
5701
124
6506
2757
5897
2637
4095
5698
3561
628
3296
3160
7965
1984
3171
4456
9431
2020
7765
782
7404
3788
1609
4008
9985
9364
877
9481
4857
4831
3653
6344
5708
105
4546
8831
1726
4006
133
3650
7692
5682
7745
6078
3457
8935
1730
3080
256
9036
4329
7059
6189
2051
1457
1912
8514
2497
2772
6533
1759
4613
841
8729
6974
6952
7451
7859
7437
4339
2730
5424
1887
4115
3089
1721
6043
5530
550
1049
7634
7797
9225
5820
502
6594
154
3657
8648
2633
316
9228
1234
3600
1890
3078
4841
9015
9103
6505
1483
3870
5642
5916
6306
8904
5172
2074
8961
9736
5869
2984
1947
1722
8899
3962
5387
5020
8227
380
6798
3794
9211
4804
4023
3501
4190
8286
2224
11
6880
7027
6426
4044
9565
3763
2154
3309
9514
1598
1422
8079
4695
8912
6763
7332
7281
9512
4701
7928
7691
9820
788
8723
9707
7689
4659
838
1892
2804
4713
6885
9849
8950
2855
8841
6557
7902
2156
5135
1807
2078
5506
6628
8958
8718
9098
299
8040
6691
6220
4678
3585
4295
2320
7060
6239
7702
4337
1876
9103
1316
1417
6709
6884
4536
8230
5745
6056
7921
774
9378
7355
9565
6121
5612
4313
4159
9765
989
8590
4360
2798
5200
6584
35
3300
5553
6629
5795
2602
8854
3565
280
6031
491
660
8796
9744
4421
487
3353
4242
118
5916
6842
7322
4019
8174
6707
2746
2080
7937
3347
3286
4743
8517
6216
125
6848
1235
2676
9115
261
5319
1920
5812
7075
3533
5630
4952
5516
4414
5344
501
5237
117
2679
9284
9741
2712
9280
7379
9922
3048
522
917
218
6994
1288
1973
4444
8671
2895
3185
7811
4237
3981
4798
3996
1029
247
485
2544
1754
7229
7665
2593
2846
8049
4625
5838
6932
383
4136
1955
5296
9192
7212
4797
1003
5594
81
2245
3656
508
6845
1518
2158
2689
999
6136
7880
5288
8712
2464
8795
4835
8167
5818
2856
8323
7371
8945
6662
6135
7511
8287
8759
1230
2515
5044
6768
1
2992
5435
166
8240
8887
1246
384
6146
434
156
7049
8489
7957
1644
1671
1671
3160
461
1024
1394
1940
2679
8222
1136
5582
7521
2996
8557
2758
927
174
5955
9367
7879
2295
3276
2298
554
5947
6921
5434
6710
7888
7215
1895
8173
8178
5867
6616
7088
8070
2053
4019
5374
8061
312
7212
9030
2657
1366
8250
1827
3387
9507
9981
1094
9121
77
9348
8394
9372
2605
4514
4103
5960
5230
4791
1007
9240
7409
9343
7128
1941
5670
2857
8121
1935
3993
9818
1982
6064
3267
7897
4581
8671
3606
3322
8381
7233
801
9052
8100
6519
8221
7715
5465
7539
9916
9414
2830
5521
6205
9790
5248
2022
1121
9885
7717
6650
1860
9159
5128
259
7365
2330
6105
4708
9932
5432
2353
1907
6409
3773
8439
8356
1242
609
3719
7954
7391
581
2019
4578
6987
6461
9859
3477
2648
2558
7549
3720
5605
1731
5373
1642
3924
7841
9153
5891
1610
756
7606
4483
7061
923
9112
2431
1350
6891
780
512
6165
9763
9258
1278
7139
549
3271
904
2470
2627
2059
7374
7882
8632
6302
4678
8399
6797
4432
3401
1455
7828
6343
6635
2975
7535
7517
6064
7349
7427
2126
5757
1778
7036
7554
5841
2472
4095
4502
3374
4569
8249
3420
8982
8697
231
6600
8428
4620
4433
4031
4553
2458
7378
9057
8337
3419
2623
8303
9604
3032
7207
3555
5042
501
6302
5596
846
1077
460
2205
4304
2294
1057
8832
3205
4408
7361
7937
2743
934
9088
1443
2915
3395
7572
3298
4399
7979
9217
2422
9849
5791
4897
342
7361
4694
8377
8481
2394
4635
5754
7351
4159
2228
9727
2259
1401
8545
5851
3928
6058
4685
5559
8670
3943
5763
639
1647
2928
3004
1196
2867
1860
8037
2355
8512
7397
715
1470
8511
6030
8879
5542
8108
5179
1737
7284
687
3668
5313
1896
5854
2127
5288
6364
5164
232
6227
6399
1598
4054
6730
5553
9390
3438
2887
5491
6121
9872
1214
4861
686
7075
7340
7898
7178
9142
7451
3490
2206
8479
9952
7978
7614
1107
5342
740
6571
1673
7191
8280
1169
4316
9871
4456
9300
3326
6152
4669
2292
6245
1162
814
2453
451
1210
8778
4786
7390
9186
6021
2780
2736
4192
3119
4101
8751
7938
8283
8095
2147
8919
4448
2681
2934
3691
6370
7203
2883
8597
3851
2990
2781
1198
5960
7316
9138
5525
7162
9896
6563
5953
9180
2486
1169
5499
8433
123
6752
355
548
5388
7868
6574
144
7326
6713
8133
9519
6760
4840
1575
1902
8792
5334
3030
9999
1538
8231
5802
4963
3226
775
8386
1532
6193
9738
1961
1511
7434
5258
6246
450
2528
8049
8463
5121
6207
1053
8634
603
1005
6005
402
5056
4987
4050
388
7152
8138
5500
6894
1891
949
5392
7322
4612
9482
5042
3951
7587
4751
6621
2084
1501
8594
1124
9374
743
6871
7909
3791
485
9597
5199
3957
7220
372
3330
6544
2142
9350
4809
3372
1934
8363
4354
9501
7136
726
3850
5639
1165
7102
1047
5851
4383
3921
8901
6462
3863
4676
9644
280
229
1708
6409
2294
5750
1434
101
4240
6151
8498
1808
8236
9942
3248
150
3137
4239
1623
2238
16
3021
2269
2626
3383
8549
9347
9573
3299
1471
6868
2680
7466
9705
4528
3142
225
1953
2059
3750
5701
624
9609
9487
2667
5293
2810
5909
1135
3771
5763
2222
2239
2437
9627
7259
7960
9082
3026
3745
6402
1860
6802
2768
9283
5817
4341
8530
5413
105
9924
1184
2179
7872
6536
9392
3411
2781
9959
8089
5738
3438
8438
9528
5708
4645
441
5029
77
7269
5182
1143
8926
8314
7348
3841
3822
6841
204
6850
952
4279
496
1029
3846
4578
42
4366
5900
235
3848
5178
9122
4937
8006
2964
3421
7274
7060
4637
5375
9312
8453
8144
4923
8780
2257
3865
524
2695
5569
6570
2577
3109
7137
1459
2941
7408
5681
1129
4603
6074
9128
9842
3420
4
2021
3989
307
4383
419
6548
9780
5566
1474
1639
5826
2351
6106
5066
2321
6177
3842
3205
4666
7278
2600
6013
7800
6547
22
6012
1592
5931
34
9301
184
8610
4723
4918
6759
8267
3557
6141
2276
9020
6789
7011
1634
5497
5632
590
1302
614
8807
8426
2232
5923
5175
6142
7403
6007
6189
3760
4361
4406
4955
3849
5532
2173
1455
7215
7628
1187
8307
4053
2619
7701
928
5645
489
5589
4379
2302
914
9432
4710
978
7123
1608
7068
4261
3434
8581
7514
751
2078
9797
1780
7870
4064
2939
1479
9461
4042
8416
2961
114
2307
4753
5806
4531
4994
9530
5652
1814
1628
3886
2845
4928
9695
3977
6725
3923
5104
7193
3780
9046
3672
7555
1975
2822
5920
3058
1580
7549
4109
4917
8259
2498
6470
4595
8670
2369
5801
2537
9266
3904
2928
5700
9123
8191
6951
6851
8174
87
6214
7555
4357
6848
4635
3915
6441
4751
2778
2984
8610
1936
7949
8103
7705
6710
5627
347
8457
5099
5307
4356
8122
2566
7926
9876
6117
7972
8431
3783
5870
9069
4883
1493
1335
6554
559
1410
7862
2555
8154
3919
9591
2816
3927
7330
5954
4824
7995
2412
2564
6604
8393
3074
4779
1857
9432
1791
8922
4759
7797
8469
6320
8994
7113
9540
7052
6456
6768
1151
6151
4216
2484
5902
6945
1388
4764
5305
8638
596
3921
1293
9977
6018
1218
9266
675
1808
6713
9477
7121
8768
2488
3103
4758
9684
7598
596
5703
4386
277
9498
8055
6843
6261
8348
4119
2491
6128
3391
7092
4127
3152
8325
837
6504
8491
301
7776
7846
8865
5243
9742
7291
4029
7382
1727
9381
1144
7261
3789
4168
9602
4252
318
4422
3237
3133
9757
2870
5147
8184
5680
3321
2384
2994
5615
4163
2265
8254
1193
7297
2820
7856
5521
5033
9756
764
2813
8878
6620
4737
1346
8867
9602
2924
4524
8899
8006
6414
3266
5357
544
4905
2699
680
9563
6420
4907
1035
1767
7564
7116
2890
6068
6491
1348
1745
8731
5284
4666
2472
319
878
6249
409
6837
6812
3719
9460
8469
6715
6156
5850
4987
5835
6753
7914
5157
4840
5470
3335
5857
1777
7111
9056
7621
8456
2799
3110
1575
2779
168
2722
1748
794
5038
9666
8655
2289
3843
2751
2701
5447
2566
5051
1408
1266
7903
232
9738
3434
6588
3890
9814
1331
6615
8542
3766
7193
2788
8380
4012
608
7884
5690
6547
3433
4101
4193
797
7086
9258
2867
996
2718
634
410
9211
2060
7648
6355
553
2566
3372
8141
6190
6277
2907
417
4178
6496
5899
1462
9501
5462
8739
2092
7562
6876
8503
7974
7164
3710
9435
2651
4175
3720
2894
7095
696
6205
9330
1705
9545
6433
7827
1445
7235
9743
9499
269
526
3684
14
4301
1187
7795
3366
5534
3979
8541
2847
2334
3556
9673
9191
6843
3131
720
3965
2470
3383
5811
9720
7972
7165
4194
1917
3067
7635
7293
4856
7818
7376
8234
7448
3479
3695
5134
1464
6379
353
7359
3116
2155
3357
6996
8148
9871
7242
983
8314
6515
5778
7029
6885
4714
3964
2041
7135
6992
5878
299
7898
6686
3684
5029
4957
5322
2225
5711
3147
7996
9256
7585
2117
6023
2695
7564
4615
169
6045
2046
5825
6651
8979
8341
2040
347
1348
2733
9514
1653
7999
4471
501
54
9460
6430
8471
8328
2038
2826
7645
1530
7836
318
7258
8192
4912
861
2018
6399
7426
6966
947
3832
4473
1247
7706
5342
2988
4610
3973
9492
6197
1494
9997
4784
7084
2062
6563
6265
9093
6286
8131
3218
4400
4295
8815
8660
1083
3848
5435
487
715
3114
4227
1032
3523
6668
5580
8213
8723
3128
5339
7427
8853
8153
5333
6342
320
2473
1108
2849
4298
5753
7306
1139
8835
7729
9431
178
2432
9046
4259
9140
9174
3485
8776
3082
7266
8964
1261
415
6481
8349
7542
5964
946
703
4364
6247
8962
2473
8339
8609
2740
2586
6188
4962
5808
3087
2197
5794
7237
5402
5781
9677
8869
6199
8253
5367
9376
2250
9075
1356
1212
692
6367
5949
8210
1341
192
8132
3364
3184
1215
9958
706
5650
6400
6588
7297
3814
7274
4179
6767
5466
3178
1079
2568
7864
7095
4747
2449
8997
6870
6711
3398
6983
7396
2047
6219
239
6751
4466
2894
4064
2430
4052
4187
5822
8971
3219
9799
1665
8070
5562
4976
4895
4588
5746
7514
5288
3380
346
4246
5445
5682
4366
6314
4504
6560
3722
8253
4352
368
7057
7063
2807
1284
2702
3035
9126
6892
6745
8893
3876
4947
784
926
1308
1735
8502
2394
1650
4533
930
6858
6405
220
7448
8382
8063
7738
9682
9261
5248
4965
5446
1296
1013
8498
2168
3611
1886
2710
8388
8395
6635
1452
369
497
4897
3440
5006
2768
8058
1327
6603
9819
9437
198
658
2587
3835
4320
4972
1387
7209
7484
3645
8910
9501
9488
9913
2809
9567
4891
508
8940
6145
2535
223
4952
9850
6951
3484
4623
2732
6914
1203
3920
8362
5626
1858
814
7840
9580
9775
7566
7737
7000
1186
9151
7807
1458
996
5409
3526
2196
3201
3167
818
7663
3674
6902
9975
5705
2737
6884
835
349
8655
294
6280
9724
548
3874
7629
9099
4968
9986
5115
2942
1202
9144
1348
1072
7145
8391
5954
8074
1096
535
3712
8035
3102
698
1952
4955
838
2135
6843
2890
6730
7388
8344
891
2870
8083
909
7122
7780
4426
7227
3214
8051
7876
6460
4529
5554
8903
8559
4345
930
2760
9252
8120
6581
8245
6621
9849
1921
2674
8261
2833
3142
2225
6211
3813
800
456
8202
9062
7481
8832
294
6669
3307
498
9984
5226
4237
7422
9400
1935
3575
2498
1960
3970
8136
223
4309
4625
1461
1060
5200
5105
6165
4394
72
5825
1664
2647
3729
5098
701
9497
6863
2097
2465
2582
4812
6083
8260
1395
5611
4499
3273
6325
9258
644
265
2241
5677
576
6146
3577
7601
6421
3632
5188
504
8913
425
4158
3562
1590
3693
4302
1234
4077
5634
9862
1505
5553
5410
8226
6364
65
5448
701
1832
9840
5136
9427
5560
9422
6970
3152
8951
7123
1896
442
8465
7276
2078
5899
5658
4102
7833
4021
805
8970
5091
5180
5010
402
736
123
5165
7920
7212
7535
973
2930
3356
663
3776
998
8597
4139
4620
541
5351
4110
2181
5192
1396
4228
3475
9511
2568
2262
2231
1426
9895
2862
4748
9955
4417
5158
8686
6846
7986
1031
9911
4361
9468
5535
3920
1414
2122
4659
5504
3694
9400
264
3619
981
2999
9817
9005
6507
6647
5654
5352
4950
5303
9546
3034
494
5915
3821
6580
3439
5452
7773
2554
4320
4199
7820
5723
5861
308
2061
7388
7908
6758
8537
2026
9631
9243
3767
6956
4599
6152
2179
199
2331
5678
4960
9057
9922
2500
3425
5499
8301
8079
2064
8242
1626
7709
9298
6782
5179
4094
3144
6198
4586
8266
7444
8192
6766
7520
3403
1250
2148
6864
1980
7287
3272
7574
223
8641
9238
8762
5801
3361
6882
6561
9086
9828
4694
294
399
1922
9944
6985
1777
505
3008
5981
5612
4065
8234
6768
2290
2401
9096
2175
3350
1437
6098
4776
4969
4052
7486
657
7543
6416
8292
9782
9315
8024
9179
7615
3498
6471
7121
1481
1306
5162
5086
1474
4279
7291
1962
6157
407
2469
6472
3400
4264
4707
3210
7649
3729
9917
5325
6346
4436
9287
9441
5361
2213
3225
6666
7587
4885
618
3270
5818
5280
7615
868
8188
6350
4623
496
7677
2090
1328
250
5073
9943
4892
5517
4607
4813
1529
3885
3580
1146
774
7045
2019
5721
9725
9261
1053
625
4374
1271
9788
9199
654
8119
6649
3839
5022
1299
9105
9420
7648
4256
3107
9036
4367
5417
7320
7708
2058
2773
3355
6732
9690
4672
4505
570
8849
2466
6624
5362
9443
7052
7715
56
461
5874
9289
6772
8868
767
9790
230
4779
4160
3498
6517
3937
2982
1354
4308
1941
3345
8566
1600
7915
3055
9509
5981
3613
6078
4990
2556
4674
3743
9977
595
6541
3050
8575
8492
6128
547
8840
1290
2982
3125
1953
5530
1174
7988
6633
5866
1112
2316
3421
6097
8485
6114
2140
7406
6365
3307
3159
2789
5777
7234
5555
1035
4182
2902
9976
886
4407
2861
8179
1393
4505
7275
8617
4790
1102
3979
4807
5625
9445
9123
1443
2358
322
3879
2109
426
910
1169
2127
2820
7388
6051
5512
5748
7569
917
1347
8271
8012
5746
1459
8251
4136
2027
1592
1210
7496
7350
6303
2386
8499
7533
3343
6654
5790
3197
713
302
792
9549
9976
3237
733
5359
4004
8454
1762
2869
7220
185
2631
6535
7612
3699
7663
3192
8221
8294
2287
899
2929
3559
4865
9741
4320
9855
2707
8858
9957
4372
203
1044
7479
8462
5770
8221
7517
8777
8023
3138
9447
4627
129
6118
9754
1964
9920
9644
8990
2597
4975
2418
8015
9892
6619
6416
8372
992
1038
4149
5746
2904
2911
2848
9981
1587
9056
9149
7929
9441
5675
9444
271
9149
1452
8302
3430
8746
9986
2356
9934
3063
9867
7360
9396
7785
3029
7586
1843
9353
9849
6525
7739
3874
7391
6543
1715
7280
6137
8167
2908
771
1715
9549
6922
5531
2147
8865
8440
8317
2986
9625
1005
8681
4215
2682
3036
5551
3452
2195
8557
1469
7306
8575
9592
9149
1704
6396
1758
4909
6586
6149
2609
1819
9448
9162
1348
318
437
3864
5638
4163
9146
3526
6367
223
5519
9058
9659
4708
3506
6163
3828
3941
9609
1439
3464
3139
9956
7772
3827
5750
7107
3531
1730
6836
7016
9185
9232
5052
1334
2718
5114
9587
6557
4393
2322
3780
2207
9369
3630
2646
6737
7049
1402
422
2321
8668
2210
8009
5698
8208
361
2664
37
9887
7056
5615
1795
9531
3207
6334
9825
4607
3374
788
1049
4240
7383
5215
9116
9684
932
587
4142
1180
9012
58
2128
1307
4514
8347
6975
1223
9353
3125
2356
2450
9549
6669
7337
6706
1984
2676
6161
7296
2820
2130
3674
614
9373
8080
1284
6994
8892
6014
7276
9774
8521
8856
875
6998
3486
488
5016
4859
9359
8602
5253
249
8431
8599
4690
714
7878
2409
7699
8255
4425
6846
8360
6882
6383
1514
1933
6434
7063
9980
2330
3339
5848
2582
3928
693
5794
339
3220
1495
7659
1302
7936
4217
6876
3425
2182
773
3390
570
9116
6482
8314
9020
5348
1674
496
3992
614
1972
8554
8582
7796
9378
6272
1914
4400
5849
4671
3997
4919
7538
9189
6203
595
3123
8909
4142
6
2958
9332
1160
3043
6492
863
5847
5024
6827
7233
2253
196
1802
9724
1248
2941
9077
3505
8557
7945
4962
9024
6332
6102
9392
5651
1577
7293
2111
8425
2225
2765
6354
3985
7656
2639
7394
5538
1304
8515
425
6889
7572
8616
2417
3801
3117
7813
7941
3262
1518
9617
351
6196
5044
3933
2999
5057
3651
841
9285
8553
2913
8402
5007
9488
3841
7816
2068
8608
5546
3538
2201
42
7520
8072
1452
7716
3685
5591
2534
3764
9351
8849
6906
2608
2413
157
8941
3722
9639
2337
1887
462
9230
1871
3976
9170
3608
2929
9959
5300
5745
9333
7715
7979
7415
309
8676
6972
2481
5283
1371
8059
8307
5521
9202
4063
1496
2399
7074
3684
8874
8345
8968
3209
1651
1738
812
5648
4095
2282
4107
755
5631
7233
8018
18
1134
8927
5192
2104
1480
1969
1241
4356
965
3827
2155
3708
2669
9912
7674
1208
5854
6275
6426
7399
364
4505
6327
5676
9497
3028
2876
199
1175
616
2427
1073
7502
9183
2929
2568
7207
4970
2203
6905
7103
4612
2244
7823
9582
7103
2979
4182
4608
2899
4901
9356
807
619
9653
6628
2599
9515
2606
8452
9092
1042
3180
349
1400
1082
6206
3485
6982
5105
4001
884
4072
9520
295
5752
2260
8504
6093
2393
48
8694
5591
8276
5714
3071
266
6883
9529
6301
9969
7691
2363
3750
7812
6061
1431
1895
6423
8500
897
9493
7199
9502
8898
4016
5283
1286
323
3901
4367
4094
3421
213
8403
398
5451
4904
4634
8328
815
9322
3955
681
5136
6309
8520
322
1708
4234
4320
365
2081
7593
1496
554
1494
6088
9378
1698
7788
8979
6559
5628
1933
5874
4269
2150
5346
7414
609
6527
7261
8095
7684
1574
5538
6517
4366
2588
5495
4961
9578
6089
9580
4002
2013
5828
8716
7849
8903
9363
5526
2935
540
1836
2762
8326
8748
9261
2039
6370
4975
4293
3624
7793
3104
3986
9908
9921
5016
4976
1722
6789
6202
2826
9401
470
6047
7930
3860
8441
3433
7497
8511
1246
1001
4325
7554
5848
8812
7211
7769
5104
548
9125
9985
5284
2464
1786
898
8027
5920
8794
2832
3926
7641
8736
6733
7713
2434
2291
2279
817
5401
3598
2936
7478
5782
2378
6792
8778
6431
4060
1109
7804
7207
6617
6240
7077
2840
4116
8006
4261
7031
5832
2521
4639
4664
4585
3605
2264
7591
9841
3413
6520
4932
6951
9703
6950
6188
2507
9502
86
4994
2119
1596
1860
7684
5028
6718
1023
2495
9656
4872
8318
4285
8017
3785
9568
1077
8297
2814
1196
8773
4527
1186
6589
646
4589
2871
255
6914
9290
888
333
4614
7919
9266
4911
4236
661
6955
9636
7866
2581
9769
7935
4968
5095
2234
6914
3166
134
5873
7891
9693
8305
1313
466
933
5006
1213
3094
2156
6463
4109
3204
8767
4539
3704
6366
8751
8873
5332
416
1342
3178
3330
6191
4757
3251
1621
5551
2355
5957
7089
6780
3417
2997
640
6308
6606
8800
3978
9229
9447
3860
7479
1402
8472
6565
9168
428
1390
5868
8163
4292
4802
5457
6549
6515
4974
5121
5708
7681
3384
5662
738
6199
9374
7328
9787
5769
3899
7395
9759
9950
4894
6102
968
7481
5698
1928
7718
8192
4082
1193
4160
6487
7793
2796
1977
7959
6448
4124
1333
1484
3091
6297
5844
3785
3121
1280
2027
1143
6777
3398
6529
3995
6108
8212
9397
8699
4488
9067
817
3046
7402
7516
3599
2191
1501
4251
8405
6578
5350
1827
9321
9774
6062
8274
6859
8597
257
7183
4360
4417
9900
6575
1415
684
4663
165
378
9580
3399
3278
3471
7380
3307
8286
4081
5575
2698
3652
2283
8870
2875
5449
5792
4949
4076
6754
7932
7833
1353
799
8441
7305
4707
6399
3146
827
6100
2914
7527
1336
3872
8824
3178
2072
8356
1941
6466
7775
4192
1283
5899
6605
4899
5490
1542
4450
782
6466
6607
7909
2232
2544
8227
2599
4836
6165
2673
6908
5140
3254
9474
9783
6124
947
4997
4050
2270
3720
6592
2135
287
157
3640
69
4900
1836
2406
9217
4857
8696
44
9634
6307
9618
9103
1327
597
579
7235
2191
9268
9558
2635
938
1809
6116
480
3951
492
7491
2179
7062
9873
4471
7622
2074
8903
8157
7698
3000
3759
3455
2051
6443
3209
9840
3475
6506
1844
3669
3453
1691
6484
4400
2867
728
7522
2702
8260
8783
1356
8454
8724
7365
6517
2982
9761
1835
1996
7028
2424
2439
2880
4235
8432
5812
7507
6191
7728
1968
2640
3973
2107
6823
4038
488
577
5472
1604
6893
4552
6201
9897
8914
1644
5304
4730
4685
9926
227
79
1640
4510
4815
1245
1013
8810
2249
5968
7055
3221
1331
4973
6291
6143
7382
6347
1901
3327
6029
2404
4288
231
5102
2476
6222
2542
3965
2590
3128
1081
2821
6264
7501
1889
1000
9463
7292
5578
3024
1677
8328
9504
4549
3672
3221
1227
3605
2771
4262
8957
2829
1358
3897
7822
5790
1408
9407
2339
5022
8471
4844
9658
2840
5973
399
5066
7471
4402
5143
7918
9054
6322
302
4351
4076
4784
5682
1430
9254
4995
8936
1194
8328
4170
8252
1463
2367
9679
6098
9592
56
4953
556
4553
6833
8669
6663
8575
3272
8155
3755
9203
7628
6343
9902
6506
1056
9546
3745
1006
5725
7976
3084
27
9534
3650
1330
8669
7721
8936
2699
7792
8303
5550
7861
4101
5766
5748
7518
5407
8120
7106
8158
1099
1239
9733
3566
1984
4268
1745
406
2821
5934
5092
3866
2080
1868
528
5018
3183
7338
7993
854
4336
5456
5963
899
2077
8482
5800
740
5307
2027
8337
2885
8618
9817
1984
8787
9800
84
9345
4401
5976
8529
9877
1857
3211
1684
5781
2233
5238
730
4335
8068
126
6252
3822
5643
5275
8834
1488
3502
8467
1005
5099
793
7597
2206
5247
2262
9883
1740
5218
3098
7993
3592
4878
5806
5578
4106
7687
393
2700
3567
5502
4577
7692
268
2758
2366
5995
6341
3512
966
8595
5843
5933
4970
3429
9084
4260
1005
6436
3519
2349
3497
5511
1236
75
6534
1373
8015
65
1169
1146
1095
802
4900
5502
522
3101
7328
9447
2881
6266
3542
8228
4251
4503
2149
7659
9907
2376
6493
9846
6682
3956
9180
1217
2005
9065
6456
192
6224
992
7979
6276
2342
9820
7500
5040
1032
9467
2907
5983
6931
1557
3555
7253
8807
5268
1260
6732
7926
8875
1466
5638
3571
1322
4463
7138
1621
3683
3497
1457
6644
7136
3222
1889
8286
7266
5885
4431
7003
7108
6626
439
9469
510
2915
5125
401
1927
2410
6736
7805
9723
2266
7349
9526
2341
2705
1019
5356
361
3419
7349
5969
1450
9338
9794
8334
1666
8966
1541
9382
6828
9729
817
2248
1026
6169
3060
8407
9337
6737
9693
1272
6761
3651
6921
4869
5873
2362
5945
4560
4865
9074
6641
3689
9276
4469
8019
1172
3120
6790
8735
2961
869
7354
977
9993
1449
5101
8499
6171
9644
2612
6018
3623
3725
6077
9208
7798
2416
4924
2461
9303
3021
6980
4516
7753
3087
7127
2971
6556
8149
1888
5287
2547
8002
6732
402
9407
2674
6928
3420
771
3863
9773
4916
2253
3055
3018
9963
3199
5261
220
8755
8195
4329
9431
9940
3889
2837
3223
6905
4321
2129
1942
8021
7755
7324
3471
5621
6992
5674
9801
5124
5488
1504
1689
5440
3247
2063
2262
4697
69
7164
9771
1295
7929
3133
7091
8218
8570
6792
6513
6569
9451
22
9099
8642
1920
1751
7160
4929
9584
7396
2970
7525
5459
5096
3266
6691
2639
3991
6692
1825
574
8525
6836
7157
2358
646
92
4622
233
5253
7051
200
9161
3231
5673
5466
2404
3047
3519
1496
4903
7333
5113
2673
4193
2246
5836
2833
9866
400
5578
4578
99
4687
5995
925
3186
1942
6284
1273
1659
2537
4696
4331
345
2770
8363
2228
9423
7800
4287
9592
472
5196
6921
3240
3412
4162
2963
111
4810
7259
4756
9832
9674
2472
100
4473
7236
4747
2279
461
6763
2245
9837
2365
2637
782
2327
1422
3882
3608
3409
2065
6113
5986
4106
4903
7765
2754
7512
9023
8978
6172
6463
4399
7781
4863
4656
7873
2669
3890
4991
4675
5521
3825
2829
8226
5359
4556
603
2630
1835
1540
6228
1202
3849
2691
3719
3688
8365
5197
6708
4482
7235
3256
1483
590
5782
5437
4584
7774
6125
4454
8753
9992
8616
8734
6544
2288
3157
5879
9543
3209
2150
4882
7188
7438
9944
5261
550
5090
1143
968
9507
7472
7181
509
7440
2265
2341
2238
2444
9922
9971
2828
6504
7380
2787
6235
2585
5115
6146
1431
530
2486
5653
3498
2331
2352
6067
4045
646
520
4887
9494
6630
5157
4947
1280
2810
8107
1294
4279
9946
918
3434
9621
3238
9322
8378
9807
4650
3708
2676
5434
8943
9711
437
7020
1818
3683
8177
5087
6197
8296
1592
1924
5034
477
6197
1346
2432
1506
3425
4477
3820
1867
1485
9611
9051
6032
260
3009
3974
6260
9394
6938
7844
9452
550
6919
4720
7927
9462
9127
9929
6206
8082
1649
9326
1510
4586
2761
3124
7031
7375
3144
283
8198
1614
7075
8226
825
7969
5786
3423
5168
1112
9937
8902
4654
4079
5582
9926
9278
6626
4505
2044
4297
4548
7614
3785
9836
285
7540
1445
7499
9884
6943
8884
6250
6654
9646
7838
3475
8692
3894
9957
3675
5703
4760
5093
8145
2746
4672
7431
9003
2834
3845
405
2869
1099
5985
3649
3999
3289
8390
540
428
4340
5924
5284
4169
1052
2651
7999
4433
7744
6450
586
2731
4547
8368
8594
9787
2520
5640
7089
5612
109
2441
4664
6039
6537
6015
5150
669
5996
3838
185
302
3354
9529
9335
9779
9476
923
7092
94
6672
2997
1259
6383
3259
7674
8321
2731
7391
3862
1478
7648
1300
4927
319
1898
1260
9245
7632
5037
7501
7329
8436
3905
6265
283
9376
5018
9033
8814
311
1596
8548
6994
8940
7111
1182
8280
2779
8863
7693
2418
3278
2134
2359
2536
9001
8427
9209
7436
8519
231
3291
2055
2593
9343
4561
7353
118
2975
8297
3302
3698
8576
3550
9882
9100
4306
5987
3207
716
2979
6465
8768
7343
5082
4051
6302
1546
3728
1282
949
5809
1596
295
80
8305
6492
4400
9596
2550
3828
8161
9804
565
4390
8720
4702
8583
2477
3436
4694
2440
6002
6719
5539
3766
4523
4711
7510
5291
8258
5807
6390
1693
7348
7493
2101
8280
3470
1576
2608
9905
6390
657
6887
4818
6660
8203
2953
6362
9349
7719
9068
292
6587
8508
9806
4877
4756
6313
3781
1780
6890
4305
4291
8021
1771
8110
3216
6896
6618
6421
5112
900
827
4788
6049
5345
9831
721
7105
6320
1758
1147
5942
539
6738
6098
5105
8839
7687
7224
3524
7156
7795
827
3015
2085
6365
8866
3047
8549
4986
6056
9744
2927
2606
8167
9464
1798
2459
4461
5045
4035
9208
7461
22
5742
8362
3752
1282
5672
3005
4377
9209
9393
2897
7956
3105
0
1773
3964
8979
965
7673
8555
1334
5701
1403
3015
7933
8570
6634
3307
6380
3225
2179
9488
7948
333
805
7273
3722
2612
7583
7374
5544
609
6847
351
29
4650
5062
9463
25
8494
5481
4079
6361
653
6127
4320
4339
5347
5819
2712
9038
9697
7996
5984
7214
3409
8
2772
9195
4499
241
6367
3382
299
3010
724
8854
1052
2985
3283
3508
7170
3281
7885
7743
8100
3127
7294
4205
6484
2934
8375
6793
4870
8336
5846
2612
863
3136
6620
4642
2290
268
5525
8253
9114
696
6062
7642
5402
5466
3286
2362
2535
9203
1867
6415
110
8240
9114
281
2713
8566
2710
1565
1866
9573
8512
1963
7163
8112
7991
7915
6364
8641
1218
6901
7756
9632
8628
7403
7065
9651
8803
1018
9647
6013
4257
5666
6468
9430
2501
2622
4022
6338
1928
3723
7558
3959
6386
9541
2184
4098
479
7290
7475
5371
5997
3894
7985
4966
8659
478
9612
1710
3216
3061
9763
1692
1917
5853
5315
2845
5494
7732
5610
5368
3892
25
6712
7494
9343
3796
3245
9086
5219
2966
9172
1513
3542
4275
15
363
7681
1502
771
2023
3009
2312
3122
8866
3960
5865
2042
533
4226
9339
8604
2746
1679
2106
1479
5971
7181
491
5622
4862
7233
526
6491
250
3889
8250
8149
7642
5837
4951
5164
3992
6961
3587
2359
1580
6903
7845
3533
3477
1754
2711
4860
5879
4362
6426
9833
1435
2796
4044
3181
7189
5879
5908
4789
2483
5820
2872
4977
5710
7715
4399
4696
9274
4174
4611
5785
8091
9747
9899
9068
9336
6958
2145
3108
4521
5665
611
5887
7462
8416
6713
4845
1792
1770
7974
8113
1052
8797
9875
5759
4031
2867
7822
5761
7354
8015
5585
1705
9750
641
1742
1688
2897
4976
3845
230
3734
2800
268
6817
5209
6984
7514
7294
1001
9554
2903
7504
6199
6498
4732
9293
9871
4140
5037
6468
9135
6383
5753
6506
80
8906
6137
6821
6674
5025
1948
6816
7924
7744
4379
8251
8529
3057
550
7046
5352
528
4759
7800
5111
8081
5505
3252
5908
2448
1816
8757
9939
7377
1095
7350
7046
3761
6737
6302
847
693
620
5976
7606
6087
9579
8455
2119
6480
764
6813
3589
7990
1115
8607
1623
7953
1395
1998
3401
2884
913
4225
3208
3191
6877
547
6648
7028
1205
4767
6320
4247
6199
4659
9908
8783
193
9024
8501
7049
1133
9427
1684
5002
5167
1948
6262
2487
5727
9093
2366
4738
2901
7962
9779
6394
2767
4415
9209
9032
1806
5090
5275
5996
493
9342
1791
6455
8699
2839
7759
2370
3497
6352
1751
1485
2540
8206
8023
4928
4285
4161
1300
2111
2400
1581
1346
8236
4879
3513
6016
5778
9814
9469
5242
6042
4151
5688
4509
5825
157
9806
3787
2887
1333
9996
1241
6548
6211
8294
3853
4561
6391
4280
4746
7645
3789
3164
3595
8911
7995
3554
1575
5186
6823
1980
2555
4027
1110
5708
7333
6852
3697
2198
4771
4478
373
8413
777
2404
340
4797
2024
6585
9659
1455
9387
5534
4722
7596
2252
987
2092
5597
7829
6602
8231
8601
6063
9353
7440
7214
5438
503
960
7001
864
4192
9509
268
7271
5376
2386
1191
8571
3197
1529
4989
5526
5368
2593
7021
9304
3513
3455
6346
4760
8099
4369
8168
6247
1771
2349
1424
4964
3126
9359
1521
5625
2658
590
5194
6024
4454
325
6875
8601
900
7026
4631
5072
3241
3074
695
6760
418
7909
1925
7047
4614
2240
2764
9823
1340
4020
5499
3027
961
6227
5444
3838
8
9363
2868
4777
7398
996
4850
3188
6579
7744
3859
1072
9737
3095
3005
8697
1654
4664
4545
5217
7434
4474
1011
417
7826
5371
4684
433
4825
3848
7639
4673
1581
792
5064
3877
205
5917
9361
9421
3059
8736
467
6869
8381
1692
85
8244
1015
6802
1373
6297
1681
227
6404
5533
8352
2451
6951
2026
6312
4416
8362
2731
105
9185
9490
8945
8031
9128
8491
5736
5302
5124
2157
8697
4007
4142
2035
6133
5286
6439
9418
8022
2475
1341
2992
1354
4388
9531
5525
7754
8965
7335
3109
8642
373
7736
6763
9195
2201
1140
213
1887
8311
5636
995
6557
8069
7706
1526
4210
415
817
6740
9872
4998
340
255
8763
6193
8136
4556
8500
3602
736
6770
7967
2014
3515
8323
6271
7378
2840
3932
4145
6226
7531
9711
6839
346
6435
3284
6682
8004
1315
7338
8148
594
3236
3644
33
7480
8000
3001
4065
6584
1713
8284
7574
8865
3028
4542
4554
9382
5255
6831
7575
6885
2595
3645
7466
628
3416
8417
9758
4852
7873
495
2287
3398
8622
7372
8777
9870
8289
8790
9377
9838
9867
7561
4513
9246
2136
7973
7318
1892
8729
7299
2749
4483
9763
1262
7999
9591
6177
9405
4064
9582
3243
9213
8710
1217
5997
4176
242
5655
5764
4684
1093
6464
7453
7736
7018
5033
9132
8220
8491
5442
1099
7865
6122
573
7746
7804
3635
7360
9373
9186
3692
8884
4726
9795
6595
653
8850
3295
3249
7960
7730
1662
6128
4045
6206
6284
7029
2026
4243
2965
458
7957
913
8621
8483
5377
3090
8136
3471
8192
540
2882
6281
6577
991
2208
1738
7658
1140
6364
6183
5836
4970
531
7712
9436
1737
2077
4367
1461
774
1608
3116
6407
8727
5735
7971
6105
1311
1218
7563
713
9824
5056
7419
4848
5380
9550
3054
3998
4545
9370
885
7879
6782
4622
2987
381
909
9046
3639
1013
3769
2009
7417
8932
9766
9873
7849
5255
4236
5633
6347
9922
8801
5469
6011
9913
3111
2863
4055
2187
9023
369
6916
1404
722
5236
9625
4105
2748
7590
5195
2264
7578
6549
6944
7815
7638
8487
5081
5506
1700
7798
9761
8912
3023
963
9078
1313
8611
3073
7270
8045
4990
1451
1990
3400
5093
6013
8209
4529
248
3744
2507
6646
437
4082
2343
2251
8524
8196
2274
4624
7782
8549
487
1225
607
8003
8381
9758
6158
8312
5494
9674
319
7150
7274
6127
4559
3544
2722
1625
277
552
5258
7955
5290
3115
8474
8941
8620
6826
2788
414
799
2645
263
6441
964
765
2792
7089
7632
8451
8370
1936
8250
2833
6326
3287
6808
6216
7691
4980
5474
649
4346
7229
3290
2531
5934
7492
9528
9439
1138
9331
5523
5079
8874
7673
6887
832
5162
3794
751
5632
3992
1826
2182
3322
9704
2456
6788
5187
2132
2404
9135
7807
4940
150
8299
3033
3151
8432
4830
5300
7560
8192
7312
9038
6412
3171
3958
8652
6399
5976
1053
3897
4229
9841
6656
2520
5047
9968
2826
3478
703
4340
7307
8734
196
7716
138
8724
9374
3853
7680
6729
8963
5450
8071
5800
4513
3143
6910
6533
8497
8135
8787
6156
1350
5237
3577
5098
3494
5778
7986
3183
5605
1351
4596
3219
885
8577
8841
8695
3032
5234
9277
2546
8295
4323
4933
8778
1770
856
8006
1903
3058
6293
4981
2567
5552
1150
7384
4959
4138
5040
5230
3596
5866
4497
1124
7611
853
4851
4914
5935
4302
8214
3501
3263
8858
6241
7861
7026
303
4798
3328
2638
7771
6083
124
9312
6370
2029
7667
9735
1193
3882
4557
7991
3
5681
6680
3797
3199
7321
7924
6919
5941
2070
7601
4843
2791
1717
3709
9311
3288
357
4655
9339
1712
2592
5824
9782
4372
1811
1241
8824
7184
5179
4742
419
3657
5509
3259
3176
9561
4064
3826
2982
6874
6409
6696
5701
8482
5280
6521
4653
8319
8355
6447
836
9226
5217
6279
7410
9857
6897
9424
1388
6080
9099
9734
762
7328
7181
1186
7281
8457
532
9750
9224
6530
1673
2465
5303
5896
123
1300
9091
5290
6587
505
8829
8732
3906
1192
8439
9230
5848
3319
2663
4639
2438
6901
7774
6674
5934
8372
1300
4094
9239
6195
7786
8604
7222
4305
7553
2751
976
1514
9733
5596
332
6097
9492
8594
905
2030
3422
5988
2747
8051
2609
7213
7086
4584
4092
4771
4691
8628
9961
1750
0
4997
6051
392
2718
224
1509
9600
3639
5687
8254
4333
3585
7067
4306
6341
7408
9179
5769
3904
4950
5311
1346
1188
3586
573
1518
2638
213
2781
8060
2347
1553
7983
5596
5335
46
9100
5875
681
521
3821
2349
7059
9797
8275
3627
19
277
7751
7363
5512
2859
6057
6800
4688
3651
4862
6806
2144
8706
8870
9387
857
7627
5906
2780
5602
1471
8971
6294
8308
3303
5087
3382
1128
2962
4286
1390
5310
6946
1498
2360
2462
5418
2548
9488
5495
1183
907
1683
5183
2293
3730
1975
1650
4434
1492
9432
3890
5494
8024
8547
1305
1456
9054
2208
7771
2674
5671
1725
9364
3471
1495
5198
7207
6509
6925
5438
5078
6417
7285
4419
563
7287
1110
6014
9572
3112
1732
6693
1470
4853
7499
9816
8921
2950
1055
1005
6363
340
1716
2820
5511
9181
2319
1711
798
8532
4768
5140
7509
6053
4353
7473
8209
3605
7984
4018
345
3039
2635
4659
942
8978
255
4510
5972
1678
6276
4256
5454
5919
9074
4738
4701
4464
8908
1381
4968
9399
5216
1040
8344
6591
9184
5416
499
26
1607
5316
4966
7037
659
3323
7704
7057
1878
6533
8926
7808
5739
9119
2256
512
9686
1589
6978
9615
2771
3744
4697
6603
9049
946
7823
1595
6314
4350
9793
4838
4010
5945
71
959
9289
8417
5259
5750
7034
7643
2585
2375
2455
7159
3659
6097
8784
7832
6905
7594
8438
884
7254
7862
619
8363
7987
9713
5500
6109
742
7528
6739
4087
3797
9794
9047
1296
1222
1268
6330
1227
2580
5128
1159
2321
4147
1889
7287
1726
2810
8482
7445
2199
6400
3125
8690
2209
340
926
430
5546
250
924
6900
5057
5635
8367
3361
3865
7049
7488
6610
5636
1264
7210
8304
2126
6703
8297
4215
6097
2426
3773
3298
2260
82
4540
7686
672
1104
6838
955
295
838
783
977
1655
8227
6101
6685
5780
8527
3421
4676
5322
1871
1808
935
9190
4821
6563
5506
2042
6711
4332
3120
6476
7626
4639
4974
1095
681
2689
2760
211
6532
6314
4798
480
6232
6648
3899
602
1612
8435
7569
9004
9097
7975
388
8274
3604
8495
5850
4540
1332
8913
3584
6506
7663
4501
4029
3587
1126
5589
5098
5838
661
4465
8790
5557
7009
455
2957
8173
2663
4903
430
8275
6762
4116
7379
9650
4251
6699
7491
2185
6838
8219
8879
7618
2729
8291
2816
1731
2619
311
9475
6022
3336
1731
8342
4631
9185
4830
1265
3149
5538
7677
1876
6428
8483
5309
9744
3547
7121
4378
9336
4426
8098
2913
8999
2441
5585
1171
2828
8717
7638
1226
5554
2352
5428
4408
4939
5030
5773
2747
464
9420
5434
4341
6647
9161
6342
2451
9135
7420
8547
9268
4609
8240
975
5049
7923
422
2732
5901
9046
8014
2002
2547
5511
4311
2123
9524
1000
4074
369
4713
7774
4374
3914
9916
8991
3757
6266
9837
6098
3134
2035
5408
170
8369
6616
7314
1376
378
6484
4516
2298
9871
3701
2450
7417
2887
8830
2335
7038
6818
1450
5060
7050
3834
1494
235
4325
1058
6057
4165
4156
2894
9803
5911
5978
6593
2376
7141
7695
4809
8147
621
7589
5852
2415
7903
673
1463
2498
6103
4927
3930
2799
9280
1683
6975
8358
6336
6875
6381
2988
318
4320
2319
360
9403
68
7789
6472
823
511
1689
4640
2229
8670
829
7470
1197
1418
3591
9561
2862
8559
9954
9238
226
95
523
4227
9002
8235
6040
265
1314
1820
7829
6301
5270
5492
3011
7834
2883
4990
1674
5592
3238
9290
570
609
854
9504
7160
4917
3284
6819
125
1758
4366
3080
134
9308
9545
3561
7469
2588
4470
1423
3325
408
840
4528
2199
5704
8407
5756
6677
7871
6885
4362
6000
935
9524
9913
3373
9498
1075
1122
6980
4494
1694
6071
1934
2190
5358
3702
8289
9322
7521
9086
1121
1814
5964
161
9768
6326
7304
1455
6510
7528
141
2254
4873
3
7080
9198
9784
9631
188
7971
1512
3347
4443
8831
8713
4769
2593
9
345
4704
7466
7355
350
7798
3240
4185
4970
9362
144
7046
2193
9619
4612
9451
4352
9440
1198
1931
5110
6160
3918
8658
9133
9549
7573
7773
7371
7133
1448
4999
3733
7295
1109
1806
62
2786
1904
7074
6763
2894
4227
421
9487
3141
5777
1893
8735
4991
4478
9273
3571
662
4899
4185
785
8807
8222
800
224
5466
6814
7836
7914
5145
3313
4898
8509
2806
9389
1566
7535
4123
5167
2215
1932
3497
9170
5991
3771
5680
9038
2379
2655
2175
1428
3071
2395
6923
1020
1254
4563
1103
6850
1296
6079
6391
2507
4342
9828
879
3383
5928
5602
2911
1737
9447
5494
2683
2253
7288
9636
2230
7028
4544
6427
4434
5181
5739
3716
242
2502
1585
1786
8134
7002
6432
7273
3870
6136
5541
990
4828
6163
2892
2296
3110
6777
9744
437
1980
7576
9712
4670
3732
1617
2333
4074
2305
4868
1644
1209
6768
625
9585
8377
1797
4142
7467
5908
5305
2174
1623
6547
6712
6297
4808
6067
4136
2247
3317
7657
5437
5301
1736
2666
2790
6915
8053
6516
4669
2357
4967
9001
4491
4331
4222
4203
6577
4514
498
8967
9309
3835
5132
9805
5952
3165
7957
7434
6809
6265
9937
57
1551
3987
5772
1466
8888
6919
5586
4882
6088
951
1239
2948
7207
2621
2055
2381
2075
604
9489
9621
1749
4349
8347
1601
169
1931
6713
9624
8957
619
9706
8404
2419
4909
7450
504
8558
2755
5314
9658
8927
5616
2878
8358
2596
2184
2597
3330
1109
5576
5358
6204
6775
316
8308
7201
5639
4171
1297
6956
206
5962
5924
5469
1244
2834
528
2298
5171
1550
3823
9320
5290
9831
694
6133
1470
9989
9005
7985
9333
3382
8514
3381
5260
3501
1628
2103
6600
249
4865
4386
1457
8357
9452
2965
9691
7409
7113
9761
1655
299
8159
9559
1752
6038
914
6943
9622
2175
5730
5650
5166
3312
7623
6823
7447
2543
208
7742
1205
8425
5697
4921
6685
9436
7862
6932
379
7728
6442
4061
2876
9243
6330
9034
5222
8955
1628
9222
2587
4685
2481
4425
4519
9215
9220
8145
734
2628
5518
7147
7200
9370
8555
3229
4602
3237
2874
2316
8175
3982
6564
1893
5733
1668
2773
5922
6982
8588
1601
8491
915
986
5155
6520
5944
1271
402
7470
215
9716
6197
7751
2209
9294
6860
3505
687
3100
4432
1984
6081
9312
1046
8604
8120
587
8692
2850
6441
3298
1163
2146
1027
7027
6232
6214
4214
2034
7284
3330
2835
5403
2100
8459
7785
8812
9684
6439
4808
9268
5234
3881
4156
9616
2410
1602
9939
6551
8399
5357
2579
7552
1029
6917
8553
4051
6724
5181
3061
645
9291
8653
5816
1101
9149
677
7211
2587
819
9308
902
2253
8041
7173
8063
7281
7989
1410
4617
4629
6274
7662
3634
1927
750
5282
4374
5182
9905
3733
2088
4502
3377
4162
9976
6581
8065
3054
466
1732
4390
7352
5732
9091
4454
326
9510
3855
8853
1271
6061
5313
564
8431
4371
1628
5018
3888
351
3866
6302
2029
2681
7085
7219
6399
8875
3879
7196
1482
9216
4934
943
2884
239
8922
1930
4542
7472
424
5772
518
6328
8634
7672
6775
3938
4946
9791
8348
1563
4176
2703
6600
5429
2361
4670
8647
1872
8055
1451
5630
6659
7371
2054
1127
4369
7679
8192
5448
9697
475
6416
9927
8093
5784
5700
4047
9413
443
2461
3929
4088
8847
9919
5040
2230
4343
7455
7877
4251
3283
2670
9417
8972
141
3858
8957
6579
6544
2406
6258
6753
4342
8650
1087
7759
2776
8506
9645
6660
623
9234
1428
5593
7521
1542
7812
7452
7014
8896
25
224
314
1197
6414
7804
6999
954
7952
1925
6743
7467
2868
8037
6203
7176
9745
197
8831
7280
9454
5837
7809
1216
3627
4049
1241
3823
1451
8599
6046
1505
9565
7648
2380
6033
6438
3145
2235
3282
760
1822
554
7720
9917
3156
6365
3391
9390
345
1796
7614
8620
9734
9441
4188
2414
9098
7569
2365
6563
3175
9502
9352
5878
5238
7902
5219
5657
169
737
6600
7961
5548
6519
7632
5282
89
1299
471
7683
7850
4433
1106
6803
8432
2884
9830
8206
8191
3619
7340
5576
9870
6719
7585
2319
1201
1842
4678
