9589
6689
7970
2438
9931
763
2910
3332
6851
5908
4004
6758
9463
9560
6507
8882
6254
5139
1514
2224
5686
9969
8767
7322
2102
9570
7379
9064
2408
7423
9441
1147
5764
5384
523
6395
6068
8102
1060
5108
7876
3889
9302
4293
5130
6421
4364
1868
7878
2982
9154
1071
225
1646
36
9620
7922
648
335
361
3383
3845
923
9428
6467
2856
993
4078
9036
111
2813
8151
4078
6405
4347
1796
666
4473
2191
5681
5205
5511
1186
9425
8268
8370
922
4118
5347
903
8473
5420
7767
698
1725
4030
2965
9874
7826
2273
5427
286
2831
7766
169
1003
6992
3819
7298
8240
8953
3448
8456
4654
5156
7872
2659
1497
1159
8096
1934
6875
8731
8133
1638
7393
384
3379
4680
317
8830
792
6647
9918
254
4919
2679
3419
9256
7265
1377
7102
6819
7107
1949
5025
6963
3113
5542
3852
1370
1467
8715
9730
338
8551
1555
4698
6128
2775
618
3612
9139
6981
9409
8161
6801
8538
4399
237
5193
9240
2241
3893
6718
4832
56
1623
6183
6613
429
7271
7837
827
8946
7362
2076
6917
9579
1702
3364
7980
7291
6480
6647
7765
7962
9838
7697
3788
8223
8424
8713
5305
8659
2130
9226
4821
3011
5505
8495
9931
8515
9515
2346
3347
5775
8312
8034
2046
6084
9884
8959
2697
6872
7212
1949
5760
7246
8953
6870
217
3926
2395
8389
2004
8558
2531
2167
6816
8136
7254
3905
4073
3207
3432
9464
7775
4134
3299
1989
9649
1803
5650
7703
8339
9465
6015
8432
1446
180
3466
7575
4057
8635
8277
6005
6120
1125
341
4788
3244
6144
1217
3910
8830
5978
4885
9490
3440
7747
4173
1625
3946
6964
7220
8414
8275
4692
50
2539
2542
4099
720
6635
4669
9678
9847
5438
4929
7427
3344
6650
3793
8511
8745
3504
586
1740
8873
2360
4580
6525
4992
3699
6007
1840
3629
7093
1414
9863
7729
1428
1075
7802
2246
9145
5424
4581
9240
9151
6130
9447
4560
6012
4402
7522
7832
5435
8219
3715
7827
6535
5818
7689
7959
6016
9106
7021
628
2829
6049
2754
4023
5065
9697
1916
5575
5990
6264
9599
8080
6004
2499
9722
6230
5132
1964
8979
9296
8485
4008
8194
8874
7698
2035
1194
5609
3385
9843
6229
38
8402
3953
6411
3101
3376
5423
9494
6314
2486
1947
1842
9170
8619
5634
1823
4035
6096
1459
2826
4051
127
7725
2142
8821
7855
3880
6324
3030
8503
6307
2189
6147
35
9561
9678
2050
6087
6620
2854
9709
2470
2664
6809
6537
2165
9023
254
2064
212
7158
9512
1926
7016
2177
9911
676
1810
7590
5246
9495
9098
6464
7811
6178
9757
5694
9135
9057
5956
9772
7948
9476
8605
3117
1581
7462
915
5605
6655
8831
3625
4260
2817
1344
6794
263
9130
7857
9650
9001
240
8496
1373
3358
610
6005
4853
631
6780
6471
9888
1196
6107
440
9210
36
3320
3899
595
2449
9761
6205
935
6415
5869
4838
3647
6466
9383
9493
6564
1278
9407
6955
9532
9451
8102
5246
2507
5576
2608
284
8824
183
8943
2429
8153
2376
2134
6758
6942
5230
7261
7201
9240
4034
7561
4958
7488
5772
2358
8387
1247
7286
9906
8610
1789
9152
908
9759
1933
8074
1392
5019
9840
9476
7380
751
7472
3440
6684
1270
4332
2625
2551
1333
4016
2206
7715
5497
1889
3143
7758
6735
3217
4221
9037
1538
276
332
639
9000
1467
2374
4824
8868
3838
2241
7360
9763
6653
6809
7486
4048
9087
1087
4054
8622
4735
8573
4593
9582
1437
5411
7869
8790
315
4656
1801
5619
439
5842
475
7139
2800
7683
9802
1957
7800
3682
7494
1774
4845
7951
8843
5080
5656
3710
7648
2130
166
414
6803
1703
5739
1056
7563
6056
4505
6034
8552
9181
439
1741
9323
810
6334
347
1247
1403
1284
2096
821
1052
1078
2818
4737
3485
6567
2788
3133
6605
7008
9671
5452
24
9039
8771
1399
1744
120
3746
7452
1765
5130
8312
1335
3104
8628
8033
8746
5309
2463
6244
846
8070
9593
5750
624
2920
6319
4078
9489
1716
2901
1947
2172
768
6288
9299
1770
7562
8947
9502
1283
7538
4644
9056
5921
2765
1483
1632
4857
8534
4042
7823
4142
763
8825
7382
431
3288
8147
8479
5424
6041
4256
5735
8864
3183
6140
566
6816
9328
6262
1183
6361
2960
4961
3307
3426
536
9828
7858
1436
4687
9221
955
7674
5077
7804
1408
1943
8906
8867
8481
9415
468
4078
5241
3281
8908
191
2738
6625
917
4816
5528
2271
2858
1462
1182
5802
5517
3956
9894
3460
288
7042
736
6819
3301
8061
3787
5378
4731
8623
7909
461
7780
1768
5892
8881
9720
26
4517
345
7090
1233
519
9871
3693
8683
4816
3614
6622
5606
6426
4950
8973
5021
9126
3426
3341
8421
9980
847
6404
7360
1894
2294
6906
5066
4491
1089
5569
2300
6081
5490
9438
9549
6369
9055
6522
865
3126
4617
3244
172
8756
9124
2196
2958
1488
2758
2641
2466
5539
1298
46
3670
3941
9729
9338
8225
2964
8626
4192
3726
8045
4321
9525
935
5512
9423
8652
71
6903
2476
5294
5362
7602
6231
8604
2770
97
3948
3578
1732
8448
3102
6761
4783
5444
5768
5608
6639
9716
8297
7901
4500
424
9518
2127
4434
9599
1261
7446
2064
4106
2570
5563
3063
6003
4683
6068
7709
1125
6568
8128
9016
5047
2460
5278
4942
7560
4741
5490
9744
3815
2012
354
8605
4575
794
4937
8083
4104
4169
3171
8835
6502
1514
7625
5878
7539
3697
8779
761
9700
7898
5514
3148
169
8885
9452
7964
4239
7185
6873
4857
5771
7702
8248
2094
2215
6957
8487
5208
9745
7984
3604
6955
3396
9292
2514
3533
4834
9400
7402
3862
5962
4728
44
5917
6497
7205
8436
5690
1342
6973
3843
6919
7296
8314
3063
8799
3265
5531
3662
581
5209
3570
1016
1715
4293
8558
9751
876
6370
5918
3130
4839
9782
3010
8895
1042
7658
2331
5596
5009
8521
2797
3866
2772
4140
6685
9659
5082
6228
3714
268
9303
5737
6821
8652
2391
3712
8328
1623
7939
7453
7559
9319
5423
3842
9004
7136
4285
9418
2021
1141
934
9934
8653
2059
2412
9704
8243
7575
7607
8899
4669
4648
2656
5650
3827
9101
2961
4358
6503
7330
9329
708
7657
7555
962
3478
8443
8929
5135
9549
5374
5663
4207
2572
9333
9368
7084
4761
6240
2686
5469
752
4015
9040
2784
2910
6662
9772
15
9902
4174
9927
2915
4690
1812
226
2276
1097
1097
8934
1261
9313
2439
8058
3524
9005
440
84
6316
4458
2017
8199
8117
3816
1861
8576
6692
8617
4770
8051
6815
8670
8913
5233
5374
5447
2748
9516
760
9107
7092
5986
3664
7306
1425
6155
8313
5956
5515
3779
2470
6578
3455
5557
7885
5975
1809
9098
2829
3235
3533
3658
6326
3045
2118
2591
399
7206
2684
8077
6256
924
9324
7209
7365
6030
4535
810
2391
5705
263
735
3102
990
5581
237
5214
3356
7348
9399
3637
3650
6686
7524
5573
3433
9660
618
5187
8834
5755
1107
3272
7437
7523
1545
7253
6246
8191
1854
1439
998
6706
7123
2972
2797
556
5335
7464
1881
7376
7043
9858
3284
4440
2605
4237
1799
1635
3932
6370
3917
5622
3556
9950
9156
7463
5664
3467
4035
2983
8967
5165
5493
7960
2638
6943
9563
4552
2776
2877
4324
3154
3306
1457
8711
1248
9987
2997
4917
7308
5454
4611
4258
5484
7521
5375
3150
7172
3815
5334
4891
1868
3428
8897
8409
1878
4364
5324
1801
5662
4674
7247
8859
1055
2046
763
2316
2099
1238
7907
7475
2667
8550
6726
7529
4356
906
9
438
7262
3793
2390
736
7441
7985
2455
9725
4409
3048
6833
6884
4663
1195
9255
2634
8206
5752
3203
3437
6758
3059
1050
5933
5908
7858
2224
3318
6702
1368
4053
972
4355
4886
4539
1868
2283
6510
1417
3069
9590
1038
7906
9051
4405
1023
2812
1471
9294
4092
9322
8604
7702
6571
3679
4202
2742
6456
4828
9582
5761
9137
3023
3041
8995
5861
2529
9776
6656
7386
350
1696
4334
133
3847
5720
5153
1999
1528
4885
5046
752
4023
2609
2045
5448
3269
7783
1206
336
9126
5827
1681
1834
7308
452
8015
4865
56
8544
8493
3035
4815
1908
3741
7626
4269
7568
2723
7959
9049
742
4927
9943
4536
5009
5114
413
996
3546
2591
4745
8569
6319
8259
4522
14
2500
2825
3394
7705
288
1943
2984
6391
2011
5936
2114
8867
4418
1179
5700
5059
3247
1287
8383
900
1738
7298
2299
5338
7601
3869
6509
5952
3747
4465
8496
3648
9219
7612
1768
4743
9329
254
8761
8799
1943
3551
2524
9072
2999
1545
6577
2366
6891
9685
5322
5031
9876
3622
8275
5202
526
8055
103
6418
5433
7032
2643
7545
7440
8465
9648
6806
9410
957
5730
2993
2526
9583
8956
8186
4773
3227
2338
6056
7292
4142
9060
4062
9143
3464
3772
5596
9336
6566
4217
1273
151
2342
3365
4910
908
4978
1631
4534
1897
9770
2956
5934
3955
2328
2504
292
4665
88
429
7299
5716
4046
9126
1290
7971
8581
8402
3976
4693
4051
7470
2844
6739
4456
2842
184
6218
4046
7278
9794
1595
7804
4159
7522
1186
3126
106
6815
959
3479
931
9247
6136
6918
5556
6104
3215
2074
6939
2326
6576
7654
9841
7845
2299
111
9194
9498
9485
2320
4074
619
2810
634
5703
7912
9887
1604
104
4845
8474
1587
3017
1213
3120
8223
6707
9821
8900
6738
6969
4143
7107
4951
3217
3940
7963
6314
5222
1074
3932
607
7329
8639
9405
311
6437
5502
1214
7644
6217
1610
1970
2094
3851
4989
4637
8627
4724
4076
3404
9372
598
2747
5351
9930
3512
7858
7416
1762
9948
3573
6382
9029
912
7866
4258
4378
1807
2808
1786
1205
8606
1255
521
5358
2173
5013
1100
8228
9303
9335
1589
1146
7670
4560
9
4581
3287
9474
6799
8578
8085
9452
7696
2644
5228
2940
1181
5985
731
259
6820
1915
2290
2198
765
9343
2226
9992
7757
8499
6758
9188
2459
612
1983
5235
1359
6352
7857
9676
1090
2332
6008
3207
3120
9154
3559
7877
129
9232
3831
5115
7497
9043
2515
9673
8856
5471
3794
666
2354
3295
1717
8300
1820
8897
6993
7083
660
9993
1580
4828
8127
1054
9169
4487
5906
9082
9078
1610
5783
4349
9863
8524
4667
1643
1690
3415
8097
2309
6379
5888
2558
7190
7321
7795
614
7708
1386
4222
2161
6475
7216
136
7652
9002
6987
6442
9874
8027
3766
9773
6392
2183
4882
8005
3431
3193
3633
177
7206
3577
8986
8350
3613
5692
2270
936
3732
1374
3872
8198
7696
4855
9449
9307
7133
9726
872
5664
4655
5248
3541
69
8543
6605
9495
374
2308
9316
4363
7421
4075
1208
7016
8583
7489
8865
6522
1959
6732
6050
2709
8499
4154
5567
2077
1536
2733
5574
871
3705
2321
7968
5521
1957
36
8916
9807
7007
6196
1896
8628
4415
7011
6451
4123
6487
7838
866
1817
8267
3203
8912
8932
8605
2538
5042
5915
2975
4528
7958
7640
6733
8444
658
5100
6106
5687
5059
8547
8573
9058
9514
5763
4835
7422
8293
1488
7703
1444
5589
3697
1867
3757
2604
501
3408
9036
6916
9419
4994
3000
6832
2478
8237
4255
1895
5970
6353
1350
8017
800
2779
2319
3244
9209
3689
3149
4096
1182
4244
3553
8211
1531
8939
4260
5773
2976
5840
156
1691
7070
8770
5639
3553
5572
2225
7036
7525
579
5526
2323
5135
6352
3426
4789
917
9548
512
3394
6812
259
4939
5733
5174
1440
4788
5301
3539
3976
8482
8919
130
6196
9659
946
2029
7140
8765
7671
6983
6652
5624
3516
5656
1921
8418
1859
8104
4150
3343
6224
2463
2445
3344
1431
2131
3036
465
2112
783
6924
3496
3548
2097
6607
2192
8938
6693
2479
2759
3777
782
2841
6411
159
4635
1422
77
3253
3021
2929
7197
9389
633
2257
6456
7684
2851
8227
8815
8993
6675
6653
6887
58
3156
2076
1419
9049
9728
9479
5166
5624
1390
9565
5442
9622
6034
3185
6796
708
2959
7212
9090
7854
9727
4107
2914
9839
151
4508
6087
8465
3664
3765
7102
4129
5953
6352
7003
2559
2
1028
3524
3542
7763
1573
7998
1068
6815
6833
1649
9665
1430
8106
6034
9462
7562
9033
331
9049
9161
1579
8898
5220
3392
6700
1959
7624
2462
1312
3668
9682
6182
4237
706
1930
3687
5548
91
8154
6108
1845
3024
3317
2858
6421
7035
5557
7731
7639
6567
6920
6020
7954
3397
8422
2129
8303
149
1062
9613
374
8605
5502
3164
1967
3483
7193
7400
4103
5775
2013
8941
2177
2940
7316
8555
5580
2362
6970
9665
6402
9893
4823
4745
6748
3661
8228
839
2283
9801
5384
5399
9028
8541
5734
3240
7521
152
890
2938
9841
8156
3628
1864
4553
7978
3843
5013
6081
9867
6549
5941
3179
1397
3210
480
3782
757
6416
8306
5254
6354
5117
4302
390
6614
9913
3636
7206
4075
1034
5428
1471
4031
9824
8246
6265
2958
191
8770
9817
3215
4757
2415
3251
9442
2219
7630
5330
5253
9457
6764
3735
2583
7683
3486
3038
9325
1473
7939
8064
207
7806
2005
8833
1120
4469
9147
1573
4964
4215
823
565
7646
8488
2039
1596
2701
1050
948
4394
2282
8305
1953
4618
4269
1692
8887
6348
6337
5207
6939
1484
2251
705
9610
5408
2752
3582
2131
4973
3072
6057
366
1037
8633
6199
6089
4095
5644
1890
337
8275
525
3545
5782
1901
5853
7387
4563
9428
5581
2799
5235
9756
7276
9338
8313
6941
8877
6631
8844
9119
8919
5974
1321
6225
7939
915
5984
8070
5603
4792
703
4447
4870
8664
959
8706
4922
7709
9554
5364
9018
2703
9391
273
821
610
3760
9294
7885
9148
5217
9012
3045
1218
9356
4551
2223
9557
3962
4937
1403
6493
3824
789
2095
788
4886
8612
8379
9606
2018
1168
7076
3479
100
6215
6582
1048
5403
7329
7154
6689
184
6455
9574
1691
1401
3652
9308
6408
6483
5365
3747
4616
3961
2525
8878
8602
8178
32
5724
5148
915
8279
7129
4049
1935
9565
1117
3140
7968
1174
4153
6633
7782
4714
6308
7369
1214
403
9387
1233
9304
1971
3123
6652
7420
2460
9518
7574
7337
7979
2870
5370
1604
2006
5773
