8213
4204
3803
4853
5439
7155
9292
3124
7895
4301
2240
7163
4881
1492
9201
7610
9494
2408
5647
4925
9835
578
123
1734
388
7667
8291
2166
5048
1332
3753
1109
9848
2210
580
6434
251
7895
8674
2751
1688
7530
9790
2750
7796
9109
3053
9057
1382
5175
4939
202
620
8072
6269
7635
4080
2069
4465
7771
8863
7125
8076
6563
548
1130
7314
2671
912
2767
7359
1599
3733
2896
3237
2304
787
7372
3938
1278
4613
9234
784
9872
6392
3550
489
1776
5940
2944
2354
8182
3429
902
3887
4563
9454
3226
2202
6666
1794
382
8145
8615
7816
3340
6469
7723
4835
3964
6847
6707
8131
3187
3158
9629
6341
8203
171
6997
640
5538
6730
7967
412
9177
8169
2831
9009
8673
2850
7561
5170
7271
9483
4231
1089
2169
2056
3051
7081
2765
6940
1975
6097
5646
50
242
7744
4258
8222
1250
3055
5204
6025
6256
3651
177
8202
8639
5171
3638
8714
6161
1114
9285
1536
859
3703
8927
8540
4171
6147
7119
9915
7874
8597
4755
1869
4766
9126
7926
5087
4750
451
1600
4506
9965
1246
3227
579
911
3966
3416
7880
3443
4051
779
861
6811
4109
9191
6539
8816
5717
4050
5102
5935
5289
8150
7659
8896
8307
3436
9513
7244
8550
3963
5709
9513
4779
1571
9612
476
8347
7628
205
2730
9239
6472
3823
7818
3893
5058
656
9934
1387
6270
9032
6401
6497
8571
4676
3095
5567
1682
2603
530
3903
635
4892
87
5069
1347
2031
2538
9578
6062
468
8089
3844
2371
6695
8817
4327
9840
5002
3249
2779
9578
5857
2280
4930
9308
3016
6208
6894
6517
4908
6665
5024
9674
8827
8604
1579
3735
2748
2546
3026
8118
355
5324
5801
943
2556
4125
1875
5859
8768
5726
6679
9354
7751
4324
4778
2611
5156
5761
8331
5823
5643
3061
1154
3803
3064
4170
3544
8091
7237
591
7092
2456
223
4661
9222
532
6479
3987
6751
8890
4333
1035
7748
9181
9985
5670
1922
4502
3825
8967
8578
6987
4214
7202
2474
7294
4170
1997
7878
8386
581
3783
8621
8176
8634
4223
9130
3090
5102
4245
6131
1169
9009
9441
1490
4608
5312
1972
3817
7394
2247
9041
4265
8270
2013
104
8241
3020
2186
1927
6362
4482
6108
8365
8308
549
2413
9572
547
5762
6539
8832
9400
9579
2835
7408
7977
4773
5712
7865
1982
2197
8179
483
6138
1539
9518
351
6163
8529
5981
6110
903
3174
7883
1649
5060
644
1132
940
2195
5740
1425
8055
855
3414
9641
4686
5434
4604
2127
3468
7307
4321
9945
4164
6302
5624
2226
6769
1031
2062
3408
2017
9780
429
7929
6225
1695
1185
2348
7332
3641
4771
5670
6241
772
124
9628
2723
1897
4831
4916
1559
6402
2513
8802
6582
3228
3719
5347
9436
8418
4362
9909
132
2331
9408
8274
425
5485
3415
2990
4248
2256
4794
9826
2535
8650
3704
3392
6178
5995
9502
4871
6199
7145
1849
5614
7267
1626
1346
2997
7976
5838
2911
8914
9278
4862
5537
3910
1363
1849
9203
7237
8482
1841
668
9303
1608
2686
6266
7931
9524
327
9169
3440
8915
9491
3710
2986
481
3794
1007
8799
4139
418
5014
8409
9344
5880
548
7673
3113
9793
2028
4328
6792
2264
6389
4358
6477
2546
4005
4580
5359
3415
3473
7649
6669
9471
9998
9786
1151
2551
3428
7569
842
403
3098
8063
6826
2258
9958
5728
2138
8592
4818
9730
8298
4841
6647
6650
3101
9351
6508
7935
9788
6426
3439
723
6945
7364
1740
9872
5881
761
6522
561
6365
4459
3485
6388
9165
8325
7531
4219
2587
8277
2442
6766
8597
3742
9350
1828
2824
3347
6685
1799
6042
5493
7780
4416
6964
2375
1118
9461
517
86
9847
1376
2070
4256
3365
3839
1356
258
7485
4775
1820
2289
5347
1511
3984
6672
2125
3202
8014
9912
7048
2533
4076
4722
4519
871
6678
9068
9424
6790
7206
8069
3701
2501
8430
1065
4695
4341
376
5511
472
2565
5862
1909
9979
3752
145
6269
432
292
249
7916
1447
605
3037
7313
7300
7348
9736
2493
7160
2287
834
694
7569
3750
8587
2846
3081
2918
1976
7784
2826
2502
9439
4482
6671
2166
4742
766
726
409
8636
9131
6541
9290
6622
3095
9463
1117
3765
7347
4604
7882
8351
8184
1731
5168
4340
6228
5165
7298
3187
7514
8315
2464
5089
8945
1166
8555
641
5133
2605
8969
1767
6750
3650
1702
4153
8278
7128
5491
3382
1964
9153
4629
3179
4943
4151
1254
2750
1503
7826
8514
5601
3427
7221
1122
815
4076
4200
7676
1929
908
475
8631
4741
5634
6115
1600
4534
29
1014
6062
9099
9673
3916
1223
8360
3686
9285
146
4793
9911
5804
9138
7306
4091
3368
8339
9528
2528
886
77
4077
9451
3561
2474
1488
521
9887
7545
8827
2550
6720
2721
488
1764
9414
5927
9511
5998
2761
7129
4791
4054
2883
2018
5103
1336
1324
649
2266
7776
2071
2005
9142
937
1984
9648
6111
1441
9734
7839
3798
1739
1318
2242
3190
3083
8650
5542
4677
7441
8827
3530
9767
3757
5285
23
6568
1543
7371
152
9196
9238
5278
1051
479
4715
3578
9550
9779
9765
9816
8069
6263
4921
3330
3051
2735
640
8828
2020
2686
5782
5971
4825
8948
8541
2238
5385
5651
1961
3079
4568
4070
9582
8643
4560
6461
267
1763
8474
9504
9099
5762
4911
7624
758
7266
4845
427
2234
7287
5927
2714
5350
7465
3413
3267
453
2103
1937
2476
8192
3898
7818
6686
5247
3999
6681
6278
8769
6590
2467
8876
353
2515
3587
20
1059
7200
8190
1274
7393
4958
3417
4673
7152
1853
8719
2116
5229
1293
6007
8164
9825
5997
1311
5200
7944
8225
2377
6758
585
8567
1657
5644
4819
7050
2360
2834
3878
3393
2207
3253
3913
663
5083
3234
481
3144
9533
3393
5279
4564
1048
7476
582
4303
9051
4356
1204
8386
2076
2833
4822
1431
688
8826
3301
7772
9853
101
9493
5884
8238
1835
9085
2753
4250
9162
914
8076
4718
4799
8691
8983
1478
6021
7518
4180
5061
516
7999
8004
1630
5491
1317
9373
8430
2481
9974
6257
9933
2708
3291
9432
3900
9394
6325
9212
8391
7828
53
9889
3441
3127
3667
7276
4141
5839
9952
4667
1307
9120
2711
9337
2101
1488
4254
2747
518
9711
4323
1769
9187
4656
8143
2010
1508
9259
5082
2083
9695
8305
5789
7232
462
8110
4562
8502
1823
4040
5231
2591
2528
5306
4949
812
9997
3953
7330
2412
5140
3577
8694
8679
3505
8284
701
8785
4983
1657
5768
4882
757
7869
4971
3002
3331
5478
8874
3991
6925
5751
924
6477
4479
1732
9240
3880
9706
7331
2012
7554
1928
2669
6943
6118
9611
7109
3726
2178
7408
5777
3519
165
8272
349
1833
4659
334
1947
7481
4519
5078
3339
5487
9388
2653
2216
4199
1773
9043
6821
9078
7652
9645
8213
2954
8087
925
8853
3390
6221
1751
6696
6583
1147
2232
759
8205
4130
9898
4580
3545
7759
9850
7493
2476
8588
7182
7554
3464
7394
2910
1953
3134
586
6699
5866
520
58
7394
3746
3733
1481
8556
1259
2767
8382
6756
4339
7156
1894
4011
68
1875
4463
3275
1319
7802
2151
5737
4365
905
3371
5389
5996
3311
9798
3561
5996
4448
6365
238
8146
6735
6152
846
2064
9202
8590
4725
4093
1832
2842
398
1570
3382
2841
77
8671
7311
5380
8064
8368
4320
3029
2841
362
6092
2560
7948
2969
4821
759
9891
790
1655
5864
3332
5723
3616
1211
2116
9211
7425
1643
2532
8062
2973
3818
2613
469
9720
4889
8685
9068
8301
1869
3825
3706
3311
484
5972
6641
642
1756
9272
1073
2951
9608
9915
7517
9509
4354
5055
6100
3263
8852
943
2677
496
4778
7388
2273
9946
7479
3249
9931
2074
822
2488
9785
2039
9626
2412
3131
5238
5475
8569
5668
2371
1459
5110
3365
3903
5096
960
5365
9833
2585
5805
9449
926
1148
3209
8532
3095
3698
6695
3163
8507
9340
8998
2129
7119
129
5478
9882
1942
1924
861
7787
283
5274
305
9037
9668
4023
8370
4850
6519
7883
97
9489
5017
3039
8859
890
6416
3879
35
1539
8779
5406
7161
3030
2460
2981
6245
3773
9617
1077
3422
7909
1723
8017
9165
5651
843
4172
8863
9072
5328
1845
6643
623
9242
9508
7111
4080
1269
4588
3466
8062
1888
9321
9008
4877
8113
7274
6576
6687
7778
4597
5232
5441
4461
2188
7765
7000
3873
3207
47
2243
5016
963
6211
6934
8762
6537
3788
2952
5869
2165
2503
5029
7610
5359
6021
2402
9009
4288
7538
3568
7596
2176
1293
731
6612
1202
6162
7054
1742
111
206
8062
4540
1222
3046
924
3109
2073
6114
1575
3486
3624
817
5612
2093
203
7830
9101
6166
5363
7991
9584
5669
6479
4647
2839
9669
5480
322
7560
375
6733
1209
5758
1958
4441
488
6388
2313
5096
9293
6935
8173
5963
81
3972
1359
5681
8637
6408
3371
7061
887
6379
2119
621
2392
8061
6574
207
1255
7628
1751
8554
1199
6753
2414
5058
3653
7651
9715
1442
6787
1070
6070
1055
1411
9705
6398
675
1479
3988
6843
3913
4188
3313
5845
4830
3638
1337
2048
2426
9813
2106
3841
1664
5184
9619
4763
3327
1557
6301
2027
985
6693
1929
273
9817
308
1064
9210
2687
1663
5899
8727
7267
785
7837
4366
7886
907
7584
1419
2316
5603
7288
1628
4681
7228
4406
5871
1791
4942
3070
9118
5178
1960
5857
7219
2259
3040
6028
4521
2574
2126
9361
762
3914
3378
6574
878
7346
5252
6877
2420
3972
4881
9710
5382
9405
300
5591
2588
5902
5192
7418
7745
8593
6780
3548
5306
4928
617
2106
4845
4879
3063
8844
190
6241
6525
7714
1303
654
3527
8524
6539
8064
650
5145
297
2250
474
7814
1959
7448
3439
8618
7382
4707
1616
2169
7133
9830
1267
5950
6728
3146
2031
7540
909
6037
9520
9141
2879
2585
4288
1934
2375
6667
879
9680
7943
1635
3251
3056
4454
2803
147
7397
1440
4444
1462
5482
4624
4356
580
1472
9386
7576
1795
3392
6033
3109
4235
4260
2729
1332
4935
9373
3159
1505
6242
714
3828
1936
4225
5498
6578
8211
1495
3925
2999
4633
6100
6464
4574
4037
4516
8523
2005
2816
2547
4798
4871
7486
3647
4834
7399
8991
326
3121
7867
773
4238
9935
8202
747
1654
2688
130
5082
4894
1175
6081
7869
393
1399
7009
7771
9685
8692
6816
6412
7367
343
8957
1444
5843
6341
8288
9391
8098
7587
7885
8374
6058
2225
395
6164
8262
3827
2382
1827
8392
6923
7921
1371
8717
7001
7093
2248
7824
9628
9306
1634
6305
1455
3405
3895
977
6758
4903
5313
4400
738
6983
7307
3290
7706
1811
8168
1004
844
9508
5857
6309
4988
8019
444
2421
7585
2726
8841
9248
6040
1567
8470
8280
6251
2068
4602
8819
6499
5187
1504
8923
7068
7427
7653
9939
614
8081
1010
5190
8924
1243
6980
119
3448
5324
1316
3436
2961
1473
3391
4031
6062
6065
8359
9171
8513
9026
7039
5638
7209
9349
4504
5656
8003
6933
9241
7561
365
505
1806
9504
1715
3651
323
4796
4587
8350
4832
926
752
1166
5858
5026
1796
7472
2861
1003
9068
8482
1425
1588
1042
5372
7980
9575
6739
1323
2115
6515
6082
3755
3070
2455
9667
3887
2315
2410
5741
3562
4584
163
4194
6112
4885
6042
3491
9477
3860
531
4072
8237
8493
1883
9079
218
8461
6343
5670
748
8056
3264
6234
8317
4844
6996
8095
3402
5358
7909
5157
450
5261
5505
3897
1262
7394
4930
486
1937
6084
7261
7462
1584
2442
7845
5262
1187
3376
9449
5425
5972
6740
4993
5505
1320
3929
5877
1268
7889
7947
88
4119
5951
5373
3621
2976
2987
7985
7817
2823
3531
5856
3732
4664
794
5801
4649
5874
6998
1734
6908
26
5909
2484
9184
3710
267
9999
2577
7333
1517
3662
2597
3990
5995
3142
1510
6211
8820
4868
2275
3201
5559
6625
1893
116
3007
329
4710
5518
9279
2
4269
6155
1038
62
8209
3467
6189
9911
2708
2987
5407
483
1306
9869
3258
9742
8668
7651
4290
8438
7053
2130
9459
3706
4467
9284
590
9067
703
9938
5289
7059
8053
1514
9393
6442
2952
5933
4933
8043
21
8909
2160
9287
7793
5075
5319
2024
6857
3264
1661
7058
1227
841
2949
2138
6696
7331
5595
8924
2877
7122
9207
2769
7698
8348
2430
9791
476
6816
6790
2734
2718
6247
8416
8143
9969
171
5913
9392
3964
8565
2210
7438
8277
8230
5831
7211
8565
7254
9746
5620
338
6008
5166
2899
9701
9390
1589
9445
2644
5528
1548
40
6474
8926
4340
4980
2424
4805
2169
6524
1418
6203
4960
4311
4911
1769
4492
9468
2516
5218
1225
3222
7070
1169
2396
6709
1080
5517
8441
578
8582
6467
6747
8436
7017
2169
963
9351
3889
851
4786
3760
5084
3221
4201
4135
1048
854
7987
7932
4898
2120
6928
7425
4302
8326
2969
5304
6529
7631
3899
6907
6363
1590
7942
4950
9455
6523
7294
2742
805
5141
5578
1665
432
7465
8137
3849
6968
8261
5660
225
7530
509
5680
6461
9539
9321
4134
8691
9199
5658
2821
6258
6951
7879
7396
3494
5279
9250
4679
4525
3560
5244
7127
9756
6542
5262
6993
6836
188
9120
8336
8268
1970
3673
9376
5854
5909
1480
5411
133
2389
8603
3543
5146
2320
9320
4714
2552
69
4643
8569
7717
3581
1135
6665
2285
3381
5923
9919
4276
2327
7297
8502
78
7321
4552
4287
3278
8502
1541
7584
3798
3838
4545
2136
4957
1701
1980
7436
7221
548
4441
6767
5545
550
619
4687
835
7008
7091
2472
9986
1561
1135
7806
5091
101
3464
7824
7767
5033
1435
4049
8527
7058
4771
3878
9035
8998
1707
583
1401
8486
2697
3727
7886
529
2956
9527
6702
9865
3451
6269
1411
9069
7598
2236
2703
6739
7044
4856
8237
4155
9669
2188
9112
391
8240
8486
5779
6741
5651
1836
5300
6508
1071
1499
8864
7407
9919
4562
7144
3936
1122
7901
1581
5166
2638
9458
9460
2535
1174
2295
1954
6851
2345
7245
8817
509
4615
7494
2288
4469
3748
9960
4213
1614
969
4902
7997
6098
3372
5296
6820
2482
7711
4300
3032
1767
606
3946
7753
8782
9026
3243
5566
3355
9882
8448
4162
3825
2682
8354
2791
2425
2273
2675
187
1162
3687
9966
4196
7735
1460
3362
9162
5877
5475
9471
9139
8045
4212
7049
9903
668
9740
3506
5443
504
4393
858
1731
2520
740
4172
3416
5017
2504
4395
208
5036
4113
1870
8079
639
9750
17
7321
5663
4081
9689
7879
410
9308
6117
9612
5632
8451
2123
2684
8767
7232
9682
6768
2829
8235
1675
6995
7288
9946
4144
3373
1080
9263
4103
3931
2342
8969
9263
918
9723
6184
9779
6423
4704
2978
1320
3212
4622
4559
7783
6566
381
1710
1440
7803
4430
5102
5250
2404
8074
3022
33
5717
9936
6315
6799
1147
5204
2185
7270
6663
9187
1204
2960
2583
7452
3259
2063
9851
6914
8463
2372
2729
2162
7578
2991
9369
7822
6299
9501
7240
3719
6858
2843
6700
6150
4061
6487
8388
6179
173
8007
2437
7288
1119
7378
9177
8749
8857
351
1170
3038
5399
5490
9611
650
7304
3554
2357
3324
7429
3324
8905
2683
30
2944
2328
8360
6260
6432
3390
6771
3675
3672
6740
455
9934
5440
1042
199
3814
619
8965
5948
8330
4201
8319
1368
3232
6050
8846
506
4129
5064
8749
6849
9102
9753
7258
8175
5049
816
2489
2424
6960
4399
9363
1727
8749
9155
715
1864
2512
2158
9510
6809
4358
2956
4353
5828
4624
960
5128
209
7586
2884
2642
8610
4922
9891
1353
181
8181
2867
5149
2997
8130
6540
8988
3931
4838
6592
2619
4076
5335
6981
7994
1971
5553
1940
2490
6145
5400
1430
3551
4089
5687
2280
4838
4076
1757
752
6805
8857
7802
533
3683
9645
7008
6512
8679
7818
3968
421
990
8031
8341
1051
4873
604
4889
670
3056
2981
7401
5207
4781
6751
9316
1060
7309
5849
1702
4912
2174
4085
9787
3761
6274
4802
3298
8349
4963
9041
3261
4671
2177
4978
439
5519
5748
4635
7407
4233
9186
1086
7695
3823
1456
2594
5752
6931
328
5947
9202
2829
6116
9055
8247
6904
8244
4579
4777
71
7306
6539
5707
4015
9720
2729
3029
9802
6311
3796
5311
2673
8442
7468
5725
1087
6390
5963
2305
3679
9049
6366
8020
9015
9838
431
8555
3121
6730
3535
7275
1168
9858
7335
6926
2646
5379
3680
4103
8726
9564
5949
620
6532
636
6529
4387
8647
3330
7160
514
2280
2274
1097
1021
939
8519
6692
4176
9288
4174
9907
3072
2776
6521
4142
2815
1106
541
3078
5708
2709
1860
3579
4115
3099
5746
1488
8379
3309
6043
9908
9791
9570
3020
4995
8894
8760
6313
5987
4127
8687
9503
4814
4552
9656
2877
7843
10
6493
3713
3280
8105
251
1452
7804
419
8695
6982
7922
5193
7030
8313
867
3245
4265
116
3502
9755
1526
5248
4054
4792
4554
8951
7020
3206
7045
9027
4458
222
7902
1477
1885
9595
2762
1803
9539
8117
5216
4575
199
1778
8391
793
7096
374
8636
1569
286
9540
9375
8088
8484
1244
9659
8487
3550
1300
4431
4598
3374
9668
2523
7699
7290
5553
6427
1271
482
2462
576
5384
4539
6951
5048
2275
6401
3760
1855
6646
4569
5475
8740
4918
847
9813
2993
640
9936
4274
8252
8239
3686
617
1201
531
9255
692
3502
1543
3946
7365
1087
7823
8963
3991
3549
1533
6196
7383
2086
9789
9445
7784
28
7898
927
7605
6852
7476
2559
5786
1334
6207
4209
2336
1698
3921
5750
4517
3020
5709
258
311
2699
7204
4388
917
5954
6856
6264
1460
4444
2552
2188
8463
8794
5901
589
3302
9603
1649
3839
6025
8983
8160
6030
4880
3614
6626
2292
9628
5783
1678
4363
6377
9531
9133
5084
2823
3509
10
1650
9996
1212
1099
1341
8781
4019
5746
3542
5796
3331
2447
4913
1370
1869
4232
1327
4539
1174
9508
7302
9328
4563
6636
5676
2766
8189
5810
8932
9661
816
7765
9793
9593
9999
3842
4813
7884
6818
7248
861
7867
3084
6496
6296
3335
6764
2992
4508
5299
7805
545
1649
4001
2707
2322
5433
4576
5422
8575
592
8208
6814
3880
4979
5565
2654
5320
1371
8026
9418
3443
7720
3925
8647
9435
6243
8066
339
2340
6001
5196
1302
3632
1855
270
6116
5791
6885
7677
8409
237
2461
8243
6655
2652
1053
9203
1516
730
681
1444
1621
6481
5880
4361
2825
7723
5354
3272
6078
7367
4236
3081
2574
5396
6906
3181
2024
4709
9449
6862
8434
3693
9617
9181
982
9477
7269
5994
8381
7040
6550
9608
1659
4557
3574
4820
7752
7493
7445
8392
437
3613
1599
1042
6001
9379
5669
1259
5745
7871
7178
6807
1281
3819
3009
7928
6864
6698
3379
3348
454
9360
4890
9038
817
4627
1422
8017
1821
2086
5428
4531
7263
1056
6425
4820
2094
8574
3180
1602
3808
6009
248
509
9861
9742
8327
7839
1547
5646
7955
1053
4114
4097
7938
1076
8723
2560
225
1373
7957
7651
9438
3659
2443
2647
9543
225
7393
8189
5833
8289
3518
1776
9540
4444
9111
4380
9176
1074
6300
3582
6469
6175
4130
4375
416
3166
3118
5348
6097
9533
8349
1806
3645
6156
6571
6588
8066
7213
199
8101
445
3358
9812
9665
7534
2337
4557
3493
1965
4342
3384
9151
5073
4374
1182
3262
9529
8067
2231
6377
7106
2045
2091
6300
9940
1712
8131
3383
7872
2522
6313
1962
875
8198
3137
3111
6362
4464
6840
8079
8609
9624
3382
1754
6149
9198
6732
9271
4973
3309
7059
9999
4982
3821
995
8400
1266
3512
9725
5821
4205
1173
5621
9443
8029
1421
8275
6875
1236
8070
6899
5064
1227
4152
7768
7482
8662
336
150
742
4980
8860
8409
4563
5462
6314
6980
7053
7203
4736
1844
2850
4739
1018
3873
7435
4003
3939
3725
4727
922
9857
8034
6903
6409
1994
8771
830
6053
3513
9738
929
3361
8983
841
5345
2763
1057
3980
1714
4441
1222
9672
6500
6225
4049
325
208
278
332
3478
4722
6611
5422
9819
5123
826
1506
8154
3468
7542
6149
999
3689
4998
915
9488
5755
176
8527
4672
2945
9959
2010
286
9699
184
1534
677
2359
1669
8563
551
5721
34
5015
4318
7938
9163
5718
4519
1256
2903
511
4172
8291
223
5982
1501
5310
4560
4569
31
1751
5660
532
4762
4601
5136
119
4938
9291
828
5794
1798
8979
5598
5278
3655
9983
6597
1550
6592
4458
4008
3415
41
9447
7838
1995
9476
4202
32
5367
7798
7099
8531
8800
60
9502
253
9716
2802
9043
780
5227
428
7109
8713
5193
2693
4944
2327
1518
8713
3010
7977
5573
7743
2245
490
5314
6763
3140
643
735
9259
5460
7995
4698
447
6797
5217
4153
9729
6880
8747
7548
3678
8780
2986
2932
734
2644
9302
4532
1875
8513
6654
4788
9122
2958
1057
7815
9011
4938
2953
9661
8400
44
5967
4967
9113
4014
4745
5895
9726
8173
1788
1832
4263
429
1894
8962
9258
7558
4580
4118
3838
6111
8860
745
8805
3207
5576
7488
5740
7402
5141
4791
3926
9085
9147
3634
2812
8018
3818
6720
7899
3406
4805
3701
6725
4822
524
8692
1064
2095
8557
1453
358
8835
5823
2289
1184
5222
6161
5906
8437
7257
155
2324
3031
6996
7906
5177
1281
8260
6149
1239
3739
7860
6219
431
1305
5158
4020
3983
2682
6884
6424
3644
8845
3688
4433
5091
3262
6858
2450
7590
1857
7912
8282
642
3251
2481
669
9728
6916
5347
7411
2803
5945
7317
7713
2498
2616
5391
983
6025
1202
2177
3223
1553
832
6510
3478
9343
2563
2814
1915
4422
5810
8559
9382
5827
9577
5576
7180
8824
4488
4291
7067
7334
9472
3621
7699
1527
5975
1935
2474
7870
5875
6424
6387
9679
4688
6729
9809
6740
9002
1326
7164
4101
3432
2988
6993
7386
7935
1886
2920
7039
8211
2159
1536
6910
5110
5888
2080
7211
8811
1950
3367
628
340
4044
8547
9385
2171
9703
1138
2848
5767
440
9821
3162
7126
2966
3902
6484
6627
312
3592
4088
9014
5435
9659
3715
4887
9477
4568
8799
4648
2598
7929
7051
7958
6536
3760
9387
4441
7607
5215
8232
747
72
1272
7771
2338
8374
9783
2143
1986
5596
583
8498
8358
9279
1614
4905
4385
4831
4497
2694
5134
2339
8199
3168
2510
2769
5203
590
9205
4514
2042
9020
5097
5359
3340
8941
4162
1888
1377
6513
9693
2425
6812
9052
2015
9430
8693
8679
4921
8855
5002
9610
3109
2521
3098
8408
1873
8104
5260
9568
3171
9192
2937
7472
3553
1562
3401
2998
5938
2673
742
2497
3453
7984
3000
2708
5526
9146
1152
3079
4076
6524
5669
350
9512
2432
5910
2576
2261
4931
7067
6058
6627
1809
3342
500
9487
9340
5498
452
6029
5694
2740
2248
8112
2505
6157
5125
9520
389
2882
2727
6951
2180
5492
6646
3523
2587
7959
1121
5651
824
737
1006
5605
4684
5869
1644
4641
2499
3221
6185
3647
699
7050
8381
3783
3420
2237
7007
6275
785
3055
1872
2049
4340
9106
4446
6316
6695
6977
6899
1380
4376
4801
5204
4957
1733
6642
3427
6635
4512
483
7020
7167
6697
9079
6251
5130
7110
2863
102
350
952
4846
4866
7769
8864
8957
1265
5578
1422
5327
7946
5522
6322
4804
9270
5898
1845
3424
2049
6778
8809
371
1762
301
6034
4704
5351
5260
2854
9316
9205
3831
6874
6548
428
9530
9934
7435
6092
2775
5377
7849
5212
9185
2537
1498
845
1893
9808
353
3285
3686
814
3324
1541
580
3084
4564
1735
4160
3606
6004
2724
2106
6122
4114
8648
9773
4376
9740
5963
4410
7332
9273
1400
959
5159
2577
7764
4536
3858
3458
5452
2500
6030
5518
3017
3550
5007
9847
6445
5370
5700
1931
9169
9373
5125
3105
3062
8422
2849
1072
7516
67
4389
8875
6354
1540
1923
581
5421
507
6799
7198
302
147
552
223
6075
603
1096
5097
4766
4528
3294
593
8709
5400
104
2027
5834
2053
9514
9341
1686
2785
5941
5384
8111
7155
9164
1477
1626
4425
4426
5938
8570
8501
1629
9021
8820
4902
7030
2459
7326
7751
6306
2988
6772
3796
165
953
1436
9895
4747
3367
993
7457
5511
7516
