5213
9678
2351
2154
4704
8401
4927
2034
1689
3882
7234
7898
4944
2624
1940
5501
8105
8144
7534
5765
7884
6423
1031
1954
4347
8603
1076
1982
556
9772
5407
7152
4285
2910
9152
3298
8589
8833
9859
5038
340
1322
5777
2280
5925
4474
6447
185
6778
8137
9520
6959
6794
6793
5889
8790
8646
396
7807
6101
7324
2944
1477
1917
8475
81
3613
2033
3471
8641
6912
9272
8285
2496
5425
6562
645
8751
6028
9873
2155
890
5204
2419
252
8447
358
7492
7021
362
4652
8192
1025
3757
7713
7396
9844
3860
3805
5844
861
4413
6714
8136
1224
248
8674
4298
1367
9326
8144
9895
4367
7934
3946
6433
7739
9057
1665
28
9722
6120
5012
3108
3989
8719
8246
4527
4783
8028
6717
6784
4945
184
9011
7741
4176
7068
1194
3
9773
6060
6124
7694
2217
4756
3824
3091
9811
1279
9656
786
2195
3777
6121
4740
9401
3606
4146
2505
2001
4146
9515
3339
2609
1360
4949
4183
8922
6204
2257
670
7863
1661
254
3662
9995
7318
890
9232
4894
5155
4716
3503
8371
5931
4588
1168
4062
4271
8340
570
2921
8689
8002
5626
6545
2785
5085
857
9807
9640
4168
3606
9021
8986
2923
534
3522
2458
4744
2082
2715
4914
7610
6845
9430
6011
4967
6678
6771
3780
121
4651
7864
1687
7749
9173
3658
4628
7117
7210
2233
32
9425
5253
986
1109
4481
9385
3007
4054
7646
1603
9526
6257
7854
8007
1078
1157
6195
533
7818
8406
4085
6026
9519
9517
5741
7334
1236
3749
6875
8893
5341
7534
9849
2682
5488
2357
5858
8320
1529
5581
3670
2717
6134
8518
5124
1607
3832
9741
8095
2501
8433
6584
9391
3826
5947
3398
5734
1469
5368
7147
8148
9258
7178
8753
6262
1992
6407
5172
2518
8721
5298
7874
9004
2237
4736
1368
9892
1001
4393
4134
3502
1495
5654
4374
459
8757
8142
6023
6735
2089
6622
4389
2952
4382
7432
4412
5538
7380
2256
3132
5199
8660
7223
9373
7203
558
7580
7154
9089
4578
3506
4733
7076
1233
3644
6653
3603
2804
8293
7504
3849
383
8436
428
2099
909
4921
4621
4804
323
5829
2511
8744
1260
8935
4842
4271
6281
7171
9900
1177
987
6934
2157
8583
1889
7313
1718
738
778
808
2734
9087
4751
9282
4815
223
6794
7274
6293
5636
2958
2350
8765
8748
994
5988
5815
2298
8802
2381
7322
5633
8392
6327
2862
3449
6279
1845
209
3595
3203
3883
4026
9515
3094
3424
3993
1978
4119
4618
7477
9006
877
4263
8218
8637
8168
3408
7588
5900
1498
9420
1936
8396
3486
7101
694
8423
6420
1366
3944
4948
7064
2697
2433
9075
8323
9250
5653
7570
1994
3836
8179
4183
4904
8315
4755
4128
8109
4224
5280
2871
4257
4309
2097
3782
1947
5629
6028
5993
2730
5570
5558
2752
673
2528
1942
8179
1830
9143
313
8918
7754
18
3905
7661
1241
7752
3492
5170
2345
6565
314
2195
6085
1073
691
2755
600
8651
7127
2694
3221
9660
4840
6424
8278
5426
3509
2375
6373
6576
2298
8965
3910
6362
5116
4238
403
4436
2541
4194
2137
858
3647
6164
5255
3362
6667
9600
1836
9186
7579
3178
2015
7619
5696
8093
5178
7481
9383
5815
4242
1116
8797
5769
4266
1348
8284
9722
5956
6453
2352
6163
6110
2933
556
2363
6013
8675
1169
4915
8758
3909
538
7186
8997
9120
6950
6291
666
7023
9060
2921
5052
6726
9952
1020
2060
7878
1897
3907
5078
6944
3643
5383
6834
1415
7068
9082
7062
3332
2080
6502
6312
4468
7056
332
577
1610
6771
5146
4397
1993
9056
8933
7392
9430
1110
9384
2980
9536
302
8134
6777
7261
9837
1814
266
5154
352
7581
2051
7868
9228
7333
4942
2557
6609
584
9670
9619
443
450
1106
6750
9509
3084
7888
4709
7991
7403
304
7684
6101
7526
3030
3945
9724
9050
4631
5241
65
5422
1258
9190
3095
6529
2765
1722
3991
4834
2820
526
9713
3360
9092
9852
7028
27
7752
6752
3925
5557
7163
2948
7276
4367
1766
1701
4303
997
2832
7559
5953
4428
9554
5020
9191
1915
3655
2980
319
6166
718
3156
4582
9778
7970
2741
8433
3177
6916
9697
1298
7878
1316
4508
8259
8310
1913
8728
4762
1063
7418
2993
2002
5261
4572
5285
3806
4072
660
5112
6371
4771
6433
7759
4839
4007
8365
7498
6396
9025
3268
1125
4080
3134
6261
8075
3111
5045
6760
881
2
4927
8218
9255
8748
7724
1154
9321
5205
2684
8934
4361
2517
1804
3326
6526
1444
3557
9669
4252
9945
4414
2331
5736
7795
6292
8913
8867
8999
6497
2173
8760
7311
9779
5110
1443
6553
7177
9010
7114
2852
9043
2292
3711
90
8906
8608
2276
9808
9735
6630
9554
5376
2508
936
5587
2596
2481
1460
2455
8810
2286
321
8708
511
174
7049
2737
6693
1882
9972
4266
4546
2554
1399
901
2122
8619
5645
8888
7683
6637
9059
9264
9867
2619
3383
4803
8843
9522
8847
4072
5717
6555
8303
566
8722
3584
3200
9916
1857
5871
5582
7925
9762
2363
5008
2821
1108
34
3465
3976
6835
2571
4772
2173
3227
1056
8840
7891
6790
2246
3893
7171
3034
5900
8549
7991
4250
833
2178
8537
5418
5729
7030
1812
1055
1134
9502
7503
7611
561
3694
8808
6056
4871
7236
3145
1783
6130
7339
7665
4743
5309
3125
9611
1977
8410
4890
3861
3814
7016
8570
275
7855
4928
8557
1106
5541
2959
1118
2093
1554
1337
280
6228
8551
5085
1115
8163
8664
5403
6207
8120
3494
4513
3793
109
2603
7419
9834
2644
6243
5640
3689
594
1990
3418
952
1127
6313
6130
7604
8823
5012
5245
6111
3406
5028
6897
1059
6892
7295
6726
5197
8410
809
450
6781
3342
1135
8447
8502
8121
3124
8473
5849
5913
7648
9686
4237
5133
4132
9987
1850
2533
7799
7384
3108
8248
8401
386
5081
5706
6359
2942
5349
9516
443
5278
9785
1540
6637
7610
9992
7865
7628
9482
5698
6538
9396
197
5758
5342
2659
5926
2760
7307
4876
2663
611
3424
7342
8533
4940
748
3366
2795
1762
182
3123
6332
5470
2370
9901
2697
8495
6521
9994
3984
4905
8316
1685
6569
8851
8204
4628
9739
3047
432
182
8041
4640
7780
4666
6360
4198
8104
2669
9244
4499
4832
7720
5516
3414
3064
4727
3388
5440
9962
7430
6238
7313
892
7757
2295
1739
772
9681
6736
6120
3627
9748
1329
9999
5082
1692
7690
7703
3541
8498
391
3852
750
9485
73
596
6168
3154
5787
3476
1239
4298
3085
3002
3943
728
3748
22
2371
4620
3425
8422
5932
3123
872
5084
6390
5516
8332
1371
7037
5684
1899
1463
7038
2386
6562
1406
7684
1698
5570
7617
3893
3260
4880
9329
6663
8327
6056
4353
7943
7667
5332
8920
5072
1969
7919
7626
8612
4988
4206
652
4821
4415
6439
5555
2398
1621
5963
1557
4165
2341
2338
672
9049
5808
4529
2672
8243
1542
8421
8062
9460
3979
3428
9369
352
2979
6390
5069
4466
8935
2793
2695
7492
4918
2795
9477
6821
9325
6930
5041
2364
4498
187
5602
5329
4659
9870
9264
7439
5247
9383
7070
6567
6143
1191
842
987
7069
5202
9418
5230
893
7090
5230
9547
9642
3180
4131
3012
5051
5851
8918
4611
3379
5698
4961
3791
7826
4040
5692
3109
7126
7630
9219
9552
5723
6128
1348
3726
1953
8490
9751
4122
7512
9810
1471
7407
4957
6054
5687
1479
5738
6252
2388
9395
464
2458
3187
445
6230
7050
3160
3029
9510
6309
8104
3263
7871
5677
3823
3513
1831
404
1058
6560
6099
4796
7099
3569
4226
7553
8834
1771
8352
4213
7370
873
5241
9823
9088
3265
2941
903
7496
4903
5329
6722
4611
1202
1706
8208
9536
9280
2230
2173
9647
5334
5193
5827
3296
5668
5358
9618
6218
8676
8215
1389
4676
5296
8939
7230
8021
8047
6589
557
572
928
2908
6155
1231
9377
184
5896
1862
6018
8016
9554
9541
6178
4566
2035
5679
9414
6527
3419
7907
3323
4684
8820
6687
3940
2045
9315
2263
4475
186
1489
2691
1673
1601
8719
2426
9038
4596
3918
5484
9461
7755
200
659
8661
1848
8497
730
6903
1550
8607
1519
3169
2650
7248
6244
4087
9468
7291
7331
868
3633
7386
5831
6527
6863
7867
4577
5847
9609
6641
4817
2608
7935
8446
5567
4483
8160
8025
2092
3547
8585
5360
2924
1579
9970
9521
9022
4353
2474
8338
9569
7305
6586
4615
5827
368
4369
4132
1798
3980
3920
4883
7293
4909
3789
8910
5234
4204
1680
1760
5927
1442
5198
3784
2283
8273
4461
4251
6556
7341
8845
224
3372
1271
7071
7512
6021
3320
2618
5199
114
4027
6227
8112
9627
3701
8066
8015
7790
1059
4287
4818
2672
714
2410
8127
2106
2802
2331
7554
5906
117
7575
4457
5135
3696
1510
6021
7837
6276
2888
1913
1585
6481
1646
1899
5215
7086
4156
8581
206
6446
6461
5497
3053
4026
7551
2658
8860
8944
5406
3219
988
5063
9292
9997
6452
1770
2977
5930
2190
2044
177
1513
8171
2373
3232
6191
9068
511
2911
5019
8646
3749
7347
9460
3655
2078
1403
1108
6145
8852
7160
8893
870
9669
925
6521
7188
1648
5447
3445
4109
8226
6391
8162
6268
4948
7325
680
793
1359
3590
8349
6033
386
4573
7239
7716
9831
6342
4373
366
1868
9785
3338
4883
1284
643
8501
1448
6711
9002
7419
5064
9465
910
419
7358
9185
3192
8706
4752
723
315
4785
5262
8811
2859
483
5096
3686
8805
7357
5306
1073
3078
2240
8440
3052
3278
4983
4304
8823
9231
4082
2357
6170
3285
6567
9475
4153
9880
8531
6638
7635
9620
9643
1553
5000
8075
6072
8424
159
3405
7762
7905
1644
2112
3990
6386
8669
1979
4305
5907
8209
4401
5929
1491
6232
2427
9091
5525
6291
1007
943
3805
273
718
7671
1453
3435
687
3439
4977
7205
6558
4145
5418
1469
6176
712
4058
9295
181
806
2173
5575
2624
8429
3233
3691
8152
5320
2572
8984
547
2133
9152
2462
3957
7631
926
4440
2536
2951
7982
8539
9328
8701
1650
256
510
22
55
1715
5033
6230
6110
201
8769
8230
7649
2288
4438
7761
5282
5366
866
5993
6658
4425
4993
2955
7511
8545
9786
9617
6758
7230
2823
3633
6246
3922
6779
2976
3180
8130
5265
857
3950
4316
6022
8950
3692
5727
9981
8637
2
4775
7668
2616
7673
3335
2043
7225
5263
7555
2510
1510
1928
5415
9471
8879
7377
5136
1983
3727
5509
1462
4581
7152
101
9
2042
2341
8402
6042
9262
1784
8563
1148
9615
1983
9561
207
5960
2911
1879
9553
7712
5625
5619
3754
8928
8535
4845
7142
1572
8556
3743
6254
3127
8540
193
516
2515
7664
1293
9701
8822
9220
8292
726
2947
780
5800
7488
9318
7170
9176
9072
1848
5956
3749
8956
1533
6346
1080
3507
7496
1259
4470
706
8040
2308
8021
1074
1789
9045
7692
8296
1618
2177
731
8492
7332
4893
806
8148
2734
7356
7824
4402
9380
4671
4406
7171
4791
1237
8982
6168
6583
7786
2205
7562
4750
7586
2685
639
2758
4725
5698
272
9478
879
7454
9670
5224
5256
1623
6639
5539
2931
772
139
3435
68
1326
3369
7901
850
6283
551
62
1523
1712
3831
9971
3168
3741
9746
2208
167
5390
8008
1657
7551
4923
8500
7217
4735
1946
9534
9614
2342
628
3652
7013
2066
4127
4682
6260
9315
2737
1908
8442
5146
209
7954
9167
3622
9699
2056
1515
1876
4431
5372
7541
2764
8481
5883
5144
2825
6151
3166
8903
6749
937
7720
894
8060
6818
7905
9040
9058
3486
2892
7430
3481
9566
6510
7342
6968
9332
3595
5036
9889
8018
7737
7910
5256
6110
4249
3584
8244
9538
3434
3163
9570
3005
1692
4209
2489
7059
1107
6803
1794
3016
2456
8390
1539
7941
4059
3198
1970
8540
8175
3492
2556
8130
9013
8730
3200
9809
5638
1949
2569
4320
795
9520
52
9728
7859
476
7873
2301
4852
9908
8225
6791
3241
6873
5562
9347
6371
7314
2050
1050
1614
9703
1362
9941
607
1440
3991
2961
1009
2680
1421
9157
4234
7473
2221
2935
8338
1811
81
3583
5324
9668
3688
8266
5266
5765
4888
2140
3168
3852
3438
8323
9899
1518
2706
1091
8158
110
9121
6419
6485
4911
1292
2171
8487
9068
2556
5768
4652
2626
1009
4559
7233
8467
5725
1945
6015
3095
4675
4841
6552
1851
9793
7156
9242
3097
9258
2715
4767
1129
4777
8228
2690
3662
7098
413
8376
1516
9779
6198
3208
9120
7487
542
2843
8878
1090
1431
5792
760
5076
5062
5434
4279
9867
4633
5118
4135
2929
5389
9810
9840
1000
3522
7848
2780
1869
3570
1368
5312
3568
4498
3316
8477
1632
7431
4363
9250
4312
363
2007
7826
6923
4006
6053
9714
2793
8410
3795
2464
5295
4241
8587
4389
6387
3367
8119
3965
2693
62
7009
7520
62
480
7192
577
1746
6957
2646
2435
270
5867
9822
2565
3382
1984
2917
6993
7469
8134
9987
3458
9774
8904
16
9326
5910
8927
2089
8265
9311
398
6557
4250
3354
4487
7763
6442
6814
5475
7968
5835
5763
1360
2193
9427
4419
6022
1007
4403
450
1126
6495
4559
75
3550
7745
1158
463
7865
4666
2818
4868
4381
3123
9872
9310
5572
9210
8894
4220
6474
179
1993
165
4152
7694
8414
6710
589
4907
9888
7919
7685
7814
8185
3902
1998
4174
9804
6742
6604
5979
8948
808
5149
966
1382
8237
2321
117
8847
6811
2112
183
3975
947
4501
4393
5922
5855
9331
4447
9874
2958
4777
4899
7182
6566
4937
5969
7312
1397
9406
2152
7615
495
1230
1185
5015
3185
6312
176
4389
471
6060
3077
5806
7502
3839
7238
9400
7604
8252
3948
7410
2156
6105
5990
6030
250
3783
4815
3299
6351
2805
7449
7405
9960
2567
3479
9716
3316
9377
2737
9542
9154
58
9402
6898
1700
9092
9680
2727
7699
6568
9707
3145
5457
4741
5458
4390
5240
5154
4765
9401
1497
6877
8037
7666
8610
5672
5846
4935
359
7521
6084
8226
5514
4405
8256
2098
6702
9092
4330
1158
4103
2088
5600
9782
3097
4304
1948
5219
7108
9089
4476
8162
4612
3335
8045
2277
2020
1735
8287
6028
3245
4745
2367
177
484
1480
7630
1051
6485
3360
7687
6148
823
3606
5298
9409
1276
8255
4568
4305
3723
627
7826
1270
3045
7922
3614
2179
6360
5978
77
4967
804
8301
7912
9358
9720
5423
9297
1617
6674
896
8734
3747
1401
8327
7338
1005
8037
8636
1001
3765
7167
3981
2304
2618
6918
1096
7131
2562
7865
5450
4690
506
3282
2720
5343
2522
5694
5940
9688
5852
8957
2951
7631
2827
1893
4078
9868
4718
584
2609
4142
7724
4977
6312
7799
6822
5997
5294
2439
8623
8292
6735
3751
1223
6206
8227
465
8681
2983
4816
5311
2096
8947
5148
4808
4215
6350
9477
725
2839
1228
2413
1978
5256
1308
6966
5528
6970
4920
8521
6524
399
3500
1065
7560
2221
9200
6407
6620
3665
3613
1187
1734
5767
7298
2045
8777
9829
1503
3584
472
6519
4569
9600
7395
5879
4757
8494
9915
9239
2699
3494
3760
4462
8291
4911
8596
7882
7587
2586
5015
9942
2856
7059
9225
40
678
6210
7958
9263
8188
5698
5466
1336
8048
4
5830
3900
3669
1681
7464
705
6492
7380
966
118
7426
7271
7476
2386
3448
895
2242
8917
8569
529
3663
7509
374
7354
5200
8546
536
652
1051
7000
8027
2424
6413
8286
9080
4696
4212
5905
5122
4309
3450
5475
6093
9106
2614
3407
8734
5571
5814
7293
3456
6549
2766
7518
6341
8320
3525
6315
6481
8917
169
5839
6329
3965
2091
5002
857
9189
3306
8752
6682
6336
3794
4259
7079
8187
1416
1267
4740
1793
9812
4964
4837
3757
3544
1478
9657
8895
1945
759
1170
7897
9424
6204
4140
7610
9146
2128
7015
7612
2549
9544
2265
7062
610
7120
2755
8507
439
8154
6904
2258
1574
4687
9104
5204
1002
2572
421
613
5344
1962
7244
2546
7581
8785
6912
7590
118
9468
9041
9288
4251
7128
9244
268
2699
7775
3147
6423
8722
1149
8455
3790
3855
8911
6322
4736
7099
8935
6608
6574
1706
6402
2267
586
2299
9718
9480
1825
208
5165
8388
970
9112
7616
8007
4446
5443
8836
2505
3226
9425
3997
1890
4194
3507
3453
8691
8669
2462
2175
490
1182
2860
2467
7581
7848
4860
8657
7968
2980
8295
1321
6215
3557
2761
7484
4678
6238
904
1876
9292
8263
6430
3382
7149
7709
4512
8073
7079
8846
1027
810
9362
8032
4674
7206
8110
6645
35
158
9585
6786
868
9525
4930
8103
7781
8332
1433
6022
8775
2452
7764
585
2882
2227
4752
9478
5318
9871
3336
6787
1577
9121
1952
7485
1959
8183
8883
5554
9374
8032
6203
746
2291
2506
7394
6904
8451
9045
9927
6180
6639
1057
70
8574
3045
8776
5149
2447
2453
8632
1327
163
6822
2797
5208
1746
7572
7445
6143
9598
9449
5878
6648
743
6249
7018
8294
376
4832
7847
1026
6272
9943
7155
148
520
9051
3377
4439
3182
3033
6435
3101
741
6705
6039
3924
9494
7297
5648
9331
1006
2901
329
6731
761
4408
9327
2325
6026
482
4773
7615
4605
7606
5054
219
9666
2649
4688
2695
4195
3005
2961
6564
3013
2776
5907
4037
209
3094
8799
3079
9184
8515
20
3370
9613
424
9387
6111
9723
1052
8412
2700
8260
8819
8495
3135
1650
5820
4257
6845
2609
2953
5136
8000
9940
3765
3717
7984
8501
5289
2115
2932
1682
1693
8431
6089
7586
1684
605
9242
3262
8576
2971
3143
4592
261
8303
4193
4281
2771
2387
4388
8836
1954
470
6231
3379
2019
3429
5848
6706
1402
7610
4433
8936
5480
1017
6566
388
2406
5549
9966
5215
5015
3583
4032
9981
1993
3408
9679
5461
9523
3703
5729
2902
7726
4095
9728
1223
2200
2710
5566
8254
4757
2535
1859
966
8537
4207
9112
9243
1736
3805
1874
7222
2421
9173
3821
8371
6437
6249
1386
8611
3750
386
7183
7699
1880
1531
1209
1384
1289
5343
8188
9696
9982
1711
458
2479
1723
3066
1443
7786
4295
435
3724
5718
1828
8506
480
8553
274
1356
4786
5950
1323
6955
4504
4370
5352
4159
9085
7005
2997
7727
7954
6393
5616
2178
7240
709
8715
1342
6647
3370
4805
3600
4315
3314
6661
1464
5871
3373
1051
2656
1110
9932
557
2237
8372
3026
7207
6087
7127
7564
3980
4437
4788
6567
2480
7331
101
9649
1266
9770
9837
8931
4709
1415
1144
7723
2640
1189
7708
3887
8288
5712
5954
341
6617
8021
5835
3379
3806
4214
3502
2627
4214
9083
9389
367
8812
7747
834
9330
1363
6222
2107
1280
2818
2178
5223
9142
1092
649
386
6018
8379
3240
9276
8268
8483
4446
9950
4458
1495
6721
5843
7052
6268
7209
4717
5625
2025
777
8911
4892
354
8377
2523
2066
3605
4674
7522
4439
2798
6693
2287
3157
3828
7483
4248
974
9806
1121
1884
4365
7797
6375
7835
4641
378
5054
5011
5609
7461
9597
7116
315
1737
5493
5663
1
716
7210
4663
3809
6924
5511
1660
4801
4434
2685
3224
8784
2960
3743
5819
904
8892
4546
7095
3979
542
7882
1687
8550
9662
1913
6978
3200
9577
1971
1419
8334
1820
4246
257
2596
6457
8075
7440
2286
4714
3033
206
7692
1830
6227
2648
3717
3778
6212
1422
7191
8397
1683
9458
2834
5523
6113
4146
5011
8533
8460
5224
2463
1266
4889
6964
8713
3485
3222
4446
817
7105
4809
9265
7509
7675
3994
6719
3435
9264
3260
9421
3364
548
4227
9937
136
4788
7423
7073
344
3928
2429
3752
6253
7809
7743
6426
6941
9262
3935
232
556
1766
605
86
3588
2418
1949
5158
1528
9393
711
5747
5272
9038
1859
1914
7039
4952
6827
3925
6061
6149
4101
6888
4675
1056
3011
9699
9932
7567
9777
4172
5329
3027
8865
1598
9943
4140
6349
7718
2838
2265
5544
951
3217
6682
8480
7214
5949
5829
9387
1989
2434
9
4170
4407
7664
3717
5411
2531
9406
2249
5226
3961
9615
6539
417
2245
173
260
1971
2898
8603
9109
1087
3796
604
3150
3671
7992
2576
5796
3750
4103
8180
7788
1737
5319
8856
4457
3933
6225
8729
3817
8311
588
7039
1583
1335
6678
6264
6234
7041
5689
3857
6488
3386
3324
8922
374
3802
4514
46
7418
9955
3610
8499
1122
5780
1827
4801
5098
3388
5716
6326
5745
4168
4785
798
498
6756
9021
1814
6992
1728
6341
8755
8060
245
1692
4401
8412
6397
8481
654
9419
6179
1311
3862
4700
2089
5916
5803
9507
1876
1166
2846
1325
9362
8112
2319
8600
2526
8423
3618
4781
2699
3053
5690
3613
4854
438
877
4087
7426
6388
8700
4906
5061
6907
9565
2857
923
6097
8409
840
3217
2307
5116
561
3494
7430
8698
2132
9372
5800
5886
7973
4863
5873
6719
3126
5620
248
9845
1650
5038
1715
2081
5487
2466
7939
6264
2454
8546
9462
7677
6428
14
2777
1564
392
7936
5128
118
7424
1739
8744
4715
1625
502
726
42
9187
188
6439
7236
674
6252
6759
5801
1502
225
9628
8094
5555
1166
6243
3586
9910
8122
9458
7959
2085
4309
6326
5189
492
130
2421
9910
6294
6999
456
4985
1739
7896
7076
2266
2107
2225
7003
176
3255
6976
61
167
8308
7033
4563
6258
5495
5158
4804
3502
1044
2767
7957
4878
3861
1250
6744
544
3830
6848
9507
4502
9769
4643
6355
7658
4090
3977
1479
7685
1119
9281
4704
5109
4247
6158
6881
3458
5566
6162
4414
1135
2195
6953
3940
8972
9939
2197
8404
857
5480
6459
6345
6406
7469
5558
398
3664
678
6905
2168
1518
3679
7119
2383
1762
8062
2848
631
7702
4369
3286
4977
7667
2434
8371
2307
2815
703
7382
7718
1892
5572
622
2204
4660
2936
8297
7639
8688
5760
3216
2779
8660
3994
2895
7456
5075
4570
2177
909
7091
1566
701
6487
2194
1481
8677
3972
9098
3251
7583
2961
3296
9187
275
5945
3057
4915
7722
8826
9765
5208
1942
1942
1152
507
6316
3673
9538
914
7231
8244
8525
6472
626
326
4870
4134
10
3178
4258
4324
8541
5437
8177
254
9483
9473
3719
6949
4399
160
6847
3351
1144
1883
9623
8759
5335
1686
5164
5004
4434
8184
6019
9338
4436
6823
8560
9948
1074
8923
4904
4544
4568
5440
6667
6504
3765
897
1024
6842
9954
2588
6514
7071
1397
5174
5328
8743
702
6111
8798
8323
8014
9254
9890
357
9418
8839
5818
2659
913
3770
5875
5476
5255
2303
8782
5703
5215
3119
4994
4437
662
8321
5050
1845
1669
8947
7941
9262
1495
9816
9246
4963
124
6581
6530
5313
5549
6310
7086
4925
5079
8364
5929
6183
6713
1038
1815
9093
6391
9624
3527
7583
1117
4361
7661
9692
4203
8045
8687
470
897
6556
1164
1096
4524
911
5352
8674
5773
3468
154
8905
6032
68
9357
2297
2392
8866
5132
630
7132
8847
2870
1870
6288
1662
3846
5762
8919
6837
1110
7504
7622
6616
4028
8523
7200
4832
1659
5801
5686
3140
3320
2922
9470
4622
1551
1048
5003
5363
7299
5337
2913
8056
3337
2049
3685
9294
4808
2861
7065
9589
9754
8935
2358
2649
1283
9415
6040
834
5097
7559
7206
9330
4944
3991
5527
9948
2399
1666
111
2797
759
3556
9538
5772
4591
9565
3278
1978
4837
7906
24
8798
8736
6097
3385
4384
563
6821
3338
2135
5008
4168
265
9739
8130
3582
3112
9345
6522
3737
6894
3141
2749
4267
8829
6198
9397
6586
8058
1717
6137
4061
5996
7191
7535
8408
594
8847
606
1142
9384
5578
8327
7976
7788
6590
3290
9798
7641
1008
6452
3933
5456
1100
1011
6882
6048
4468
7267
7187
4987
3977
8762
1621
5998
946
8171
3074
2204
9722
2988
4265
8739
5379
4352
1316
4813
4773
6479
2238
2907
9599
8944
7050
5264
2204
8605
4896
6180
652
2359
6125
1579
3418
6155
5407
6815
6706
1978
6842
8419
215
7593
7919
8020
2187
5193
76
6748
9694
2069
1275
7989
5029
4279
5387
5033
1712
6356
3793
2341
3275
6894
1551
7362
6862
2685
5320
9223
8944
4500
8107
2795
9637
3819
2691
2005
1024
9029
3077
7010
8528
8147
6485
8583
1084
8136
6550
9139
767
374
5103
350
8184
4500
5143
3321
6042
556
1157
9502
9872
853
7804
5193
3962
8479
8352
1209
1588
3382
4008
2682
3279
6783
3812
5128
408
2968
6278
8725
6135
6181
8455
8570
9397
7756
4610
5136
8675
9370
5963
467
7872
3575
7137
7675
343
1292
4621
2604
9784
5340
7551
7385
6365
2420
7071
1400
688
15
2912
3073
4278
2431
3366
3691
2397
9233
5795
6205
3869
3216
2533
2217
7418
3540
4810
9703
9645
6136
4784
9116
8347
3673
8941
794
8630
1070
2204
6976
685
3209
4447
8660
6457
2889
6189
5440
208
3446
5278
1109
5496
8416
8735
6568
2807
5333
9966
2825
7610
7367
1755
4552
5230
3795
4726
605
3489
2572
5060
1326
7029
8819
5519
659
8768
3873
5760
4528
7351
9369
9495
6199
857
3675
3620
9930
4937
2373
7987
3297
1103
9379
9366
3318
1454
9894
3429
2662
8163
5583
1950
7635
8385
3952
4080
6677
2896
8076
7799
8933
9573
5437
5473
8240
7871
5555
3695
1555
174
4795
5667
1116
4585
1763
222
7650
9452
2200
9204
8873
443
3097
6365
1767
7418
1859
7814
6905
9594
6943
7033
6861
4573
9053
3724
5666
3905
1125
5446
5899
6199
1873
2487
3367
9916
834
3050
6621
3729
6430
7224
696
8872
8925
8490
6475
9072
3706
822
6011
7741
6790
1961
3230
7761
8806
6543
5531
8039
4556
3744
8326
6753
3304
2674
8569
610
2998
1851
6584
8809
1192
3175
3164
9719
6337
7989
5648
562
7249
6594
199
303
9435
8157
9409
9912
9256
5605
1109
4291
7518
8582
9173
2685
8897
3942
5567
6251
9920
5865
6073
1854
4237
7202
6549
3614
8796
3511
1424
817
894
4969
790
7962
3545
8023
7318
5146
3264
8657
1353
7392
741
2293
1290
2609
4002
479
821
2395
2421
9396
642
1384
520
8344
6066
2232
1608
5795
1116
5744
4181
292
3396
2549
7792
1211
9139
874
6623
420
2986
1263
4511
8681
1113
1943
5912
3940
9612
8317
2690
9028
8395
1498
4326
9406
7441
5201
1957
5086
3538
7469
7541
5608
3211
448
8897
8740
4816
2791
1339
9947
5771
2001
6409
9379
6872
1839
7231
4122
6319
7668
6182
2799
3054
5152
1897
1897
8222
8386
3769
3938
8916
1537
6881
5517
3721
8902
5469
664
3046
7171
9123
6821
6977
2742
3257
6393
5088
4947
2533
5602
7969
7835
8766
5870
1286
4742
2553
8059
8551
6999
517
6429
9021
7401
1030
4234
5119
892
5657
7969
6369
6567
1076
9147
8544
9361
5821
311
1895
5503
6809
3275
5853
8166
5968
1081
2770
1011
4230
8979
6349
7410
2112
6046
6654
2693
7799
9576
1712
9022
1274
4195
9289
4563
9233
1402
6759
9618
7325
1925
8920
2241
6164
3047
190
7242
576
855
1432
9948
1464
4108
6662
6677
1620
8959
4454
5029
2493
5851
1561
6245
8599
2872
4229
2613
3985
1289
8933
4566
4322
3151
3686
2304
59
4107
1245
9064
5855
9411
2116
6944
8143
1764
7558
7166
7533
2612
2942
273
6947
1729
7124
1474
364
2674
3642
3291
8818
7577
3256
9287
1921
6866
5625
8312
421
4357
6618
7513
7713
5389
9174
3081
3734
4617
8101
6834
5314
7063
5079
1373
8346
8660
7618
2593
6027
2211
1940
7384
464
7954
246
8278
6155
2829
5022
1277
6138
9246
6744
3176
5994
5429
2559
1558
2555
4042
7740
5746
4572
6807
7977
1754
2498
1883
940
3261
9247
3032
2285
8210
2416
9233
7049
9759
5143
896
6926
904
9594
6824
696
6067
319
1902
5379
2917
6100
6059
38
1984
4471
6193
2811
3656
9976
8491
5779
4272
1888
1760
2029
3105
6961
8533
759
6760
8379
2800
6415
1659
7116
6835
6152
7748
6111
1909
1435
595
6503
8023
7161
3188
2994
301
3738
6222
6421
3393
9782
6651
5116
2653
9016
7833
4795
7590
9106
1785
1143
8618
4537
3299
9644
8378
4867
7636
41
5063
7545
8066
7055
5184
7768
3864
4599
8841
111
6660
4795
4536
339
4986
3017
9763
6542
4462
7818
8318
2953
8520
2803
9650
9452
7885
3486
3862
3543
4615
5433
6102
6180
1357
5847
1715
9595
9931
4884
5151
3234
5953
7479
2446
6989
6606
8279
9550
281
9880
1836
404
9817
1723
2110
9024
5263
7405
5732
9883
378
736
5297
5495
1226
8693
8356
8981
9138
1301
168
6610
9577
2666
5083
6999
1040
356
2660
2845
9605
3935
3580
3662
2779
5028
6284
4457
9247
6823
6452
2189
4199
5001
4773
2497
655
1983
1220
8296
8250
9298
411
8979
9712
5225
826
7151
6640
5111
7983
4907
4745
2886
278
6443
7156
1635
2716
6197
2409
3899
9733
2315
4849
7978
2411
4576
7893
2585
6343
9057
9136
4363
4595
306
3523
4601
3950
7553
4201
9132
7816
4136
8839
1544
7444
1312
4722
8330
5341
9020
9267
5022
5887
4350
9564
8096
4129
1734
2814
6250
9257
4054
8767
8926
5771
381
8291
9971
2919
2555
7684
5162
1995
3276
6082
5597
3476
3304
533
1098
9854
9563
7244
7322
9790
4113
8476
244
741
5427
471
2216
4739
7951
9875
3762
5368
9912
5773
7063
3021
4750
5410
2786
1335
4104
3026
2610
8268
3967
4620
825
1200
1715
6395
9693
6809
1445
9136
1657
1904
8046
9229
7491
2084
5468
423
4044
3401
2319
229
3563
7530
3469
8077
5103
4152
4458
5986
5685
1087
5866
1976
6774
807
9645
1015
3024
1555
181
6952
3922
776
4116
5159
4975
5521
7918
702
5867
3681
8982
9209
5948
3737
1056
3294
7730
3638
1292
5541
2351
5458
3450
569
6038
6070
2455
6684
2438
4453
7398
2488
3219
5367
6306
2786
3414
8310
3102
9582
6233
3755
119
2004
2105
6656
6027
3037
9750
6351
3284
9386
263
4640
4600
8464
7325
3546
9121
8904
3066
1234
8264
1413
6282
6494
5989
581
7431
8270
9880
9420
536
1710
9307
8596
5338
1446
8464
9381
42
9417
6934
6086
1168
8012
2224
8579
766
7841
5461
9867
9188
4197
6516
4999
5491
8705
5722
5610
666
5446
5605
1480
6471
3863
8850
8552
5333
6004
3125
5879
5082
9739
8861
3648
4299
2177
245
8270
4269
7410
9814
9589
2808
12
231
6338
5194
4307
3104
6633
5723
2853
8714
4596
3812
5454
9615
7304
9162
3671
3246
4762
4716
9581
4785
9449
5335
2868
700
3314
8460
7452
1341
3256
5632
6016
8671
6458
3631
2511
3358
1026
2899
6492
155
2228
1024
4265
9835
8845
2561
2940
9107
597
4164
5051
4873
3227
5227
782
1003
2326
3606
9789
8172
8271
1512
5458
8963
7795
6783
3157
3672
6650
313
2220
1862
8223
9426
2557
8424
1069
3032
1855
752
5519
8344
743
9092
580
1143
5444
1230
2849
1508
1032
7419
3109
8319
1883
715
5566
5301
2039
2061
9404
9267
2457
284
1943
3188
6649
3801
2670
2358
9933
9294
1751
9037
2652
9927
768
6366
8383
6652
1338
1926
823
5142
9280
4800
8752
9903
7542
1841
2857
5768
992
9793
1348
6252
5886
459
7148
7392
4493
1643
8560
490
1574
1738
5668
4072
5667
1956
9946
9200
6918
5387
723
7477
8443
7314
1003
7143
4436
6745
6258
828
9500
4165
8301
1957
7688
6400
4040
309
9217
990
2158
9695
3366
333
3567
7542
9132
4679
4236
5585
1895
3657
8849
5604
9070
3871
7808
8572
9455
5
2955
7748
5384
7731
989
7409
3436
3710
6384
9266
7915
9637
9982
5927
3228
1027
4110
8110
3747
3461
8010
9756
2509
673
8933
5842
5315
2697
2887
3816
8592
5468
853
9212
8035
4410
4311
5635
9343
6157
4105
5421
8295
4969
7670
2258
3675
2921
2376
8042
9761
9697
4824
5994
1994
3199
5238
4711
8797
5146
2094
739
823
2567
674
2447
8783
770
7892
8818
6716
8474
8767
7589
9355
2588
1461
7539
3002
6675
2167
2393
320
4844
4055
8894
644
4858
7217
4835
9171
9599
6838
4196
4063
3366
4598
5727
4295
5223
3474
2905
5029
3557
1325
1286
930
7234
6639
9405
1738
7699
1708
2121
2979
9700
418
5978
8512
1779
1802
3925
3552
3057
9646
7117
1636
4570
3526
5989
7990
5734
3243
7779
3201
9262
7364
6763
3519
2768
7964
3409
8219
7812
3097
1472
7891
4716
1217
4363
2947
8619
7214
2516
3420
9549
9352
1972
3911
4208
9650
6360
3708
650
1414
6004
4455
3928
8920
3716
2336
3655
2459
5743
3814
8393
5705
5740
9959
8173
9225
6919
3353
9163
3041
9371
8519
726
4359
3651
9909
5392
2851
9310
3118
1604
9700
7568
6397
7093
7016
3962
5795
7500
2027
9292
6159
1471
8701
5026
3843
3612
2012
5737
4983
2730
3006
4545
7609
2043
7484
3729
9569
5268
3807
6943
804
3149
2625
2210
8693
8137
9342
2866
1157
5262
1124
5852
7135
3749
3211
7047
2025
9333
9808
6296
3379
7113
4327
387
8597
5154
9959
4353
9608
3287
4393
527
3693
5083
8487
3010
8845
6490
6332
5706
4269
9145
4580
9720
1606
7154
7409
3859
8832
437
1704
235
5460
7510
3564
3690
8821
2237
3613
3538
8177
4989
3258
7870
869
596
2159
2052
5261
200
8202
5534
3000
4102
2026
4233
2533
4607
8781
1442
7745
6099
5521
9171
1583
4157
5067
6182
1519
4797
4189
6608
2877
2794
7528
9280
5887
6710
8850
1009
4995
5356
8598
8631
2235
6169
7235
1357
5483
9330
1157
4214
3456
2170
5793
2078
9468
4086
6287
6711
5529
5976
533
464
6011
1593
2656
205
6574
2746
8345
5823
5756
7772
6447
2388
7501
6889
6936
5413
6921
3709
698
2188
3639
9975
3152
706
7000
5450
9812
1800
423
2138
5479
9019
4823
8133
2620
641
3512
7029
4783
2737
984
5334
8457
5683
5723
3405
4576
2579
7150
873
9789
1820
5277
8344
6824
6035
8441
1950
3205
1124
2934
6545
5399
3617
2292
7428
7564
9367
4268
6294
1900
9891
8926
7961
1204
8304
1517
7468
4983
3595
873
7232
4650
9549
2349
3659
3741
6478
1308
6585
2200
1562
3824
3659
9803
4439
9934
4839
3391
8294
5840
5208
8311
855
8973
9898
2894
7316
7140
8520
4518
972
6966
9609
250
5701
1894
5850
1268
8633
3686
1086
8058
7683
4094
337
6066
5266
8157
6765
8370
6678
4077
6689
7754
5664
8921
3794
576
2450
764
6425
9338
2788
2066
1227
4596
4215
3408
4102
2544
4084
3571
4757
4607
4754
7149
627
6761
8635
3831
7627
9158
375
149
7840
6895
277
1855
4585
6779
8100
5274
8817
7868
7261
1748
5269
5616
2866
5740
1851
1857
4055
4220
4286
3107
9319
2081
3000
8515
8293
7033
1940
8619
3137
7266
8963
2639
4226
4332
4319
2359
8823
7322
4444
8809
4753
6888
7346
3006
1880
5011
3894
2894
1979
5769
5103
6154
5863
4733
7576
8195
8855
6070
8485
1066
3333
197
4731
9994
2785
2630
1389
8534
1421
9492
3034
6732
9776
5476
8353
2430
4735
9993
6635
3282
3138
9045
6640
7367
2163
2808
6775
9493
6755
6123
3504
2753
8836
3377
5476
4555
2157
7351
221
9249
3621
5360
1473
2487
2735
8370
6378
387
6379
5146
3460
8861
9435
5203
7928
4287
3557
7364
7830
9976
5855
1895
1778
5298
5987
281
7896
6398
9999
3798
272
7383
9772
7385
9660
7778
7572
4153
4632
3793
6429
6387
3114
1609
2662
4642
3317
3633
5449
1188
997
4793
9520
244
3393
1726
3581
6174
6499
2453
473
9980
387
2581
4873
6077
9088
2049
5543
150
6715
9404
2731
4037
3546
9468
8781
169
2635
1345
6963
4263
949
8811
2800
5479
7862
9528
3992
7934
4196
1398
7653
2178
3319
6449
5999
533
6736
6584
5553
1268
8090
5298
4473
1593
2061
5483
6697
3925
2944
3412
3538
5154
5490
6210
9030
1576
9780
9393
8215
9560
8056
7608
5953
5317
1750
552
717
7096
3468
8248
3432
6051
5791
5694
6172
5650
4338
1207
3417
2379
2830
67
4989
784
7859
2499
6688
7108
7419
4423
752
7342
8369
5993
3211
481
9345
9155
9842
1509
4765
9601
457
4696
9979
7487
9363
9795
37
3380
7237
8572
5975
5835
6730
7989
2619
5169
7457
9251
3864
3609
9677
9044
7495
6090
7681
9797
2483
5691
6305
5182
1365
1908
7613
3229
9609
293
804
371
3135
6892
7070
4039
7186
2180
1366
2533
9263
5221
7862
4176
1697
590
7645
1156
9923
1412
7201
3889
9806
9565
7312
4346
7074
2054
7207
4067
8222
3500
8380
2326
4364
7086
6116
6971
6538
5638
1858
5315
4723
5147
534
7261
7829
2129
3484
775
4263
6457
3305
8197
3091
6914
564
3570
9579
2724
6964
5131
4972
7299
4311
5762
6841
5536
9811
4611
4474
673
4617
4285
9554
1885
9166
4658
9030
51
6517
4945
8569
6432
9803
1764
195
182
9234
7449
6521
2545
7391
3814
8673
6727
342
7423
835
4772
419
2293
2318
8873
6300
3590
1839
9020
8643
1206
7748
5905
4539
9528
6206
2019
6561
8540
7495
2547
5567
6659
6302
2361
8089
1928
3281
803
5611
2827
1543
1743
3823
4258
9631
4224
2627
9696
131
6213
9924
1174
1539
8027
9701
615
8006
7863
7607
6654
165
1801
9927
8288
9205
3760
5991
9956
783
4372
308
1036
3409
5816
9662
6005
2082
280
9896
1982
9391
6864
8409
1281
2622
4392
5119
8274
2660
7474
3921
5418
3196
8956
2661
9741
1815
5534
5053
5871
8233
2670
8912
5758
5905
8888
7764
5723
8365
3696
8532
7726
7966
5624
7263
3300
3392
8646
5665
4812
8641
7716
7296
3309
450
4890
7839
4453
3154
9921
4189
6548
5227
4025
3749
6720
7952
2650
5376
3734
6628
9396
9909
8964
8941
6195
7451
7572
1693
9360
6348
3169
9868
240
7230
516
5374
5603
5307
1014
1049
3311
2568
8443
9506
1984
2498
3941
1875
542
5348
742
3269
1931
8184
9244
7807
8331
4368
4255
7439
266
2760
3793
3572
1020
6679
4987
6795
3232
1345
2348
7342
4361
2685
3317
6827
1465
9457
6956
3697
3510
5697
1150
4012
5606
9899
7937
2056
7985
2708
7042
1234
1052
3575
782
550
8775
4870
8485
5305
7511
7145
8642
9196
2999
3399
8908
9245
4866
2417
6342
8874
7411
558
3928
4569
1609
9781
7966
1120
8741
2930
8810
524
4303
1113
6289
785
1903
2766
8052
6595
972
1651
6186
6364
7055
1954
1012
2207
991
8691
7189
5567
6366
8168
3823
494
9647
6212
8941
8993
6904
7364
6563
4580
8335
8117
4893
1885
7109
8122
7342
2099
4365
9747
7901
5760
4371
7564
7514
9655
8768
5759
129
49
5741
3242
4158
6134
7290
5795
1138
5690
3825
9058
9691
3607
5088
1605
8028
8937
7060
9126
5097
2868
1349
5089
1202
6619
267
8063
6122
2082
8697
9285
225
1144
7234
6513
8839
5092
3959
8759
4595
1314
6984
1651
8274
5306
56
4293
671
2766
9535
8577
2594
9642
661
7261
8700
651
2040
7538
5867
9227
9672
9055
6992
4540
8833
8546
6372
8574
2766
2935
4977
8301
4531
3783
5883
9697
6815
5895
6563
5973
7391
3356
2546
120
6691
582
482
9973
7813
8188
3052
6420
2892
5367
1641
7928
4658
3733
6473
1509
7920
2097
9999
6599
3600
4293
5110
6878
1377
9002
3835
6144
975
9893
1836
6316
6508
6872
7849
8250
8063
6399
760
4578
9883
8556
5409
9164
2141
7955
5038
3081
9421
5053
8052
5293
3356
5947
6519
2397
5472
3603
8596
8810
4352
6907
5445
2998
3530
5325
1420
7786
5884
8223
3446
1521
1337
5421
6716
5043
8883
5946
4737
3422
3964
753
6723
5922
1841
6543
2959
561
353
5451
2777
4459
7803
1949
225
2975
3111
2411
5633
6816
6534
7252
7197
1198
1607
6530
3956
7935
9230
1475
3514
9526
8866
5173
4846
3599
184
9522
1156
6987
2365
858
7433
433
5445
8986
3718
9387
5196
3741
1932
6472
313
7920
6887
6712
3556
5524
4314
5310
2586
5024
1330
8877
1936
3251
5593
2629
7103
6625
2790
3588
1254
8645
4450
5676
9819
6763
5753
2621
2812
4568
2739
5489
9542
7042
9213
945
8286
8133
43
4660
5207
5845
4401
7341
9527
8555
8496
2193
3393
1089
2283
8570
950
8344
5217
1667
3470
1210
6892
6792
9770
1693
2498
8017
2285
5841
9334
4894
4038
4647
4342
8969
6582
8130
8380
5408
4244
7109
6149
1263
8266
3560
9227
1722
2285
4168
4538
1198
1824
7545
7475
7075
1241
3251
4889
3514
3346
6383
5056
3685
9221
3601
8154
8745
6746
3313
1988
2820
9964
9808
7423
6360
5061
5629
8525
6210
2465
776
5732
8116
1302
8135
3070
6493
7171
7267
7728
3331
3240
4866
2062
7860
2053
2463
2041
4665
5405
482
4976
8971
2180
1717
1233
2015
121
1114
2013
5611
4725
8679
1048
2570
650
6939
2382
1085
531
1661
1573
9478
5584
8656
9580
5098
7746
9562
4307
2598
3587
3860
804
1983
5799
6760
5935
9584
6901
1055
6371
6057
5253
2117
8605
4560
3818
9491
7210
5113
80
955
4133
3744
8908
5497
3386
3523
2137
6135
4268
558
6806
9414
2023
865
7875
9064
6771
3889
1004
2798
4183
9476
5289
5516
4225
3467
51
5020
1279
8255
2352
9194
2518
2631
9726
7060
3075
301
3373
2411
7447
766
6786
5812
9250
5838
93
7740
6685
4753
2720
3320
4108
7282
6772
4657
8454
3391
1272
9919
3472
7117
4855
6013
8206
7611
6896
9391
1138
814
5989
6469
515
8592
5350
3417
2689
9476
6265
8386
3373
2311
8334
6526
5534
9031
5085
5236
5859
5069
8605
9683
9029
3454
8939
330
5910
772
7606
1638
8942
701
6601
5870
8764
6250
2804
5515
1931
3354
1967
8977
7125
2886
6545
1160
8782
8329
478
9174
2526
1659
3532
6069
2209
6305
7439
7061
9653
5020
7507
1917
1870
4627
9443
2672
5710
2464
7761
9283
6227
9569
3304
2505
3101
9627
2557
6143
6909
7778
1548
7580
293
8432
9112
7282
7169
531
3661
2459
8810
5743
5862
6911
5847
50
7107
2498
3442
3873
5450
6317
567
1194
2947
2956
8354
1027
2967
2581
3747
1296
152
1875
3471
9926
1623
3438
5514
2161
5502
5178
8803
5302
472
483
3707
6393
6657
3051
2520
58
2701
3035
2327
5230
7012
9099
5484
6156
8927
6142
7564
1080
8711
7514
5591
3986
3439
5920
8426
3669
6984
1280
8370
272
7514
5265
721
2463
9248
1961
4369
9916
60
3688
8595
7116
9547
8241
2913
2524
7953
9357
3233
9360
7614
7722
6591
2958
4892
9720
2953
736
4624
8850
3074
1420
4665
2055
7715
1747
8377
3021
6907
6966
1773
7647
1019
5022
8919
8475
4438
5197
3007
5902
5716
7626
8047
9010
2657
9791
8673
7763
7571
9527
9007
3632
5291
1210
614
7174
2451
7492
526
1165
4146
4931
2450
6266
7587
9966
6703
1568
4039
6417
5282
7755
7729
8721
3134
5448
3372
5654
9397
7923
3073
613
5450
7380
7958
8140
2356
9809
4408
1744
6023
6946
4671
1841
1755
784
5176
1781
1422
2691
3088
7104
3724
1154
4245
1251
5902
6569
8075
5166
3802
6796
8094
2602
8092
3532
9481
5069
8307
9446
7610
6894
7160
2294
393
8335
3084
5888
6965
2349
271
1591
4231
6706
4835
5968
6889
4296
3134
6707
2237
5786
1733
9241
7942
9227
8851
2069
3749
8223
1303
106
3473
1976
5080
6193
9944
1429
760
5909
8167
14
9604
5726
4894
2210
2564
1388
7766
2123
6643
5185
1935
1600
7208
1824
5160
7919
4352
1166
9484
1014
2138
8742
1046
165
8118
2255
1625
8641
6024
5460
3535
7225
8539
2223
6182
6007
4347
5732
6662
7462
4303
1625
1580
6118
8171
1872
4767
3256
1032
2024
7077
9594
6425
7153
7875
861
4680
4729
4091
309
9763
9124
6098
1182
1649
4709
3061
4985
5642
9153
3571
8620
4503
2021
6711
513
7162
4927
1993
6245
7487
8368
7608
3999
8382
3941
799
1385
4347
5320
1327
9618
1640
6353
7699
5178
5526
397
4468
3461
8810
9782
7614
1879
8453
8457
5090
4403
442
7362
3699
9752
2735
7846
2821
1395
1515
2099
2799
7708
3910
1675
637
321
7826
3953
6979
8150
4322
1532
4986
6765
459
8532
7435
7705
753
5729
5546
9925
8850
6396
943
6984
1621
1574
6883
3794
3532
6304
3663
3427
7597
6759
9551
7135
9144
7293
4053
4500
1477
6940
80
8909
2376
6933
9293
4203
410
5115
641
5786
6552
2874
8858
7513
731
3652
8700
6251
7069
3185
4617
8018
7869
1558
9167
3699
8980
299
8561
3460
1676
1046
8448
1909
6315
2034
4608
4687
2281
2680
3383
8416
5662
7877
6874
4722
7901
2037
6403
5491
8592
7801
7430
8291
2322
2062
1040
817
7766
5593
5222
111
6554
7180
4109
5506
4426
6948
1198
8697
9044
4012
3969
4389
9802
6200
2355
9992
4683
4444
5798
6943
3896
3069
4868
3874
3615
156
9586
4253
993
3791
6921
6688
7458
3271
1862
8482
3767
1368
296
952
838
7705
6447
4579
3831
3040
8488
6122
9706
1048
6134
3321
9795
8278
6214
3484
2312
234
1890
4269
7361
6945
7703
5253
7091
7281
6931
6530
4337
3873
6224
3315
4148
4845
6104
6190
6622
288
43
575
1667
3464
4547
9945
7656
3600
6892
9179
7057
8378
6169
3532
9477
6026
3591
3893
1
1194
7488
6550
6108
1958
1784
5832
4823
2818
9172
4950
2173
24
6862
2024
191
1315
2602
3896
2397
7757
7596
3491
388
7752
9473
5959
7704
2691
3837
8121
1253
2210
6188
5428
2800
3493
4466
9709
1680
8715
5122
4838
4427
1942
7005
7032
1516
4145
3341
8161
3424
9694
1495
2243
3598
3997
6161
8356
2484
5824
8127
2131
8980
1050
3696
9963
3835
1434
9224
6698
6849
2892
2216
3682
2635
2757
9063
8445
746
2440
4443
3559
9350
5676
4697
1559
714
3944
1829
8802
7331
6109
7224
5856
587
2991
5857
3377
8246
7042
3197
81
4921
6642
1311
531
7477
7813
9608
840
4933
7715
7610
43
1380
4568
2780
3304
6353
2136
9248
9890
9604
421
9366
740
5668
6360
3095
9644
6900
5686
198
3703
9243
4361
8638
2707
4364
4165
4081
2901
4336
989
3869
9615
8498
7180
4475
6018
210
2553
7023
6110
7794
3307
477
4500
7276
570
4863
1117
4717
9964
3939
9247
7516
3906
800
7019
5930
72
8939
2187
8054
6346
5554
8614
6552
9750
2241
8487
1885
7076
9433
4347
8662
4088
5909
5936
3883
4138
5431
3794
9302
2964
8184
4372
7050
4621
2099
4592
6380
7455
88
138
3613
4836
8055
1447
7752
1863
7947
7525
8329
6376
9232
7641
531
9592
585
3428
7996
4864
3135
1792
4640
5145
2885
5090
8162
1182
1564
1930
7651
7649
2107
4429
6987
9295
733
3826
6033
4462
8183
2020
6190
7906
5464
2926
3731
542
3840
7458
4035
8671
6596
1515
4320
8296
5497
8468
1951
2964
3284
6570
299
6017
9873
680
4269
4802
653
1235
8858
6759
7394
3534
6681
1114
5602
6734
9680
9958
1358
7619
7341
4106
7895
8980
1053
591
109
8691
3797
2265
1874
3068
1177
1612
1721
173
8032
4784
8657
8928
9889
2605
8599
7276
1276
3061
4834
3205
2694
8762
8788
1992
1606
5665
9229
6192
8121
892
9627
3677
4693
1962
7437
6592
4884
4326
2356
5069
9393
5428
8701
4895
1301
2430
7730
4735
5506
619
7704
7991
5757
6903
5996
5035
3477
9882
1462
5512
2382
5528
2051
7139
5157
4979
4235
7927
5167
2006
2391
6949
705
9764
3812
7265
60
3892
690
9175
7934
4493
686
7502
3188
1635
7919
7790
5965
2402
3115
5002
2864
6844
2686
3864
3377
1562
9737
6321
8194
9803
9568
3499
8227
754
7285
5992
3091
8730
4974
9584
9191
2286
7577
7888
4842
4548
3951
3522
7059
6445
1961
2764
8891
7389
4085
3861
7078
9948
3887
8498
4155
4369
981
8131
4925
7187
9275
2433
4350
1927
4699
7234
7428
3531
5810
577
9266
4798
9021
8829
7610
6215
9261
1749
7841
6803
4608
838
6669
3424
8914
3142
4842
6475
5428
4822
1305
9446
2963
7655
5273
1518
9171
5132
1745
4727
5336
5359
1578
3507
4594
2279
926
5058
888
7940
5107
9231
290
8121
2579
8437
5763
925
3012
1556
2391
952
8102
988
9272
9820
1835
1366
3556
6092
7043
4128
3
3114
1467
9248
9259
3162
8830
6634
2216
9784
5587
7488
9714
2074
9155
4841
5076
6835
5754
8246
2120
189
2335
4383
7257
590
4234
4774
444
9559
1502
4795
897
978
9227
7175
6653
3331
9177
2601
2095
6377
9339
2607
5365
614
1273
7198
664
6993
6290
6720
338
8796
2008
9814
778
7083
1990
8669
8927
4055
6190
2656
8281
791
6591
8736
2847
1980
8187
1745
7657
3152
6151
5742
849
9727
9018
6642
9316
7036
4110
3451
3269
4782
4457
2100
8969
9413
6396
9569
1340
508
3674
8039
187
6682
4326
4573
4023
2537
4351
8684
8805
4545
9062
7185
2645
6266
8964
1051
8065
5348
9352
1890
9945
2738
9387
3498
6334
4490
9766
3433
5583
8618
404
7149
9478
8112
5554
4166
5401
4444
2619
6779
2685
5426
4645
8723
5719
7271
9455
2703
448
5345
1503
5992
1155
1783
8094
7448
7295
827
8239
9532
2770
917
3101
187
4140
1913
7707
4533
711
4797
5649
3621
2728
2573
9205
4519
8092
664
7778
9062
5035
7063
2985
237
7114
4412
5993
7694
17
8106
6871
4574
6205
3086
4009
1768
2325
4458
4583
3806
9564
4922
1992
5651
9696
7882
3263
8582
2578
3574
9355
6631
3048
9176
4497
5707
7932
2863
3072
9727
5919
12
4515
2605
7925
1075
7416
9642
8564
7437
2194
3634
6080
3972
9498
113
5070
7333
541
9231
1149
7410
5116
6443
8750
240
1525
7028
8589
8301
