6038
3539
2144
7761
2438
5632
1579
5393
7047
176
7407
2146
8560
7701
9871
2754
7771
9162
8409
3032
4978
8555
7062
3761
8870
2711
1063
1678
9216
3947
1180
9512
4105
9939
9537
8454
2195
9610
5047
1782
9801
7950
6735
8376
3320
6259
2704
5516
8626
9572
7110
9955
612
9059
7298
7483
6477
8382
8890
9726
4569
9900
6176
3099
8996
7894
8040
8621
8164
1417
558
8160
4114
6627
3231
7027
1819
8686
440
2611
7
5546
3052
9644
6837
1224
8899
5046
2640
2054
1977
3812
720
5321
7213
9900
1773
3636
9379
5425
8218
4082
7352
7209
9013
8949
5840
3985
5828
270
5664
7791
7942
6279
9719
9022
6848
6532
6261
7772
8995
2994
5980
6109
9439
6745
7440
8793
9413
3331
5254
8183
9306
5015
4392
5924
8193
5843
630
7887
5383
4914
9217
2370
6390
4186
5870
4440
5602
8190
3052
5241
7374
1607
6430
5224
8101
1243
7769
2268
1509
7047
4571
2497
5016
7481
8484
2926
1887
3794
829
1004
5901
8374
2388
4080
3776
3610
9719
5253
874
3000
3191
1223
279
12
808
7698
8584
9168
7823
6950
8074
8362
6378
8336
343
6720
7353
8908
5701
2943
2552
1807
7361
2047
9339
9000
9219
2349
1447
4490
1523
2516
1393
8509
3855
3347
2217
5003
6672
786
4342
2719
5970
3879
2930
7539
1996
4051
3737
7055
6257
810
9551
7931
447
1383
3862
8231
673
1808
8479
6235
7720
3332
5426
5557
6969
7868
4481
6995
4503
2349
2236
4915
8601
9833
5836
3481
9117
1799
7004
5168
8611
4391
8233
712
2964
3462
8062
2472
9485
3986
4330
4864
2306
8106
4998
2638
8452
7372
570
4127
9570
6742
2552
3907
8574
4636
9329
613
5546
380
9114
8873
4803
3311
7623
3328
5099
4713
2593
3507
9806
2008
7509
516
8019
7371
2608
494
4834
3198
5029
1744
1229
2876
5597
1868
1839
4325
2138
8327
4132
7448
6925
9104
4871
5456
60
8995
483
1670
7538
3739
4779
7063
4321
7561
9232
2035
5888
1202
2028
8834
5779
2348
5351
7369
7644
1927
7713
5754
1489
774
2575
4265
9374
2357
5083
8405
5645
2562
7310
3613
11
3164
5659
1290
6965
4165
8555
8036
2636
9803
8436
935
6299
5298
1669
4577
3753
7501
7812
8133
1281
4728
180
6764
1163
513
7689
1964
2478
827
6390
3326
3891
8414
8823
2615
6688
4061
404
3478
3371
9677
3118
1686
2337
1639
7965
4076
687
506
4652
8143
4750
9176
2331
5282
2983
8895
126
6452
6476
6590
5558
1808
3412
5109
7044
7884
6474
9054
7889
9691
7097
4333
4761
1603
1610
8494
4426
9524
2547
3612
1276
1972
6174
8247
8576
4714
6083
3540
9631
7792
3935
3952
7002
6781
4119
1309
8274
7227
4595
80
7601
1633
2616
4960
1045
416
4414
727
3672
4488
4469
601
3904
2863
5314
3586
5634
5164
6533
2329
1801
2933
9422
96
5756
3145
7331
7980
7484
300
220
7198
4929
2466
6011
9643
9355
1214
7201
8159
299
5355
9868
5143
3323
3333
47
4138
1467
533
5675
3109
694
2266
8279
4667
2210
2520
9204
7900
3085
6434
3243
3371
4268
7270
5671
1437
6852
5670
4230
4419
7962
8373
2029
6446
3065
4279
6772
2422
3097
3192
6513
6950
4625
7110
6504
2663
4187
1343
7432
6834
2009
9301
5074
3865
2112
6496
874
6053
7662
8610
7285
5796
6302
1255
5147
2320
236
1832
1601
7931
5748
6781
4803
9892
9920
6292
8746
7158
766
3007
7249
5509
8237
7396
2410
8661
3299
8163
4334
6569
3405
719
4760
4486
5906
717
648
3369
1963
4183
2426
2355
9741
9501
1086
5227
4497
5181
3945
5819
7749
3716
5286
4654
1360
1776
7558
8906
8845
6486
9021
2073
7498
5032
4526
5028
2021
316
3985
9203
5644
5376
5195
6583
581
4894
5767
8736
6310
7182
4163
8117
4218
8514
8819
9689
5432
105
3126
4130
3158
1742
4524
5477
5162
353
4856
4708
4974
6057
3205
4181
1195
4741
175
2372
8520
8703
4073
6465
6008
8821
2595
1662
2322
903
7855
8984
6212
4837
9596
1916
7190
9855
6045
3902
852
9718
1421
228
38
1059
3761
252
3976
9981
6921
9476
8338
6446
1168
6729
6032
6660
8121
4336
9146
2861
3154
4258
2497
5872
8496
137
6461
1289
6991
1340
8696
6273
1520
8802
7282
3845
6427
4949
5060
2343
7686
2341
3981
8378
645
9765
3668
2866
5883
529
1733
1708
4756
7991
6564
7162
7730
4166
2562
3624
3791
2686
2990
5581
780
2065
4926
2365
9446
2187
233
3172
9276
6802
5175
812
276
4119
5226
8730
6468
3594
5405
6462
9606
6988
1516
3529
2238
119
6114
2261
2386
1436
8551
4999
9350
8400
7598
8579
4838
1302
3419
3696
295
8561
2431
7953
2815
5751
6885
3611
8939
3832
7155
196
7281
6527
5974
3792
548
1397
127
9327
6072
7972
785
7840
8251
176
1462
1876
6521
6647
3891
5165
174
1709
6167
1045
4556
3563
713
6486
3233
2503
3322
8553
4280
8355
7718
2823
2425
3806
8030
3441
1175
4092
7623
2322
7775
4591
9702
2639
4289
5009
7089
2291
9941
1989
21
5571
360
4928
9235
6984
684
3640
6093
3569
4650
2231
3559
9895
2458
8638
9450
2714
8616
450
3990
6081
4085
3844
3270
9965
3861
8074
2197
8224
5413
1030
8612
2291
8333
2146
2462
7497
4570
1045
2757
7534
7999
4054
7671
5543
1031
9806
181
5650
5558
4375
3675
9491
7999
3939
1485
6515
1658
9270
3123
2610
1443
7868
8155
3620
3619
1268
1562
311
6176
1953
8144
7570
7693
6456
8082
31
6172
7727
8934
4055
7892
6547
2665
1038
7354
9121
4292
4393
660
5946
5838
5300
7922
146
6091
130
5899
4051
1924
9762
8244
9869
9474
3604
6230
6104
1798
1543
5857
1454
343
3931
335
9068
4717
4895
5202
7116
6265
4497
6976
7168
9651
229
6114
2843
9647
7546
364
7951
4131
2121
5802
9171
5811
8023
7073
9061
4807
1250
7323
2749
8535
9205
5603
1907
4964
8854
5429
1195
4927
8782
7785
7426
2786
1075
218
9244
7490
3387
6456
4251
1178
7905
7322
8221
8128
1164
3257
6694
7822
6141
2308
5015
7174
4227
8632
445
4625
4207
7878
793
2116
9168
3023
5349
4335
8375
6384
4735
7804
7828
1570
1420
4793
3071
1570
630
1883
7381
3779
3800
5597
8734
3373
8786
6473
2770
252
8559
2442
9773
4618
3282
5508
5663
2135
2009
4881
1973
3886
9752
4779
8521
8889
9994
4570
888
222
4102
2656
8002
8562
7244
428
4078
5196
3382
5795
4237
8875
1565
8123
7825
2293
8031
3209
8288
5911
9129
936
9560
5748
9909
3495
4026
9020
7076
9844
3379
4215
5585
2547
6149
5902
4439
1210
7374
2854
1430
467
8753
6214
644
3098
2321
1629
6954
6227
858
6784
6282
4976
1093
3166
3095
2254
8652
3748
6401
5057
8119
3537
2416
22
3290
9017
1973
1922
7854
6820
5834
5433
4481
8661
2183
3346
5103
6811
1173
2397
2066
848
8986
6594
7932
608
1454
2983
2807
2184
2557
3626
6453
6372
2347
5215
3798
622
9807
3303
9655
5031
8373
4037
949
849
494
2431
983
9748
7150
1841
2574
4004
2991
7271
4550
5821
2089
2681
7562
8990
9115
5669
4262
2208
8980
8109
6314
6967
9548
4481
7003
7869
2741
7035
2475
4949
5644
7083
113
9023
1999
3058
5033
716
1051
2448
3380
5076
665
7976
8533
7126
5741
664
5915
2704
9774
8741
1869
2385
6117
4015
200
2669
4837
4704
1262
5956
4796
9601
176
5005
2567
8539
6991
6057
635
3546
1157
6531
4728
1237
6301
1571
5948
9877
2128
2077
1120
9770
5174
6903
5214
7728
2905
7983
2857
2364
5878
6346
1186
7424
279
1064
7800
3527
4558
7201
3673
9857
2068
6228
7584
5337
7656
4879
7714
8628
6721
4960
2575
9185
4835
5025
4427
3273
9791
4839
5633
9007
3199
8271
7667
4810
5344
7304
957
5237
3771
2420
5318
4927
8403
1262
7702
8945
9318
9876
72
8026
269
4229
5642
917
3770
2000
2588
5254
6636
4526
3736
9719
1567
4666
6657
3797
8560
2773
9993
351
3921
2476
4857
4301
9642
7648
782
3573
7323
5481
3954
9914
4767
7607
8737
8970
2628
6749
1039
3343
4715
5703
8600
9244
8683
5598
3359
3736
4605
3904
384
6544
9883
9720
4104
7793
9372
1341
1275
6122
1218
9015
7931
1155
572
3821
4952
3960
5928
7686
1169
1811
1734
6649
5635
8217
3875
5612
5617
4043
4288
7045
8967
3418
5096
7409
31
5046
3502
944
9598
1286
5474
4917
2124
5700
7772
7445
8672
4861
646
9399
7808
6918
2735
8573
4810
3233
4084
5886
3917
3759
5724
7232
1833
4173
47
4513
6058
3162
3790
9905
457
4984
8088
9883
6336
6816
4524
9935
445
6430
6939
755
3397
4888
9237
2049
682
6522
2599
6797
962
7615
7026
5838
5562
8242
3084
7950
5653
3258
1386
5510
1071
740
8942
2823
8830
2852
2237
7994
8709
4149
5440
7487
6820
4968
3834
6944
4936
7997
3830
9535
562
6992
8943
2841
7958
2249
4320
8094
3732
6573
4281
7186
5044
1428
9684
2656
5946
6413
3219
7830
4285
4604
8088
6813
2175
9539
9018
593
4407
6139
3014
7655
9428
1850
4947
4078
1797
6101
4865
6580
8531
4142
4262
2135
9867
8253
2443
5391
5284
1178
998
8523
4778
6000
5250
5957
8904
2130
666
8418
3231
3727
3687
7592
3559
6626
7758
3193
6481
5605
859
9844
1548
6638
9298
143
342
5952
6945
3921
7096
3627
5309
3228
5140
4491
2876
3427
6600
8989
5174
9666
5435
6446
3349
4804
455
6669
8576
3240
495
9249
8909
9679
318
1153
6974
8140
6701
5106
5614
2951
5184
6745
1322
9603
8417
458
2451
9068
3749
4331
6593
7491
430
1193
4409
5102
3288
4493
9687
3673
7376
3704
3425
7846
4717
5629
2910
3987
7516
4736
6725
1493
3374
2223
4481
8689
5123
3745
6386
9997
4217
9507
9491
6164
2655
1418
9248
9125
6744
1872
4851
2208
5419
1941
5574
1480
3319
3475
4886
2788
7548
8464
1551
9013
7605
5100
4116
8207
6711
5719
9978
9542
8107
9690
9456
7868
4213
7261
5191
3298
6381
3784
7243
5644
9884
4517
6073
1433
6648
3001
5370
1648
8858
3598
2449
5752
7955
477
8558
7555
7301
1041
2414
1024
1893
5308
4100
5729
2484
7705
7266
6057
8284
1587
6406
3764
1221
5907
9128
3087
9026
2683
1558
3710
349
8330
683
4508
7240
3703
9913
3735
8702
7635
5997
5339
1369
6218
3750
4576
417
344
8948
8942
5734
9312
3363
7271
7191
8685
4531
2048
1349
5471
8529
4617
9482
8704
675
3563
4624
9591
8488
8781
7792
3531
7354
648
5590
1067
2394
5002
2156
4552
2670
8681
3735
2616
7975
1036
4966
3412
7317
8555
9171
7864
2386
3231
9106
1379
5856
2665
5543
187
9951
825
1856
166
1149
2203
1958
2715
1680
6124
6291
9529
9892
6796
2800
9847
882
6866
728
9639
8597
1211
2274
9932
9609
9928
1144
4122
1542
4210
5210
9728
9458
1969
4600
1845
6825
3568
1466
5772
9077
2251
1732
1192
2264
9642
7972
5589
431
9259
497
8989
1937
5904
1589
8739
8550
1923
557
1221
1058
7835
1172
7469
913
6562
70
7922
2196
954
3021
7314
5400
4955
561
6346
9479
1082
7668
9966
1955
5555
3691
2283
3713
6221
7791
3554
380
5861
3295
4902
3010
244
4714
1242
1078
4262
279
5702
9572
49
3393
9476
6237
3182
3588
6981
5343
5242
9260
7468
4254
590
9265
5502
4144
8889
3756
4691
8770
6515
7542
6334
7659
8119
4303
5156
241
9318
5268
5217
802
1966
393
1906
2162
4214
6045
531
2632
809
8211
5137
6601
5827
647
2419
978
9211
7098
2188
506
5587
6931
3057
2507
7058
1817
8117
8878
8432
6740
6024
9974
4042
6665
2288
197
7359
3340
9929
2843
3225
2059
7960
8304
2405
9733
1832
7472
1883
4177
1029
2220
3079
4711
5214
5034
7336
9398
5103
2397
7928
1652
4200
4069
2186
5162
2558
9161
8359
2222
3619
5870
7168
9344
7280
3528
8970
4752
101
7324
9985
644
6994
4254
5710
3804
6894
9331
1451
7253
2860
7960
8237
7532
4915
1572
7859
3891
6118
7243
7175
2670
9113
9661
558
5158
5051
3735
7430
1686
6064
2584
9297
7778
2411
7283
4657
9945
8358
8382
8267
3226
7710
1105
9362
5658
7633
9636
4429
5708
5669
5078
8634
2858
149
7314
1531
7333
3696
552
8752
3159
1901
9764
1188
276
8663
458
5120
7631
6914
7913
5533
7736
8975
3949
4959
8007
298
4900
7525
5415
9306
1721
6017
985
3949
6438
7629
5096
5752
7324
6248
7806
9629
5108
1324
7945
9917
9086
6994
7174
4515
6797
8793
7755
9544
898
3883
6199
2355
3523
7034
8796
3026
3337
3852
179
3747
202
6326
2225
2829
24
1879
9590
1664
7727
8106
3866
2624
7014
8090
1212
7905
351
900
2508
2928
8261
1440
3051
2554
1429
2741
2228
289
7452
4779
6292
1255
1145
4198
9714
2759
4769
4344
4490
4918
9203
6090
1817
2791
17
3575
5341
5433
5822
890
2674
2436
1344
7251
5486
8761
3274
9670
1400
7282
9650
9300
4211
2947
1814
2610
1479
2815
8376
8452
3136
6007
6409
7589
3724
2171
9623
260
2537
7853
7400
6795
4467
6562
2104
3855
9911
3894
8712
952
9485
5098
2944
7207
5268
9902
1878
8869
976
7406
2096
2525
7056
7369
7753
6667
6027
3754
3526
3314
9138
3014
7132
3546
9882
2855
4833
7649
842
7959
2698
7585
4103
7423
8967
8038
3062
9201
2321
3822
292
753
9283
5131
5757
4875
9738
7097
8808
5437
7827
6157
367
5397
1814
6471
7965
9397
7325
2412
5069
4229
8026
3017
4707
4511
8421
9632
8401
9715
3604
6826
1432
9703
3022
8384
3730
2001
7788
5007
3116
7735
8840
5405
131
6541
7217
8706
5609
2496
72
3665
1875
9909
8753
6063
2727
6266
423
1246
6453
105
8695
9093
1832
1001
4725
664
2374
3429
2740
5963
1609
2318
9295
7333
5388
2620
2885
8166
7294
9715
4023
5905
9642
9939
4950
1523
950
6959
5656
7464
1577
6541
8553
3011
9039
9746
3573
9130
1816
6552
6331
2179
9755
4108
2056
9557
613
1419
674
106
3380
2257
3952
6737
6082
2790
9451
1892
6051
3202
9713
5415
7772
5276
4386
5067
3764
6284
8293
5642
9047
3755
6350
741
3384
1843
6150
5533
7883
5392
909
9530
6284
5550
4083
9320
2589
1815
6929
6249
295
1680
3078
8614
6839
916
4407
4478
9722
6989
5792
4329
3126
5032
1058
9625
5907
3211
3353
4239
6639
3917
4009
658
2292
183
9130
2222
1193
5065
2477
1948
9355
2043
5346
7366
676
7736
3901
2467
7435
1671
5810
894
9599
6580
6404
1252
4491
4458
3413
9377
8462
2689
9609
6377
7671
2419
6321
6655
1785
2184
3285
4657
4511
3843
4974
1082
9685
3692
8948
8171
9309
886
6803
4968
8107
3115
1058
5711
3779
7877
7730
6735
1652
3100
3486
6665
2434
8969
9695
8256
1414
7245
681
5251
8386
1153
6382
5755
1606
5321
1566
799
5509
5242
67
7576
5886
4641
8269
4556
1361
610
2876
3908
4454
6550
3004
1411
357
8308
8648
716
3997
692
6757
2063
204
1552
6581
6954
6732
5302
4104
8457
6311
6931
1226
6410
3032
5910
778
7792
699
5139
6895
803
4368
6773
796
1836
8148
4971
5398
3297
6673
850
6802
4816
8484
8004
7371
4334
8060
1315
7823
6058
6505
4419
7597
7522
5324
6594
8379
4446
7530
856
16
8857
3797
5953
7694
3430
755
4745
8805
1761
9904
807
1784
5460
128
6409
7925
5027
8538
6444
9732
9383
7315
837
4298
9949
9176
3274
6512
1553
6592
952
5767
5817
833
7944
1019
2531
309
3941
3579
3314
2509
6062
6153
5698
2635
2136
7393
8914
8669
3351
5907
1085
1124
633
1541
2959
1655
7745
4253
7481
8233
7252
5168
8952
5039
5967
4627
2184
5389
5393
4718
4597
2865
6417
6874
1253
4683
8599
7313
7040
5880
7597
2884
3241
5044
4681
4692
200
6402
8059
876
2564
9688
6098
5080
5257
893
7201
658
6668
7509
5209
3524
3275
8632
1310
8220
4706
3759
288
8276
3055
431
7213
1600
636
4367
1927
3908
357
1274
4427
5781
7330
4517
2154
4908
6767
1337
1616
359
7481
7940
645
9531
670
4072
9608
4608
3733
6460
9986
6441
6114
9783
7821
2132
2474
4497
4444
889
8966
3293
301
5394
3081
9427
6194
8758
6478
6401
1453
3369
2142
9928
794
5114
9786
7681
930
6563
4759
7318
174
3896
1287
7985
9667
7546
6696
21
2433
2269
6892
727
1392
4188
7639
5251
6449
1242
7878
850
8130
7331
5007
6617
4298
6185
8988
2706
2346
4793
3567
7881
6130
1648
3118
6404
4106
5096
9760
8647
2061
6456
3968
9183
6476
1414
8535
6606
7474
4534
1232
9687
8684
3908
9187
2843
8889
4669
3687
3481
8558
3989
7675
7640
8702
9010
4597
9744
1069
1235
1144
1353
1482
9230
8789
1673
3363
5823
141
2884
7650
2381
5231
7811
3560
3879
9197
2222
2460
274
7514
9437
1408
6279
89
8071
8781
6327
480
7465
6817
8791
5537
6238
3390
9879
8204
9453
5118
7513
9480
3066
4528
802
5831
6176
8758
9863
4080
4823
9813
2374
7283
794
3721
1706
9944
5203
9141
717
2892
7035
5342
2675
6066
8859
6844
8992
4421
3681
5675
9743
7103
4947
794
4448
4909
606
447
3912
9313
8917
2246
5657
7652
4442
1507
4742
2517
1683
9934
3001
312
4401
4621
2444
7723
1852
4736
6972
9331
9765
5442
398
9147
70
5271
2336
0
9273
6797
9338
4755
5228
1403
3974
4788
9685
5023
1623
7351
2102
6475
2737
3746
2673
9431
2701
325
8349
6725
3056
5869
3475
4580
9548
3475
1847
6509
7582
9170
9170
4741
3244
4886
596
8245
5083
2997
646
7655
8037
6829
3112
9620
7229
3289
2705
6652
6474
638
2569
2010
1651
2548
3741
3468
1279
648
1855
499
2940
3175
7441
2452
8180
7361
3231
7850
3149
4427
4348
9704
9679
693
8687
6226
2756
3855
7351
6259
770
5195
35
6943
6601
7160
3089
696
1144
7127
6966
4434
1142
147
4714
4862
9388
659
1440
9867
58
4854
3502
2046
6290
2865
2331
958
3860
7514
711
7424
3297
5596
9728
7745
3140
497
5851
1020
4271
2535
6705
6022
7461
9913
8562
9532
5978
3825
6838
2096
2415
7483
6201
5916
1692
7989
652
3735
4829
2131
6835
3630
6415
9541
1137
5545
418
6969
1722
8890
4808
419
5595
7522
8148
7480
4584
6376
4303
2799
4979
35
675
8615
5009
5813
9395
3812
6053
5150
9845
2116
6191
2140
5700
3075
9606
7919
8776
3016
9113
9009
2102
7948
7288
1995
1887
8678
7767
4211
3404
4276
9432
2030
7151
6799
2955
7800
4532
5323
6150
6606
916
6571
9045
2691
4228
3455
1822
5073
7874
6664
7600
1287
3685
5970
7932
2726
1326
3014
3926
716
6044
1841
1746
5568
2684
4161
4989
8900
120
1805
3387
3452
6865
2507
8093
5531
8903
4596
7766
8432
6855
2694
6337
6739
6675
8144
8344
1181
8866
228
6474
1517
1397
5433
561
9075
4824
3476
7
67
8465
2922
4952
6068
3277
4148
4421
1178
7877
2401
3823
6729
5247
5493
3861
3350
5503
5007
8893
4539
5816
3808
33
9892
5331
1869
2054
1431
1946
9018
706
5427
4589
7699
9966
3933
7742
269
3462
2526
3722
7166
3303
6465
6404
9745
6270
5903
1572
7211
3571
9817
4582
5468
4250
4657
2888
5060
737
1407
2093
2990
9232
8858
1694
8396
2139
7547
5527
9928
5608
5234
1544
6366
816
8650
504
3568
3487
5586
5599
6150
9859
4734
5446
889
844
9121
3449
5309
1044
2681
9531
2055
432
732
7933
4445
4771
8008
7605
8723
376
1644
1603
8337
8272
8216
4651
5599
4153
9320
1573
5151
5808
5943
3131
4497
3412
805
7551
3018
4098
217
8883
2926
5702
9489
5933
84
716
6059
8796
5478
7980
6875
5774
8215
3131
7109
2616
2627
4469
7849
1155
1724
1108
4380
6246
4489
7600
3436
1032
3966
456
4586
4624
158
2760
8676
2635
8783
2282
4566
4882
8093
523
6094
7170
8932
169
4916
1365
6303
8188
4923
8548
6249
9061
7159
1818
1321
3242
1443
2483
7280
5026
4830
5022
3394
2251
5615
5454
4455
4473
3832
345
9902
2966
3062
1200
5014
7210
7314
4320
2684
2071
4729
5777
5533
6037
8375
1096
5600
6858
1313
5540
839
2083
7602
3067
5693
1071
3775
6681
4553
9461
6909
1829
4356
4578
8645
3283
5999
5959
6803
4110
5927
7123
9798
5209
297
9053
9488
7357
3875
4518
9854
7597
3160
8291
9505
7819
5363
9994
5507
3942
3435
633
9766
3223
5161
2899
1421
954
7391
5091
5096
9641
54
7202
9612
3716
2284
2393
2769
6640
1582
6418
2805
35
9607
9312
8669
6064
5072
826
7919
6005
452
2861
675
5294
7356
6575
48
7397
7631
8534
9965
8783
9421
213
7542
5957
8678
5789
5535
2970
7225
8867
2359
7016
7827
9731
3616
5848
4230
5357
5881
6565
7172
9091
9188
7193
6527
4318
6359
5709
2345
5371
9008
3048
6452
4021
613
9394
1769
2712
7385
9282
5291
4948
8779
1585
501
3658
7466
7624
2959
4199
3167
2274
2652
3400
1611
330
1024
349
9429
4360
9429
9826
625
1853
9858
9311
564
3806
9118
4222
4079
1518
7972
6599
1274
2223
311
7603
6691
2868
6851
8735
2749
8145
2204
6734
395
3052
2409
283
8369
1420
3282
3024
9852
5464
4323
6926
1726
1190
3094
3660
8505
8737
120
1649
4302
6053
2126
9388
18
3420
3657
6560
7509
694
7076
2479
9648
3124
8915
7512
1396
8835
5852
2658
8235
4947
6746
5809
7900
3384
5877
5501
9774
3191
230
4012
8025
555
2431
4342
925
3021
265
4949
7763
6721
5515
9158
8388
1843
7277
8601
2275
5582
2263
9670
2885
7461
3413
9355
9307
6317
1487
6633
7542
8156
6786
4317
463
3063
4453
9093
692
4572
6586
8374
8570
902
4895
1514
9431
7587
7420
6056
6107
7275
3225
4192
927
559
1127
564
7142
3076
5035
4608
1533
3631
7406
9606
9934
1197
8694
5325
7390
8184
7908
7702
8995
3889
1100
1982
2566
1898
9923
1719
8896
5431
526
267
4930
2593
3390
9903
1936
3889
1951
7616
9537
1977
6840
4938
3495
5288
1579
8233
8892
2095
8666
7922
9366
5522
5196
7037
9459
9145
7998
5243
3153
3315
5712
6102
3105
7139
4676
7340
7807
8790
3389
3500
6233
292
8165
7018
7048
6161
8486
7277
318
1689
2827
6801
6765
2603
900
9407
7397
6352
444
2791
5891
6707
4463
6221
6264
738
1832
6356
612
4238
426
101
8706
5165
1689
9074
7357
8177
9989
3298
658
720
4924
1463
488
8911
9336
501
6238
5268
9943
1454
8346
598
7609
9525
5829
1943
753
6310
4328
2130
6664
6080
1263
2725
8094
1600
914
1826
2050
9219
6363
7146
2132
5170
1782
2999
5733
7353
1401
1331
117
5344
4295
8972
1754
8108
7555
2163
3244
5413
7424
3678
8969
8528
4056
8844
200
7763
816
7736
9587
4412
3217
723
5090
1200
8465
2439
7742
2829
6210
3400
4908
2997
2012
1319
1785
2290
970
9986
4044
8750
8581
6636
1795
2684
8176
3604
1113
2938
2799
7970
6537
3665
1743
5704
2126
3571
3881
554
9642
5116
4421
414
9203
4023
8770
5971
6515
2736
7059
7909
6792
829
3691
836
5831
6581
8928
2405
3023
4860
1325
4804
30
8240
6862
1242
1253
6307
9193
8213
8409
416
344
8928
4329
8166
7433
7771
3914
2205
7088
8377
5878
4889
1177
5707
9974
907
9873
5545
4643
1475
7530
4781
3791
9616
384
963
7161
7527
4717
208
3543
8845
9500
6376
485
4763
6506
7665
9147
1156
8491
818
7771
2947
8925
5141
7062
1154
1268
346
6434
3647
3570
6933
2886
5562
5136
4712
7782
6469
610
6386
7487
6880
4834
7032
5388
4801
5222
5211
4400
2208
6398
3486
2984
6711
7010
843
691
5242
3900
6006
6259
4371
3774
9896
5275
2567
3490
4923
9626
1793
9883
2678
545
2104
3331
891
8113
1892
9752
2261
5932
6057
5945
4226
7249
83
3948
6174
8552
4293
4021
2539
2568
4604
126
3116
3106
4938
1757
2821
1310
299
5584
2607
2324
3719
2940
880
3380
6118
2730
8799
5489
1639
73
202
8425
9547
2646
5191
8618
7315
6371
5333
7772
7343
109
5941
1977
214
7784
3175
134
6931
950
5633
472
3338
1901
3529
7143
3067
2793
2433
1563
5222
7050
929
4530
9923
4690
3558
2291
6566
4202
3995
3927
251
4834
4981
3610
6999
8903
3166
8334
9554
8664
8558
689
4440
9730
5087
7646
9117
8048
5551
4521
3938
3770
2550
293
9180
1410
2053
5523
4225
884
3568
2728
6955
1705
221
8503
6919
9918
143
4164
9627
4098
2008
6558
8491
239
90
193
9603
5911
3173
8518
8651
9473
9989
6480
2284
4688
4430
5589
6849
7642
4109
8670
5095
5830
3734
2734
9508
6583
727
9199
7904
1386
4893
9839
1761
5991
1801
8940
1319
1859
5919
8313
7710
5050
4076
7481
1715
3740
6219
2231
5488
4554
7315
1985
9989
3338
1462
2661
6505
7356
684
3020
5184
3974
613
7265
4579
149
4719
6292
2886
5490
4269
4989
1722
5795
959
45
1753
6252
1018
5768
363
8495
3710
3349
4070
2908
9850
8423
4529
9140
2434
3963
1175
2899
3129
3736
4436
6811
2902
1566
9021
9926
9345
9997
285
2325
263
4193
2378
1416
907
253
6337
4916
2657
6688
263
7264
3194
1670
299
6295
1763
3745
3055
306
3814
8823
2666
7223
5609
4942
3349
9452
6746
436
9150
3713
3064
1745
2645
5656
6045
3112
8233
2180
7625
6258
242
6440
3472
7172
3616
1231
1266
2725
8163
5599
6941
9979
8511
1440
1527
5154
5807
5965
6904
6885
8169
2220
7538
6550
4199
1449
9025
4642
250
8650
5512
875
2680
7555
8581
6225
3750
8437
1325
2117
8185
4021
2273
3550
6771
3085
3233
1204
4129
890
7305
2268
5276
740
8088
8021
8902
6922
2972
2167
2206
6624
2475
9513
87
6066
7298
955
2859
5301
1403
7370
4639
4786
8699
4148
9946
3987
9778
1113
8215
7820
512
9359
1344
3244
5598
1940
9466
559
7323
6828
5464
9158
9911
1561
1545
2759
3462
705
5787
2278
8345
8828
9487
9935
7628
489
2040
3940
8074
4915
7144
1858
3951
4385
6111
3116
8168
6843
467
5358
1488
2299
7977
4575
1905
5480
4875
7137
2602
7186
524
9073
5326
5937
9474
1684
9872
1409
5615
5108
9899
5526
2484
2408
9684
3605
5207
5526
5450
8429
4591
6619
237
428
789
6045
850
4911
8029
2148
5614
4903
1338
887
4390
8070
6532
8013
4910
4426
3243
6758
1228
5358
5459
5962
9815
5569
4890
8300
272
9349
1687
4172
2595
3905
8836
4898
5148
3429
833
4960
3380
3466
9494
4995
4188
1596
8017
1613
7073
7194
616
1023
5185
7833
5391
4878
4969
4827
6230
5281
20
9728
1876
6265
3216
7165
8292
485
9234
1633
2864
1481
3593
8283
3377
7761
5864
463
1774
8219
7551
3277
1227
3078
8732
663
8987
4762
8513
3957
9928
321
7198
5552
4939
3651
1590
3229
1779
7023
3303
7532
2379
5439
4329
9135
7430
6902
4455
7630
9014
4505
3052
8010
7729
6743
8501
8798
7532
2552
8178
3530
1971
5276
1705
2543
4282
8041
3343
9725
6170
2634
8684
4751
4915
19
897
5787
8748
9597
3233
2084
306
883
4943
5422
7268
9188
7822
8195
5150
2792
5696
9226
8845
9772
5560
7102
3734
1786
4852
9389
3558
4729
1459
6379
5821
8301
3094
7710
5846
2713
49
7934
9319
6093
3224
1088
333
6282
5274
5094
218
5148
4575
3378
6938
9457
5906
5142
4459
3795
2053
6961
4745
3844
8525
5576
9423
8564
9601
8966
6093
112
2349
2436
2742
7762
9907
2751
6548
4471
6768
7451
6511
9758
9171
8410
154
8080
9441
6364
2395
7951
3251
2050
659
3087
3189
5475
7567
7647
1664
1769
6681
6307
9001
105
2798
2138
636
9175
9549
3154
8594
9987
7026
4602
450
4986
4673
114
5422
1343
9123
3236
6571
8141
6861
298
1777
9654
4572
4432
5183
8901
2807
4999
770
203
757
9065
5612
8015
7444
265
6814
9241
9357
3263
5023
6057
2637
8202
801
7453
2224
321
2646
3444
9736
859
3243
2499
361
981
4603
5117
7970
9692
7179
2026
3831
246
4229
5607
4502
7406
3898
8857
6421
7329
8783
3597
5274
5719
7016
6369
3630
7730
6677
2485
2353
7326
467
9897
5822
3112
7654
6462
5662
1697
1270
9665
6083
2997
2226
2391
3973
5194
2951
4817
6422
3788
7022
2406
2076
9645
7224
4641
3965
8233
1486
240
3015
4694
9673
6504
9778
4331
9785
1389
9752
7435
3195
4724
6059
9117
7513
2277
3493
4624
2396
8436
4779
1859
6062
8565
303
8060
7821
6176
5887
3013
2497
7428
210
1029
6650
1389
3324
5721
2612
9641
5408
1561
5065
8987
592
2298
6347
2958
2131
4947
1147
9340
5837
3050
5461
1155
8631
1107
6201
1718
6510
3609
5501
6738
4938
5767
4514
5029
2467
6124
8953
7772
2012
2754
3027
3217
6794
7075
7973
8005
1712
4862
4044
940
1865
3157
1591
7159
5568
5494
2758
2216
9520
894
3130
1799
6059
8326
4049
4825
7783
1318
490
6007
5993
3375
7328
3082
23
2243
4361
1556
3134
8195
5
1648
9564
4561
4872
1780
4175
7354
9460
6972
3365
6737
8251
1117
9623
1228
7158
8467
3026
3147
222
394
