5336
2844
7145
913
5498
7977
1608
8166
8327
5865
12
1369
5097
4671
3181
2901
9826
18
6782
3843
3861
2950
7370
2130
9703
5626
2478
9756
6307
6918
7072
844
6594
4385
2718
11
5412
4036
399
5574
1466
6220
5973
5685
4294
3021
890
6325
6139
5290
4920
1846
8060
9401
5314
2386
5474
5015
1210
9872
5499
1851
1859
1409
8793
9168
4774
711
1952
3170
7488
5789
9619
1207
2377
7641
6976
1684
7836
6681
4735
6153
3616
1016
1997
5225
2783
7193
9071
332
4536
397
2826
526
75
9614
4361
4564
6892
5125
8247
178
4372
2969
7802
9130
2227
6853
7024
7673
5409
3790
7178
4528
5137
9345
8234
842
9411
3567
6384
7580
1640
1620
8633
7090
2963
9093
1131
2762
3279
2411
4791
2710
8434
4556
1781
647
3214
2866
2998
5929
168
1398
4922
746
3218
8297
5389
729
1379
3518
5152
3324
8740
666
8538
2751
4336
711
6167
3133
5721
4262
4393
2997
8998
4468
6094
580
7564
7587
7627
6545
569
454
7412
241
6698
7886
3871
4665
3703
401
1382
9760
7259
1466
3969
7767
6017
9029
6310
2503
6699
9864
208
5906
7005
1924
1747
8750
2203
4808
3165
3792
5890
8607
2755
8285
3254
8297
6053
6449
6839
1501
9429
5319
2879
4632
5738
7531
498
8326
4562
8534
1276
5124
9846
705
246
1505
3236
4773
6139
5121
2462
8895
7236
7590
3870
8651
8711
5683
4513
7720
2976
9861
5664
5197
434
4888
3026
2372
6185
4215
8251
3876
245
4630
2515
766
8761
2050
8039
1748
5060
1280
310
1717
9038
534
8083
5289
762
7087
8820
4815
3813
6841
5558
1415
9460
4648
270
5358
8479
863
8587
1923
6870
8586
8649
2605
5074
3103
9889
6661
7644
2764
2660
1696
9551
3946
6158
9899
6804
7736
1610
9098
5395
3436
63
3403
9072
1100
1306
4112
1779
2680
3269
4197
2692
8386
4847
452
1884
5477
214
7659
7197
2158
7170
1048
4181
3862
1863
5513
8490
370
8553
742
9253
9488
6527
3433
8522
5246
3533
3974
1796
5777
4882
4964
9495
8463
9003
1164
9099
5706
8015
1327
7522
3951
1901
3237
6265
9015
9221
5209
9236
5793
5622
1408
4126
2526
4943
3204
1858
1413
1929
6638
1943
6240
5862
1420
7276
2206
1552
5718
4859
698
6414
2783
2355
7225
3220
5302
7587
3290
7168
9507
6024
8324
4738
6003
154
3473
837
6968
3519
5798
9305
7685
3776
1376
9384
1282
8089
481
5960
4059
7462
3503
350
8537
9378
2838
9053
6901
9306
9641
5617
8568
4245
2422
614
3619
1502
9858
1266
3802
1368
4583
2199
9060
1392
8728
9007
978
7841
1938
7213
7105
7329
3108
2044
2521
7974
6200
6624
7315
4420
3936
7662
3877
181
737
3440
1353
762
5764
9779
8230
9215
2158
2690
2878
1303
1289
7144
650
3831
8074
9059
7368
2428
8511
1238
1136
377
8092
5645
5301
3233
3950
9382
7432
6921
8321
8879
655
5288
7653
215
2076
2158
8982
7890
5171
417
9165
1217
6684
9055
5974
3484
6345
4877
294
1449
1669
9498
2303
976
2669
119
4478
4997
5264
2775
5258
5957
2982
2409
6489
5361
6177
7859
6982
5209
3445
621
6066
718
1212
6875
8960
6246
7258
466
3037
2555
6627
6872
7209
1156
2984
6677
7545
1957
7679
3985
2626
2396
5159
3208
8235
4274
2566
613
7306
8485
7894
5084
8003
1048
3431
1584
9764
5794
1159
8232
7738
4797
9737
2702
9329
6109
5199
5332
2376
9499
313
5025
7529
9460
7994
3670
5559
8003
8640
4685
3679
6645
3159
4551
4660
1543
8868
6161
7724
1400
6913
1751
797
9447
6246
7828
2658
2456
3878
2125
9074
7233
8236
7807
8172
2869
7554
8542
3053
9761
6025
1760
7154
6473
4552
1093
1637
5186
8042
7786
7241
9038
7608
976
2585
8562
4227
8082
3214
165
1011
3102
4125
6514
5610
6446
8408
5352
6379
1791
3988
325
3107
7963
5374
5153
4596
4323
4895
5153
6191
7472
4414
6091
4883
36
9624
7260
5221
9609
8641
9472
5328
2887
8749
2922
7635
639
862
8105
2684
6285
8806
6250
3798
6915
5931
9645
5601
7432
3966
9903
3187
8061
3974
3539
8687
8033
1630
5574
6821
1148
130
6770
3149
4516
4997
219
9213
2452
7518
3956
3460
6789
2468
9906
8666
8164
2292
7968
4105
9979
1659
7789
5643
8738
6285
7267
8913
5210
4235
9601
9009
5288
1284
1536
6154
2036
3101
9282
1918
5711
431
3149
9913
9
6442
6398
5592
4068
4872
523
5741
3662
1469
6842
9488
2340
1126
4411
8231
7729
1306
4003
8216
7917
4947
8172
5505
931
3751
6629
5062
3010
6049
8393
9548
8509
7876
5634
2295
9886
1674
4844
337
3711
3860
5346
3818
4441
2047
3813
909
8689
1051
4189
4404
6428
4932
1996
5061
8270
893
4661
317
8242
5460
2730
7612
3075
7293
979
4464
5492
2116
8344
6054
6462
3665
4505
4057
9601
4353
1063
8883
9938
5720
6373
1959
1860
3988
3120
3577
5879
572
4025
8993
7013
4527
2094
8250
1129
7733
743
7148
1068
9348
5416
6573
2706
8134
7942
2762
426
7939
5460
3916
9830
5778
379
2522
9087
771
5752
9086
4173
7401
8585
4920
8091
9350
9041
1935
1570
6255
2927
1867
3610
3914
7814
589
303
9800
9252
3726
6046
357
3150
7940
5111
108
9163
1235
4147
9572
9163
358
1981
1656
2974
3666
763
496
8481
3356
9092
6007
1191
4171
5011
3593
305
5915
7963
9789
2218
9286
1518
2026
3040
3815
4251
644
9808
7982
186
7806
7787
1998
7092
2569
9885
1953
940
4148
9825
9806
1318
5895
4633
39
9166
8979
2929
1518
9802
3248
3271
4358
7353
9876
8839
9954
8616
9158
9415
118
688
499
3169
1285
8219
9192
7078
2441
3707
8352
4974
3814
9964
2411
7968
5622
7392
3000
4649
5271
7715
8289
8179
6938
4534
3429
4645
7216
3730
9931
3337
1781
4732
9706
9118
818
2726
3347
1819
9973
1900
487
7811
1450
8273
9456
4393
4941
1907
3216
2561
5615
4509
4143
2402
2398
2320
6231
6751
4790
4547
9862
8711
3776
5014
3193
9082
257
3293
7149
2896
4045
1180
4676
3371
7228
478
6728
8664
5077
9035
9703
5308
513
7369
7721
7272
588
7303
6719
8498
6494
6596
7029
5425
2037
1775
4035
6436
5080
374
4136
1647
4758
319
8516
4435
9832
772
5174
1920
5591
7566
1673
5754
4844
4554
8197
6407
7292
5920
8493
2953
6574
8651
6402
7448
4151
9250
1334
5453
6442
292
3584
4703
4899
8055
549
194
8852
3286
7439
9816
2129
4798
2906
8927
4923
1274
581
7482
3577
7628
9143
9160
1881
1183
5073
6107
3917
1068
283
581
9438
9721
5477
5299
3982
6970
855
6788
4004
8003
7554
4005
8480
8676
823
1775
5744
7474
2525
2876
8669
3851
1875
8814
1148
4423
2822
3716
2981
4442
6277
7783
3003
6857
378
2408
9320
7607
4944
7953
419
3792
3477
5574
73
5138
679
3204
359
3298
362
6442
8543
7407
1912
5586
7845
6663
4151
9558
4147
7139
3806
9562
1726
9771
1002
1622
8298
8415
2455
8137
2530
4571
2457
4877
373
6301
8741
6010
3744
9618
3356
9683
4079
9835
9240
5595
4945
4791
4562
2657
3456
5385
3805
3279
9985
3915
3848
302
4135
9056
4905
1944
842
2225
3911
3971
4950
7034
5213
1544
7921
8140
5814
4529
3782
4122
5482
1891
530
5407
6677
3506
3852
9797
4680
7144
766
9177
4892
6458
2453
8439
1875
4688
4712
1412
8840
1854
5923
5268
645
7911
9578
3017
4736
5315
9571
9275
9497
5862
8432
1956
9771
8728
2379
1398
8091
1045
7544
6767
3205
5773
2142
8754
9091
9481
6265
1125
9817
2370
5281
3628
5967
5262
4762
8766
3928
835
5061
9365
7573
1490
9679
9029
8025
496
8668
3146
2309
3313
3321
7795
4309
9155
2063
4871
5768
823
3925
5254
9049
8445
9458
7127
580
4804
5988
4509
3966
3613
7470
7255
5984
8179
9194
1714
6093
3112
729
8595
813
3118
8816
6503
9048
7486
9318
6812
3199
9890
2997
3104
6909
9807
315
9127
2032
2552
8448
3220
4507
4158
9180
8696
5843
6065
1811
6130
9961
348
8778
2656
94
5329
4440
5930
9628
2954
8078
3094
5486
9176
1309
4075
615
4366
345
6176
7863
66
9682
3541
4663
7508
4088
6654
3938
120
660
2982
5675
3188
6850
2851
1112
341
3009
1580
5367
4384
9499
9077
4473
5354
7734
5330
2849
5105
8080
1476
5719
5634
8266
9894
665
5237
7992
2586
1240
7785
1992
9508
2293
5096
7418
2297
2325
8458
2963
274
1356
8765
809
3478
567
604
9067
9309
9773
8758
3805
8833
2040
9183
7262
40
4921
6955
2185
5875
2348
423
339
7581
2392
9990
6784
9377
7935
5436
3004
4390
2141
7805
120
6954
4824
4788
9327
60
6169
8683
2812
2482
3979
3159
7467
3109
7833
7378
7376
5369
6273
7088
7925
933
8426
3228
1086
576
3820
9689
1373
4336
5753
9415
6691
4235
9063
308
5216
133
7628
2124
9705
3665
7610
7856
3602
9232
2523
3674
1544
557
8060
7634
8117
5053
9879
9186
8527
1596
3701
8751
6240
6479
7309
8476
6728
4563
6468
3232
4046
7524
2162
7242
7741
4148
7382
4260
3323
570
9625
1853
8053
145
8145
815
6275
8119
1298
1638
4355
9876
1781
3619
6431
8877
5884
3225
6355
9134
1127
9038
2764
9290
9628
4019
8395
818
9893
3968
7670
5619
5863
7956
1970
1847
697
6094
8334
6494
2200
8609
3265
4829
8876
4169
5743
8542
811
8863
8264
4156
7904
4188
9442
586
9089
8762
517
4126
2420
5457
8226
7329
3968
8736
4012
3824
1648
4583
8179
9789
4891
9861
6934
2518
5773
7934
414
5458
8276
9852
7
1029
5704
3513
7714
1675
8514
1384
2758
1935
5577
4207
4073
6742
383
5935
861
139
156
1918
6894
6227
684
8474
9265
8042
7254
6923
4813
1154
8348
5058
5850
2567
5450
7196
1624
454
1021
2337
5310
264
1825
6244
4212
684
5788
191
2135
9837
7073
274
5302
6357
2958
3780
344
7230
4248
9672
4420
1590
6570
1603
3587
518
8357
1505
1292
3186
4311
406
9118
7818
6608
6629
4401
4440
4262
8581
2254
7063
4788
4975
4081
8073
9756
9492
9609
1670
6851
4394
6206
1349
7917
3719
3693
221
2656
3693
2326
4282
8899
8948
5526
6666
1156
7483
9749
6328
9378
5904
2967
5667
7417
7356
6801
1595
7522
5513
761
8865
1896
9621
6334
9917
4200
7768
9901
2888
2936
4179
1783
569
6254
7972
8164
5840
9449
7414
6917
2273
9743
3281
2291
947
1426
538
3931
560
6918
2098
2699
7143
2931
3460
2385
9277
2613
5608
2466
3387
7581
6860
3391
5198
4120
2398
9412
9445
9192
961
2145
108
8595
8488
9122
8615
7330
5387
8490
3661
3837
9340
5970
837
1480
4640
7637
2793
5586
8887
3226
3840
4948
3530
4691
2882
9889
7093
6826
9027
1126
4485
1367
5956
9953
2591
8547
4443
4338
3770
1947
7226
7117
8804
9550
8240
890
2554
3718
9480
4761
6618
3858
305
7735
8304
5159
5065
3796
6239
8726
236
8560
9463
2535
9351
7973
13
884
8889
6092
3193
8455
1816
6940
5999
6722
6144
3980
6451
1991
7335
3374
7346
4266
4507
626
1062
8221
1648
7431
3482
647
8098
5044
1710
8665
7654
6268
198
267
876
1669
4829
3387
1567
8163
2042
3365
1735
1581
9015
1084
7345
4247
1390
6861
1214
5197
8028
8724
6910
1792
9236
1457
2610
2546
356
6771
5229
7333
9068
9876
3781
6183
1115
5665
8545
3958
2698
6343
8584
7696
6485
67
8416
2397
3301
3851
3653
4848
7451
2457
8239
1474
3356
9084
2433
3371
777
9020
7807
5270
8135
4402
2513
9139
7303
1161
3132
5724
8316
7255
2498
1685
140
9213
5306
9168
3040
212
9244
6505
3118
381
9882
6610
1636
2307
2826
2030
3232
5174
3181
3677
8535
3313
9561
2083
7553
9277
5094
2140
718
7928
6532
195
9958
6554
1333
4142
3777
3264
330
565
9776
1302
2152
7753
4520
5902
7502
4995
8335
1101
2492
3141
4074
8820
3149
6826
9652
3223
1614
3763
5117
7104
5786
5189
3849
9686
6651
5082
973
8683
8253
9968
4843
2616
3901
7233
1161
1807
7563
1651
1775
98
3804
9616
5436
3390
6120
1138
3404
4506
4490
553
1649
6567
5447
2671
5515
6962
3904
4833
9250
2419
4022
9651
2848
2523
8298
1458
4918
5916
5665
7845
5660
9963
1988
5019
3300
6169
9753
459
3565
5513
1678
6466
4193
7699
8318
8276
7168
1230
1717
4198
7902
2729
2401
9355
6076
4152
6768
2912
5091
4662
6219
7488
8841
6644
4893
1686
4578
428
9371
9345
7209
3445
1267
3736
741
7555
5458
5148
4205
22
4289
3688
4198
1467
9942
2930
7562
2632
8942
9147
9400
6840
5367
8903
9294
4189
7625
7548
2806
6632
3697
6740
1858
2371
6989
4457
1461
8664
8614
8520
8694
1620
8707
5069
372
2530
3290
7373
6702
1962
4123
1945
1485
224
9944
368
8078
2364
4442
6551
9930
7910
2342
7572
6324
7549
1829
1826
4478
5485
1469
8898
4018
422
453
7780
8132
298
8531
6763
899
251
846
843
2508
1751
5255
1634
2427
6620
6378
9097
4221
2062
8590
783
9278
1135
8744
2822
700
1463
2895
1216
493
5225
7926
1062
9771
2164
2235
7780
3832
7678
5651
9678
7064
1498
5063
4573
2293
195
9399
7857
9106
2371
4676
1956
1832
9669
8502
6997
1553
5708
6062
9435
7356
9629
349
7283
3824
4192
1863
262
4384
8598
5264
6542
6410
8911
3719
7779
6071
4171
528
505
2064
5037
2109
8122
549
5970
9230
101
3661
5238
6226
8124
1615
6216
2321
7434
1149
7780
748
8101
8331
9136
3473
508
7106
8133
5545
2920
5949
723
925
7382
5179
5557
7371
2318
7519
2227
6733
7854
4961
1761
6600
9146
2372
7140
4926
194
6589
6284
6630
8291
3423
2427
2174
2927
1563
1601
1015
2415
425
6310
4152
2938
4312
8844
2944
6058
8844
3
9915
8921
1046
2893
3139
6569
2535
4327
8136
9966
3206
5350
6330
9664
4093
2634
3959
2752
3382
4443
754
5918
1212
4318
7429
8651
7609
3662
4833
3527
4195
8868
1350
6586
6369
7708
7245
529
9287
5604
392
7236
3465
1049
9208
5074
9979
4487
8845
1678
4885
192
2675
4401
9248
3997
7709
6727
5464
4487
8959
8873
9493
4608
5770
4338
4000
9743
3295
6384
5388
3429
3464
7777
4050
3518
2452
163
5109
2355
8672
3122
4817
3155
8642
4003
6192
6948
7338
2372
9999
517
5065
4800
6645
1519
7742
8856
5278
4869
1073
235
1192
2460
6290
1455
6728
4898
350
5729
1544
7545
1618
3109
5815
5837
4055
6338
5965
1766
8146
7052
2404
922
6385
4870
8364
8664
1132
2531
5775
3596
4884
239
1281
8436
1929
2356
6865
7187
7275
1294
6598
1609
827
2453
8899
1956
8984
807
7463
1403
2891
3511
6723
4021
7830
269
6075
1419
3091
8063
3765
7818
9953
7948
2661
1378
1827
7378
3907
1699
9473
8778
4491
6852
453
795
94
3931
5970
6408
9679
325
5068
4372
704
1372
3516
7260
605
1660
6281
5445
4095
9211
7528
8779
1655
2879
9791
7521
128
1606
6899
5764
1930
4112
9020
9870
3567
7035
174
2143
5448
6683
8384
3440
2750
5581
7243
1289
7861
4567
6772
2247
5418
4028
4682
5280
9323
1674
9140
7215
4139
8449
6279
8073
3425
9304
2442
6592
2352
3645
3692
3570
1485
4137
9997
7412
826
4088
6028
6073
5636
8502
9659
5560
4833
4651
345
7901
9429
3740
547
1893
7894
2959
8003
6999
403
311
14
3446
3139
651
8937
4216
874
3201
762
1280
4030
7270
4453
5234
5645
3066
1579
5637
8789
718
3239
8773
8958
4540
7162
8611
3098
1799
5675
8525
6133
2998
7008
515
4074
2582
2934
4984
9565
5443
4686
1631
3889
9064
3870
2158
9286
5312
6247
4828
1380
2366
8209
9684
7071
1240
4488
8599
3488
325
1117
9074
7525
2236
5147
1032
262
3938
1160
3063
132
6594
6071
3345
6032
1608
4884
9893
669
5003
9324
7786
5552
847
7145
3766
4788
7323
3443
2833
8093
4334
1495
9240
4326
5611
4105
1652
3917
2838
1896
5348
4151
3183
4696
4785
6295
4863
3652
5463
6356
4595
7930
8484
1000
3331
3522
6678
5091
1380
6244
2938
494
8327
4970
5797
5098
6831
9019
421
7502
3231
5975
7831
3107
3976
3634
2368
6151
2359
7471
9924
3671
7980
6476
3498
6404
3010
8239
994
2088
7427
6561
2536
6593
8957
4854
5823
8213
8898
9687
9464
5844
3230
7960
3124
8619
99
5377
7024
9696
1153
526
2731
3909
6319
9266
2514
1851
1471
9392
2087
8591
8024
8332
75
6670
3439
1237
4149
9121
7811
4155
7252
2672
8007
4080
441
19
3351
4878
6305
7633
1215
1298
935
6900
3829
8627
273
9690
2339
3972
6741
9505
7599
872
7819
4897
7884
6454
5180
8861
1228
7902
1885
6998
3273
59
5902
2239
8825
2494
8499
6592
3087
4454
7376
6726
7397
3175
2841
4812
963
4458
6782
3838
7413
7747
5072
7134
6260
5543
2134
6897
9698
7443
6405
3312
9413
3936
3626
3769
2724
8033
865
9845
5472
148
6418
3145
3496
1093
7500
4709
3612
367
7898
6769
1120
8046
9584
5526
4987
8767
5979
3282
359
1602
6894
5643
8048
4063
7312
3460
9549
9072
2087
2929
3593
6936
8366
7265
1328
1926
3638
5166
8043
7425
3284
9330
9545
9635
2192
1366
4352
8099
8781
3957
2054
7582
9485
3870
3254
774
5096
9432
3781
4039
5160
4540
8280
4968
3176
4183
9680
2319
4198
3061
5128
813
5239
2933
8317
7563
6098
8413
1871
5945
9107
1449
290
8129
875
6010
7451
4495
4010
553
6829
4205
1385
4003
2265
8743
1049
4577
6459
8008
1686
2033
3901
5720
8828
1240
2343
6551
5552
5691
4676
6683
7561
7835
4931
3710
4250
151
4092
7165
6732
5184
8308
3644
6231
923
9428
1235
668
9574
6513
1520
1953
3862
4259
7074
7548
4569
9301
9635
3666
899
8943
8319
5877
145
6643
3549
9072
8555
4492
898
484
9293
1276
6502
3725
256
9489
7905
1811
1108
5883
5978
9177
3156
4730
3698
3575
7857
6161
9681
850
4457
3499
5832
6241
9988
7767
6085
4279
5878
2163
2113
5081
5614
1035
2660
2586
7757
3349
7292
5079
1395
7823
2558
5016
2965
9141
2720
5415
2945
9974
1215
2393
4811
48
6027
5793
5443
260
3736
2488
3404
3625
5933
8945
3770
896
3563
2120
2069
1111
5818
4508
8869
4601
9454
6633
941
815
3276
846
5046
669
1334
5904
948
9719
269
5565
5008
6866
7143
7496
9612
4803
1675
7770
1889
3612
1246
2068
5578
600
3345
1833
4156
6706
3523
210
594
9393
4852
4627
6984
2889
7442
2734
2291
29
7996
4050
627
7997
7112
5203
3968
8321
4895
4066
2925
1684
4744
7328
9569
1207
5267
4445
7323
9500
1748
4241
6195
59
4971
5614
2013
2515
512
6722
7360
8941
5478
1860
5616
7195
1441
7581
3488
8142
7864
5834
1811
9457
7284
8910
4649
7523
5058
5776
7621
2996
5410
2790
8281
3755
7854
567
3025
1497
3189
1453
7809
8172
6705
3984
6205
2883
1712
2373
9766
7686
957
9181
1636
5913
2429
6738
2775
6060
965
4489
7456
4735
9100
4364
3530
2687
3579
1860
9341
873
4555
1991
4952
6410
8024
3638
2751
3299
2705
1766
5811
2685
6009
9935
2039
6229
1154
2367
1325
1116
7792
6965
532
8699
3997
3074
9072
2341
454
3517
9303
9851
3032
8893
3130
8965
4228
5225
7888
8791
3986
9475
3355
9199
8678
4771
8725
9164
2324
7300
1532
1212
534
8224
3081
7590
1459
6252
2413
4950
4566
409
2845
9187
2462
5959
9652
7116
6805
3073
2000
5929
4478
2534
7129
8316
3609
1332
21
9225
4348
9907
17
3153
1984
8091
9317
4807
5811
5539
7506
7976
2811
2937
4224
3576
6629
4168
6736
2719
5118
1609
2359
9250
5300
5603
6733
8000
1094
4764
3981
126
6231
3187
602
4659
392
9692
7203
4370
6642
4844
1304
1265
5566
4024
3117
1540
8309
3553
1687
9441
4596
7302
4106
2739
7547
766
7853
6381
1358
1316
3713
1046
1558
7380
1745
9624
2335
9565
3183
6936
6965
2365
6076
274
304
1093
3684
1276
2485
5192
9690
7541
3077
4539
5529
8928
9080
7863
7111
9626
1839
822
3012
5325
1131
257
9707
8186
2278
3493
9205
8743
369
4750
2476
2230
1225
3832
2435
6453
7082
6576
3895
6165
1625
6171
7969
7018
1850
2816
543
4472
2453
3557
5097
6143
9353
751
9142
46
1386
5498
8997
8992
5987
947
7171
8327
2063
3299
7703
5247
5428
657
2544
5262
6926
6847
3699
4959
2288
2688
6335
9461
2949
4732
6289
6811
9652
6333
2877
474
4690
2388
5066
1583
7579
4902
178
678
8999
9642
4954
8551
5113
5295
9044
1796
1012
9834
9216
2505
7051
4183
7758
8698
9162
9535
6042
1254
4657
360
8674
5730
422
7229
557
3039
5591
960
7683
2024
6668
3021
5959
2645
7733
7784
4348
7654
5688
4493
5799
9818
7117
371
3422
507
4630
6368
2420
8043
8859
8923
6021
8639
967
9224
8128
7883
4738
6005
6204
52
2151
7191
5836
4030
8223
5112
964
1378
5187
8388
5566
163
4560
8856
8613
51
3806
50
8408
9222
8539
9640
3164
7745
6999
7319
1677
8509
9655
6464
2915
9683
8288
5746
7666
9925
4534
9392
2283
9518
5403
1042
2856
471
3357
5858
4079
2111
611
8077
4077
4687
7596
6982
1512
2510
4026
8091
7030
903
3434
2455
1723
8722
5472
5883
1874
8814
1189
8687
5517
4414
7766
8890
3819
7497
6784
2693
4388
1141
3240
9566
7897
1578
2387
8227
2086
1306
4234
5156
5898
6442
2362
1379
6084
2948
9318
4133
4998
7473
3984
5265
922
1923
2560
9662
6920
8705
3163
4015
5726
1333
3703
5888
7663
3867
4557
145
6334
7244
3796
567
4579
6033
2788
9074
2051
6387
2806
870
8178
2650
7695
6914
7157
7975
8643
5974
9017
2724
1307
3381
8143
219
9429
4565
2739
6473
3716
2216
8390
9173
7798
7753
3677
3416
685
4889
9135
3485
7611
533
5898
2292
5836
3076
3637
6789
8731
9687
5224
8583
1127
3610
5937
415
2424
4360
6603
8222
6335
5578
2670
590
2480
9004
4851
9942
3237
3740
7290
3754
6839
5532
5113
773
7482
5851
4382
6352
928
5949
7742
4029
6991
9807
8046
4188
1815
3262
992
6324
8285
912
7149
2032
7863
5308
9811
6831
8225
3694
3552
4990
2397
1469
1744
5595
8496
5164
2932
6572
9977
251
7294
385
7835
8641
3598
2673
958
662
8127
9974
2748
965
5469
5926
8382
3080
2910
2173
6039
7551
8127
7233
2397
2752
1631
5522
8062
2450
5692
6650
329
4419
6346
8034
3617
6764
4196
9221
1709
7138
5872
7562
5567
3577
2241
1431
6000
5817
7213
5415
2254
758
533
2426
2123
61
7987
5083
7009
8076
4610
8508
4970
1476
9645
8328
4618
7434
2309
1617
8884
3688
463
8901
1678
564
1665
8820
510
200
9521
2245
5237
276
4396
9570
3886
3920
5910
3556
8776
9113
2212
3633
2527
7364
2592
4090
3931
3913
6812
8565
3507
5595
6531
8565
295
1631
748
1558
8395
9167
4573
6809
8554
2364
3270
4694
7080
75
4442
698
1524
8752
2841
9770
1476
6830
6373
4314
7972
7574
4889
6597
3387
955
8737
9642
3744
5830
9275
2254
3171
4351
5161
9609
4540
5402
5078
162
4093
7897
7010
3856
9470
6114
7041
4755
2753
6760
7089
3464
5257
6434
3585
820
4277
7975
3421
7598
3627
3627
949
1250
800
2187
7526
7172
3591
3231
5230
6073
1751
6211
220
74
564
1033
7126
7273
3914
3982
6888
6984
8740
5810
6996
6737
765
4340
5331
6564
1981
7479
6535
465
6948
5759
3056
7283
8587
9868
1163
9521
1530
1015
1712
9046
6214
3511
256
3244
849
6148
3684
9644
6738
3965
2509
4989
5190
789
6406
9251
7900
8666
4092
4271
9675
9754
3126
4804
7976
9843
8685
4045
2818
7366
5453
7725
4097
7949
523
7254
4084
2086
5715
5833
3795
6891
3726
2983
3250
8066
2092
7797
3462
1912
1621
2864
6923
7441
9371
6460
385
5451
5267
1006
7462
9638
6825
9372
8511
4784
891
7241
266
9152
5167
5813
2950
8258
476
2784
6027
142
1554
9910
7750
887
583
906
5745
2589
801
6656
8578
4062
6869
8632
6819
4709
8370
4156
65
4354
4472
8465
7175
4851
7531
4310
6745
5808
9913
8664
6965
6586
433
242
3896
5357
3255
6574
9055
5919
3626
5921
3983
4235
8662
6203
2282
6534
8994
8241
9888
6319
2719
1672
5669
3088
2735
2899
3356
6272
4160
9936
2676
2136
9691
1992
3629
6627
4736
1461
1454
1796
5100
4145
728
8551
4482
2939
6189
1327
2027
211
6814
1671
8776
645
3866
8760
4572
808
2622
355
3218
2782
1758
3690
3244
1846
4544
6669
2573
5655
1798
7532
6787
8092
1218
8573
944
7118
8605
9795
6710
2028
4245
3949
3121
1004
3360
9045
8125
4869
2054
3927
8839
1098
8577
2317
2387
7037
5306
2636
8395
9519
8754
6372
8413
9282
4884
684
9427
5293
7816
7454
2202
2826
3645
1189
8537
7808
568
2240
8486
5499
8544
7704
3601
7870
8693
5689
9514
8900
6186
3906
1811
5969
1400
7191
3274
7872
5536
3839
6120
2675
9617
2832
7052
4599
1725
6012
7453
7388
3780
4578
6469
3066
4150
2896
974
1049
2771
542
588
9195
1169
526
9106
3910
5642
6232
1426
6453
7915
664
2272
6728
6120
5810
5881
5712
652
9001
6144
2681
8235
2126
5120
1607
7436
8744
1819
8503
6216
2224
5101
4993
3251
6924
1506
9090
3725
3141
8956
5492
4585
999
9473
3115
2306
9740
6946
8339
7014
5262
397
3769
4398
7907
959
9043
5406
7499
6473
6898
4413
2922
237
5690
5562
7278
3477
9195
4304
6790
1986
7510
44
652
8095
7235
2653
2004
9301
7696
1798
3479
1489
953
1827
1332
595
5344
5964
2462
3684
6226
6667
2058
1078
1662
762
3782
7553
5027
6263
7751
4035
223
3275
2886
3724
3745
9811
3723
6390
3401
8197
8777
5099
934
1433
9283
3862
4230
6683
8133
3230
1841
3106
5760
843
7986
9573
6433
6473
8870
4451
4274
1432
4047
9443
1265
7678
8941
7608
6849
5532
2240
6072
282
8028
7889
6958
144
229
1479
9920
3322
8344
8130
4520
2194
7117
7514
2042
5737
4172
3378
7250
7520
8950
3923
7345
1052
1490
167
1605
4920
6621
9833
2600
989
5769
2824
7732
2953
1027
9428
6203
4993
8949
1128
5929
3301
9526
7249
4148
163
6898
1870
2677
2154
4990
8551
1331
4105
544
5906
8654
61
9873
5000
6700
8510
5530
3531
6424
4293
9782
9089
4710
4743
7174
2256
8570
7821
7993
4043
1526
4240
6019
1442
8021
4751
7156
446
5999
7217
1492
3626
2408
5121
774
6141
5120
3949
4427
7418
7771
5994
825
9854
380
7809
7159
7933
4979
2733
9981
3509
6111
6500
4379
4413
4042
8431
6978
1949
1354
5084
7532
9206
2801
6155
6680
9589
3969
1033
7136
4620
3394
574
6272
5532
3415
6164
1061
212
7592
9222
5466
3265
7236
7982
7515
5907
741
6360
2099
6688
6970
2478
6063
2687
8461
1618
7053
4224
1128
7570
3964
3946
5596
5360
115
5536
228
8847
998
7877
7370
6766
4357
2132
9617
4266
1970
4819
8640
773
8847
7609
8933
448
7649
915
4511
3584
7070
1796
9110
6836
9083
21
5258
1520
7668
1875
7866
1979
5679
1893
5362
4221
9318
204
8121
3931
3069
4195
9648
2234
5584
355
8723
6355
5012
5148
7710
9200
1025
6643
1777
9201
8766
533
7682
4335
6874
8096
6598
94
6952
6661
5093
6953
2247
4712
1130
7445
2794
579
514
2874
2148
6876
1252
8728
1298
8902
6508
2520
4164
8666
953
9035
116
6160
5454
8785
2521
3785
7056
4973
7596
9553
5281
8923
5261
1769
4108
299
4018
265
6405
445
6129
8902
7052
1890
9280
8954
3037
7971
1587
4078
5930
8286
5707
6058
6837
6086
9258
2344
4923
9008
3522
5541
5278
2595
1594
2328
3466
9528
4794
6209
8501
3899
2260
507
2906
1213
9108
3563
9504
3567
748
9085
3385
3518
3622
6995
3215
9202
4932
8021
1041
1673
5341
7397
6922
587
3624
4456
296
6951
5487
3508
3177
5378
5576
2031
6026
5199
3152
5623
6977
5694
2840
1356
8260
4437
2156
1759
8973
4598
9113
4264
4596
6772
5167
6828
8557
4862
3585
2318
7589
4651
3267
2552
8080
7239
5907
8006
7942
1591
969
8016
6050
9308
1043
5347
8832
3985
9137
2485
8431
1864
5483
5697
7838
1223
8911
6404
211
8748
3473
1163
1614
833
8034
2326
2426
288
3276
1020
8529
4149
3817
7381
3629
1096
8213
5288
5728
9820
7995
4572
5725
1099
3887
5724
9168
7570
4713
6857
8327
9503
7794
9193
8117
9805
6401
5216
1273
8717
2920
8544
708
8116
3955
4281
8047
8101
2067
6741
3009
3623
675
390
753
8901
5437
514
6946
2310
3157
4856
5574
6419
2692
9026
6354
4623
9264
3823
4695
2997
4014
7011
6900
9450
3863
7609
7144
9605
7676
1067
5502
7972
3847
4704
8828
7403
8440
9216
4368
5887
8269
8963
5560
8063
2970
4289
5423
4929
7927
3424
8837
8244
2046
11
9608
3664
3490
1302
5038
7828
3369
7341
4633
2089
9354
7601
2571
7987
197
8950
6182
47
9455
8808
4728
5050
1450
8837
6479
9573
2185
2215
1677
4252
2230
7257
5925
3836
5095
5163
3913
7138
4178
6539
2517
927
4330
3470
8708
5368
1718
7436
4731
8976
7241
8789
8788
3238
5283
4557
2213
4653
4822
5464
5643
1154
5663
380
9859
2096
1676
8735
2891
5034
5037
9044
5869
2915
6291
3800
720
7979
128
1111
7855
4749
7484
2701
7010
3441
8468
2687
8552
537
2949
9259
2315
8713
896
1362
5263
3949
3611
6611
3692
2982
4544
9696
3939
8197
2919
5873
6947
1483
3837
4234
4524
3711
7609
894
3669
2962
3370
6417
3627
8988
183
2353
2084
5777
6729
7155
2018
4928
8536
6771
4367
3516
7418
4872
204
7787
8762
8813
521
2595
5740
7068
6700
8715
4734
8603
1104
2
7692
2301
579
7193
2984
4703
2799
2190
7612
8161
1467
5763
3854
2018
2947
7066
9866
1008
6292
2736
689
5882
4199
4556
5895
1032
3248
3114
5653
3369
1042
8125
6051
2016
7235
6234
6191
7173
532
2714
2072
8014
175
601
7346
4758
8740
3721
4121
9634
8848
3726
2310
8368
9312
1810
8102
6023
1297
1951
1455
9685
6536
4243
7118
3341
9712
1837
4783
6712
874
2692
475
3577
663
2674
5707
3598
7209
1137
2291
9526
8992
6019
4520
7315
5815
7683
2704
5424
8132
168
5875
8580
1259
2387
1477
5931
3482
4004
5046
6902
8937
7409
8759
6155
3251
8732
7704
6637
6103
4503
8813
160
9660
1929
692
517
9722
9803
7526
2029
9133
9359
8580
705
6816
1894
2318
8276
1197
9775
116
3205
6091
5388
588
1583
7259
8364
4064
7082
9978
6066
9320
3629
1355
5715
8920
9330
1695
960
6209
3678
6478
3017
7769
9578
8828
8054
9339
1356
6414
9428
5440
6328
4386
5607
4069
4271
1340
9108
3258
1358
5738
443
2050
3067
38
4951
9349
1101
2974
2988
6581
236
3565
6437
6727
3073
7619
1009
2754
9204
9025
2707
668
550
625
2992
9242
5748
1646
4648
7989
2586
7701
4851
7939
6034
966
4701
9540
3877
8705
8237
8382
3425
2847
5203
2762
7948
8880
995
6652
330
6354
4053
2332
3031
9775
1500
2441
7045
5708
3601
9455
8325
4998
3994
2534
8714
8497
693
2107
2917
1469
8876
499
787
4324
7242
7703
5421
230
1293
6867
650
7996
7658
6232
3648
2518
4908
6258
9466
2260
2495
8169
5103
8782
57
8426
8852
2669
4047
9451
8187
8888
3734
8861
7477
3554
1544
8706
2532
3797
7019
6815
4415
6733
8804
328
7340
7762
8886
6196
3589
4434
2640
657
8973
707
5395
2005
4267
8816
8850
2752
6182
1842
8680
1762
4262
8797
8754
94
973
6202
3726
5669
5240
5679
3753
8369
9978
9728
1086
1090
3782
7851
5861
3753
6247
3076
9887
6769
8158
9539
4438
3716
4946
4266
633
2573
8053
7041
6065
8543
9007
8792
5222
7387
707
6971
5416
3294
6953
7026
2027
4538
7729
7760
8970
8331
5980
4926
5515
1185
8909
1985
1935
1433
1763
9
722
973
5046
1180
316
2936
3663
2543
2082
4990
2628
8474
3045
9276
7660
6593
9816
1132
7512
9900
5986
7186
5296
2302
6592
3126
1526
4880
9634
7022
6856
3788
5623
698
6248
4442
8247
5773
6709
9090
875
5186
5677
3980
5702
7505
1881
6238
3525
2315
2169
803
3921
1863
4022
3536
5677
2744
4587
7189
1409
8782
2909
5060
8133
8839
2850
2347
3028
3217
8346
4043
4422
8421
9024
800
1508
1316
6599
9087
1245
5288
1355
7318
4853
6052
9867
3760
6675
2711
8765
5502
1185
9520
7681
2092
2276
617
5846
6862
4654
9534
3210
307
3969
8126
6381
5499
2838
3222
2028
4360
6144
5500
5944
6121
7427
5590
207
2080
8972
9090
5672
317
4451
2843
2857
4901
739
6931
8523
890
5469
9737
4432
1711
2078
1047
3349
6727
9671
4367
921
3453
682
4405
9357
5684
3575
1560
4665
6686
410
3765
7890
5564
3862
2893
5856
1125
5268
1479
4759
5907
4698
1138
8890
6407
1068
4233
4042
6380
2241
3479
2409
4604
8168
2219
9634
46
3485
7172
1325
9179
2266
1837
479
1704
1846
8868
7849
9185
5190
2223
1458
8191
9607
5014
8754
9544
5514
2949
4616
9342
7517
8284
4444
6930
1356
3285
7395
1643
3258
5809
7639
8095
153
5580
3640
2860
658
7186
4561
2200
6384
4857
1189
17
2021
4217
4996
3154
3464
90
4532
535
2556
1983
1661
3981
7392
3548
347
8561
1472
6205
5926
9381
4584
3363
8038
4027
1373
5894
8885
8327
8388
2416
2958
2660
7095
4427
4909
7138
8289
4240
8178
3168
1277
7104
5539
8170
3918
9659
5467
7109
6839
6000
727
178
8931
1808
5433
8658
6179
969
1780
7569
1204
6204
2146
140
9024
9001
6885
2965
8639
3208
271
7232
8027
2758
8103
7479
7823
9867
108
1714
426
1776
1488
2388
1688
2780
3728
5287
8994
6251
959
7320
2459
609
1964
5073
4957
5398
9145
4917
2773
2502
8470
3630
5728
3495
2151
6172
3704
7953
834
6311
860
66
7142
9427
4715
9757
8451
6244
5272
1598
3970
2387
2249
2951
4772
7417
793
3030
2522
2424
722
5191
8940
7924
3306
7858
6660
8193
629
7556
1582
1041
5417
4648
6459
2393
3466
2536
357
5199
6947
2900
9644
1175
8531
6082
1381
2776
8723
4733
5379
673
5430
8409
5588
5669
1126
9218
6121
6857
3097
258
5615
7716
15
2929
6970
7601
6491
2379
3951
8257
2673
7323
5477
7821
5546
7765
9393
7223
6476
3883
9469
5895
2176
908
5610
7007
9059
790
1266
4248
6415
3499
2101
6688
7285
1928
1159
5601
9111
3780
6284
6344
781
7121
8000
8107
2931
7767
123
3360
9824
8897
380
9213
788
9719
5539
9107
7318
9963
8542
5701
1112
9703
1841
9173
5221
8789
536
3618
6605
3791
8112
2696
7599
3125
5114
5054
2908
7503
4075
1291
667
7906
4423
7517
3118
2888
5899
7565
6388
2052
8283
9148
5238
583
5232
1077
5279
8827
2885
4142
7230
6505
6755
6033
785
7684
1614
7662
4605
484
6199
9814
5887
7250
5034
3205
5280
4324
6054
2332
2889
2971
7229
4553
5508
8964
7458
7016
7893
4036
9775
4080
4618
9933
4061
4161
1150
8389
6732
5434
1274
8236
2959
5903
5853
8468
3261
7988
5548
2026
5796
955
2772
552
1252
4258
9275
2201
525
1820
226
4598
9769
568
709
2118
5196
5953
3188
872
2055
6891
7591
620
1058
4652
11
1325
8699
7040
5703
9470
1467
5867
8239
8819
1308
4065
8680
9802
4886
8949
7864
4911
5208
6676
8467
2391
5194
3735
3271
7307
4799
4675
9971
8905
3364
2151
9494
6599
4247
7950
3501
3485
6117
756
3130
3901
2328
1890
809
1131
7272
3385
5986
3105
9026
2679
5412
4382
6185
7620
6131
4964
3768
8395
4670
6791
5896
9334
5455
9156
4570
2080
5555
6935
5447
4378
8793
4451
3545
4565
62
3303
2925
2139
34
1413
8689
6865
9878
684
6739
5112
414
6627
1819
8537
9716
7722
6085
6338
8005
2994
6435
1653
6560
5191
7830
9050
7658
4647
3885
960
836
1619
7557
2827
2039
1628
8360
3256
8102
9031
9455
4771
2416
9458
1666
8927
5116
6910
4662
1071
8366
7207
6560
7068
6868
1272
5579
4842
3582
9638
9206
5230
6798
5779
4275
8795
9070
8992
6497
8087
9361
2829
8236
8973
3539
1664
9236
7101
3525
8902
3933
747
9985
2814
2594
3629
5058
488
5958
766
6049
3518
9673
8463
9824
4224
7972
6637
5183
2870
9857
6124
412
6574
1710
5537
8971
7586
3529
5204
2036
8477
1317
4680
5705
8458
5245
3983
3185
646
3736
8581
3033
5731
2038
5843
3155
9772
9149
9314
3691
2599
1918
654
9045
7809
335
3410
1103
7056
4658
7472
6959
753
8730
7572
2200
4993
2758
1365
8978
3988
3451
4537
9134
1275
3090
4681
4536
5867
2381
9198
8437
4214
1513
9437
6559
662
5634
7895
8123
1834
2880
6128
5987
6264
1622
2280
7001
4465
3642
8161
7013
7783
335
9702
9147
7381
1520
7769
4718
5654
8874
5236
4675
5459
9035
2744
9239
9293
1013
1538
9359
4862
3242
7144
1108
7323
8549
2869
9653
810
7679
70
2225
4220
2184
653
3878
1811
289
9178
9141
7865
3176
2469
2960
7643
1453
528
7229
8877
3040
7707
3452
2103
8802
2150
4541
3191
8593
1824
8831
8650
8115
3908
7974
8803
3010
454
3275
8382
8865
7428
9003
1835
2396
1493
1686
772
4184
3464
5869
8021
5640
775
7769
9971
6618
121
5418
33
6111
687
3217
8465
346
491
9749
9267
4494
4156
4633
999
7252
8847
11
5612
8704
1617
9707
7308
464
3769
9007
5128
5954
809
3009
7340
6139
8002
2185
2889
5035
3241
2270
8178
4210
537
1488
1905
1743
2418
6278
27
8831
4870
768
6793
763
2156
1267
5000
414
8109
9569
2342
1680
8089
2511
9536
7481
2409
3128
6492
1971
1743
5963
4011
6576
1833
1402
8166
128
7801
5565
8046
7490
8979
6297
1083
41
6216
6576
3982
6735
7184
2474
6926
3672
9928
6498
6121
8026
1951
4423
9334
9290
9785
8056
7087
8907
6756
217
8930
754
3100
4871
2612
2544
1522
4851
2701
1792
1428
9495
1265
5833
9145
9757
4786
9268
9036
339
6647
5335
5280
140
8176
3378
6231
8756
7705
922
9209
2175
3284
5998
7645
3227
3634
2312
9862
4382
2149
5077
3797
4329
6598
2456
3158
3500
144
28
3270
7819
9871
6417
3570
3595
5474
2960
6694
9234
6313
2766
7146
1778
2582
9252
6210
5266
8187
5918
6123
2473
9406
4654
8189
1569
1538
951
3542
5720
219
2730
8612
7676
7651
1389
2304
6866
2428
4050
7753
673
5617
628
8068
9382
7931
2018
1746
7345
6245
7891
5313
4225
3905
797
8412
5216
8228
2000
2057
4522
9418
974
9014
3582
4154
9469
4126
1192
6948
9344
2838
4136
8164
5449
6855
8778
6585
8806
3637
9519
9205
6196
9474
2328
7416
4386
3770
6854
2977
7087
8638
428
1993
3231
1255
4643
1614
4486
5228
8461
7891
553
397
6901
5053
1177
6061
8456
3941
9634
8631
9421
8362
2537
5316
3221
1500
6686
6166
9768
5699
7272
8215
9860
705
2410
2143
4933
4194
2212
7164
2099
3578
5176
1628
8652
5799
2572
7274
6239
8324
5314
2912
3342
8456
9216
2065
9455
7914
8033
3142
4928
8319
5459
2762
619
2337
537
6196
2643
9033
1127
4262
1729
2470
6531
5843
3186
909
6664
7422
8928
9411
9926
1443
385
4359
4873
1403
1488
344
2687
7018
6160
9069
2236
3779
8118
2413
1008
6314
5261
6375
4630
7205
7197
1051
1183
872
1925
3373
8879
8546
1249
610
4213
5516
8393
4016
2376
6260
7464
9133
4707
2299
6346
4108
8101
2659
234
2752
7724
772
