1113
4361
7480
5451
5221
3849
1122
1530
229
6275
5366
5871
5189
7864
8024
3601
8537
1966
6376
1096
3467
1290
7028
4167
6161
2786
9067
5001
1397
3962
4611
812
4669
8072
2674
6969
303
5555
2979
7946
9435
3835
8841
3285
5812
8511
5530
581
6169
7
72
3219
4970
9008
3428
9822
7333
3312
9290
2434
4782
6121
133
6267
1664
4553
1201
7116
5189
1055
3298
2982
8986
8430
1660
9631
2448
3742
8355
7649
7256
8486
8831
1389
3889
1391
5842
5661
4644
2851
9635
6990
6264
545
3163
3314
3702
2574
1621
1258
7309
8413
5391
5114
6709
7089
4233
6539
7347
3796
7374
3591
4957
1640
5177
6295
7289
8744
2377
273
8711
5540
2472
2338
1420
6307
6717
8441
5266
8345
5929
9874
2120
7097
339
8842
3094
3716
4679
6800
7157
9302
8313
847
5477
6043
2033
4624
5367
6868
6024
4958
197
1348
2547
1769
5941
3053
3694
402
371
5792
1272
9002
7866
7499
1470
7860
1300
6334
3201
3573
4064
5576
3115
9408
7227
1624
6860
5376
4274
2093
3073
8398
2320
971
9677
772
4550
8570
2901
41
22
4277
6428
1365
8029
9310
2980
7978
4572
4172
3323
9032
3667
2451
893
4620
8232
3138
4542
4317
6192
8317
6128
8278
2718
2874
6681
6895
7821
698
3310
2730
3433
3159
3551
9786
9148
1750
1378
7916
8643
8882
803
101
8769
4040
4731
9869
77
5057
2540
1411
4028
8584
3848
1704
8149
8149
8646
5155
2629
6085
156
3874
861
593
5599
507
8900
1107
5471
6482
1759
6626
5673
7310
7514
6026
9509
8678
8142
6812
6818
2764
8158
1899
8701
4848
9311
1846
1637
998
3104
6222
5286
2558
8726
6928
9239
8175
8441
4224
968
8970
9586
6057
9651
7401
2910
6538
4190
2123
8640
9967
7013
5816
9267
7392
5716
8962
1891
750
1195
7053
9469
4472
3378
5537
1339
3115
8583
585
6786
1333
237
3918
5843
7848
3178
2100
2247
1299
1938
2773
7656
9514
2358
3136
9209
9470
3291
1334
1211
277
6284
7690
3028
3915
9500
5113
2679
4114
6062
9795
7954
3604
5336
7307
9730
3095
9972
1418
4213
3616
6715
591
8812
8422
9396
9955
2113
241
6328
1868
9824
7249
9373
6509
5048
2546
889
1928
8347
8064
9420
8132
5237
2143
4819
4052
4177
5051
3405
6113
9497
1872
7120
7595
3561
5692
8878
4606
4519
9545
2999
2438
7786
4193
9970
704
4230
8827
2258
7183
2205
8044
3071
6149
4196
8582
5354
6668
3603
5344
5777
7062
6835
214
2371
7952
129
1778
2947
9356
3668
6283
7409
8802
5065
6982
346
1043
2172
4114
9822
5349
2793
6222
3908
1452
8800
971
3399
4979
338
2209
1002
9175
3767
5936
5602
7572
1822
2018
575
2451
5880
2901
3515
5922
635
4269
1084
7213
8235
4311
4496
9488
5521
427
4269
613
6306
918
9151
9157
8379
7968
9018
1459
5280
8234
5034
9128
1380
2774
9220
153
3539
7370
9469
9891
2707
7985
817
4531
9887
6185
6743
6026
7712
1514
3653
3339
1667
4988
1266
904
2867
1417
4071
7912
3883
2055
642
2401
9234
1955
5833
5461
5090
4342
5949
8151
958
4378
7906
8320
101
4619
9270
2194
1225
2991
3746
3766
4580
1695
7461
6392
1508
8316
7286
2121
3298
1557
6007
651
7343
8415
5296
7931
352
1281
936
3370
5564
5501
2381
7288
7081
2945
802
8247
2146
1877
6687
892
8309
6875
7820
7539
4494
9441
3953
6774
7055
3827
4852
9400
8371
7255
976
1686
9322
1339
1841
9943
2055
376
8201
9078
9314
172
9310
8562
7513
9039
9975
1421
4870
5115
2342
467
594
7757
3436
911
7327
4161
6314
1736
649
2980
8917
9825
1968
9116
8924
807
35
6743
8836
7933
8674
8742
8225
4322
130
5391
9260
8016
3852
3431
4530
3256
4913
509
1091
1565
7902
930
2615
7893
4061
6464
8429
6334
1254
9484
6593
8396
114
9168
1385
8126
6278
4409
1793
1852
9532
9114
780
1936
4901
8297
7884
7218
8449
5661
4912
1459
8024
7359
2904
9104
4127
943
3871
2210
312
1890
3067
645
8797
863
7901
4684
2045
6403
6977
504
8716
9239
2032
8788
150
678
2992
5763
8579
1210
7884
5593
4572
5134
371
2755
6263
2280
3999
5335
537
9583
1539
7641
6046
135
3139
4037
395
3199
5173
2046
8683
4408
2743
8785
5326
4116
8954
3449
7950
8107
3630
9102
4006
7474
6072
3663
491
5146
8420
9764
2404
1642
9966
9132
7699
4390
2741
15
7539
8955
5367
5380
6037
5838
6909
164
2390
1586
7428
2147
3326
549
7385
2430
5952
2437
3635
8572
4062
9476
3545
5249
4778
5408
9641
7041
4441
3610
1085
935
1374
8939
5909
8995
2739
8250
3064
8168
564
5908
1272
8905
7717
6273
6438
1854
4257
7536
3179
5262
755
4168
5952
8062
5410
118
601
629
6196
9867
5722
8780
500
6493
773
4387
4639
8390
9690
7702
9372
5467
8008
8153
8203
4639
7532
8505
8970
7786
2784
6905
430
5822
180
7205
2986
7847
3584
2621
7648
2435
1971
696
185
2492
8405
1223
5500
2051
7214
5867
7846
5477
5890
5288
6160
7798
9859
770
2585
2095
1658
8410
7082
8817
8349
4677
6312
3567
1400
6792
4805
7069
54
6936
3495
7311
7967
5711
6234
6308
3005
6919
571
6917
9058
4953
9932
4891
1044
5187
7987
2814
35
5553
776
3561
3613
1368
4142
3727
4911
1932
650
422
1061
776
5422
8953
1792
8849
9831
4147
4535
6276
9090
4739
7838
165
9758
3395
4745
1421
2522
6212
8804
1990
7033
4501
6160
9934
3697
6599
1568
2507
1397
1072
6268
149
5855
8282
9530
979
3098
2195
5356
3840
8278
3758
6462
6036
5723
3448
1609
747
8982
3489
9409
4437
1617
9071
3743
921
2792
1858
5152
3231
2579
2028
4879
8017
8471
7688
4309
1476
3865
3766
8322
327
856
4964
3711
3274
8038
123
4211
248
4990
821
3525
7908
1663
1830
8532
6784
4538
8609
8186
1240
7042
2125
1260
6250
8879
8444
7565
8034
9139
132
6881
5216
5166
9081
3581
6652
5359
469
2883
2669
7646
4903
8240
1757
8503
6971
6354
6640
9155
7525
6938
5256
5579
7082
3285
8730
3703
7461
4394
9593
2557
6176
1109
4857
3939
8309
2741
2581
8248
1880
1424
4068
5725
5516
3593
2138
3884
9502
7747
1908
2090
925
8879
1613
3194
1625
9636
8084
5796
4850
2948
7897
6074
3289
111
1470
3794
3383
7818
193
4229
3773
8391
7275
6100
2869
9530
62
3489
1146
4846
4200
9714
2485
7503
1632
7297
9495
1663
2313
8673
4657
6784
3397
8931
3527
7994
2435
5405
2123
8344
500
1684
7553
7678
8316
2533
1604
5513
325
2095
9573
4595
4650
4
8747
8182
3588
5786
8478
4173
4299
1720
5505
1520
9572
6988
4993
8343
2572
4875
7094
4657
1365
2801
4345
2516
2161
4806
9186
9099
5692
3981
1338
218
9099
62
2133
3393
183
5344
4405
6649
6926
7950
4045
8780
6179
6032
8106
1327
7539
3260
2940
5449
5000
4915
3229
1848
5658
6231
6021
8781
6600
9379
8480
317
381
5286
2420
9510
4855
1600
8159
7228
469
445
7731
3415
8756
5564
6337
6128
6700
7858
1559
2431
1040
5888
5217
4184
6832
285
7734
3952
9322
5623
48
7547
9470
3727
8399
892
3611
8596
6472
5939
5101
5712
4979
4555
7184
9814
3092
94
9894
9892
2081
8742
7819
6048
9276
4493
69
8236
2677
4570
3865
4206
7905
4846
397
183
3945
5028
7165
5444
2516
8104
1385
5620
7330
5328
908
661
6999
7018
7192
7640
4058
9429
3541
1306
9727
3421
4451
3905
822
5374
5918
1902
2074
894
7806
133
4158
7000
5868
8063
2928
4449
7375
3977
7356
2199
8717
3947
3584
9407
1237
5658
7377
6224
148
8475
1304
9090
456
523
576
3259
4621
7142
2185
9483
3546
6435
7522
775
6503
9998
1150
9128
4712
9608
2053
9564
3950
7528
4704
503
321
1414
4137
259
4525
5849
746
9330
8828
5067
6544
5345
7486
9669
9827
233
1791
7873
8653
2281
6425
2809
2904
1238
4508
8248
1511
539
6421
1740
5140
2928
5819
73
2938
3206
3005
1925
4957
7696
5689
8191
1946
1436
3454
5804
1641
5043
9780
1820
7773
6076
8875
2422
4078
7511
8510
2898
5750
6276
4337
206
2908
7088
9927
3616
9526
7413
6730
6621
7228
9865
2915
956
6592
8234
862
1468
7784
8704
6606
6468
758
4601
3966
9063
4053
3396
5994
5426
4696
106
6175
8681
3358
5483
5282
4858
1508
9838
6278
4228
8312
3159
4591
7907
3161
7918
5830
5843
6649
7042
5114
7046
9669
7869
9447
8307
3121
863
9563
6129
1418
1304
1924
7122
3690
4234
7598
1108
2951
6004
9959
7945
2425
2378
8156
7599
10
6058
5902
6134
7566
150
8776
7653
4992
9128
9011
5488
6035
6975
1736
645
275
149
2809
7007
1234
7469
4217
8927
319
4721
2892
645
7083
7168
4621
7291
9713
1848
8296
7063
4961
3428
8563
1267
2527
4271
2129
4562
5222
2109
5073
5976
4267
9313
7670
2276
9568
1148
6364
2541
1841
6975
5815
2844
7258
8131
569
7824
4506
1720
5775
4186
8678
4673
5684
6847
1586
1541
4479
6963
5339
9655
3704
8209
9648
6915
6377
7769
9497
2345
7722
8564
5484
5755
5221
7986
7612
5718
4009
4396
3702
4305
55
3502
6333
886
7298
9593
3629
823
689
8027
6668
9401
7201
2185
3270
7605
3196
343
1753
2799
8326
2161
3997
7211
8702
2922
9451
7698
9234
5867
7532
83
3260
1034
9600
202
1875
8761
9617
6784
4140
8673
1655
9695
1896
6083
8554
3035
4715
6
2522
3665
2643
902
5978
7893
9504
9122
2184
4375
141
5930
1588
4822
494
6584
6140
6167
2585
3067
5729
4434
726
4969
8659
9652
506
4302
5314
2618
4368
6416
2982
9227
3345
3866
7440
2358
5055
1706
697
2753
6577
5241
6642
8209
7084
6833
9200
5311
9943
2386
449
1648
4276
8087
2939
7673
2243
6325
7387
5202
3807
9565
7
3725
2948
2361
1476
6628
9144
3781
1112
879
2369
2976
7857
5485
8327
449
2567
3672
5101
3
2675
1981
5966
1334
4951
5258
927
9766
115
8729
4318
5495
8945
7011
5233
2916
5261
4723
5357
2572
6167
6161
1274
9570
9278
1300
229
7454
9346
1793
3758
3715
100
3804
6890
8026
7759
1614
7410
6218
5700
9377
3666
2382
6560
6874
4031
846
251
5410
5188
7843
8315
2529
3836
6513
706
6396
2055
3651
5028
3473
419
8321
4971
603
5394
5140
121
7207
5156
3647
7313
9138
6871
6789
2495
8891
3009
2403
7268
9383
7202
3936
6605
5914
5399
7571
9968
376
7319
1363
9558
3759
1189
2227
8957
5344
7411
5957
1480
8890
724
3044
253
1541
530
9176
5657
7046
4018
1815
3386
9652
6382
5644
6270
6483
1716
9057
5204
7823
5172
9745
9888
3793
4088
3554
7949
4644
7831
7150
1480
7051
922
8378
8659
4158
3682
5064
5383
6222
1913
2921
6357
5503
7976
9905
7376
5544
5957
2473
3628
8354
753
3657
3717
979
3155
6460
7452
6975
1227
1013
9215
6867
335
6334
8729
8004
6985
2111
2801
6651
3673
8981
5909
2251
3387
4384
5816
4183
6177
2404
8687
5357
3522
3125
6298
7265
4660
7679
1002
7222
7612
8408
4995
899
3705
9489
5168
1641
1175
9372
8559
3845
9672
6977
4681
1771
7747
1465
7591
8771
643
3269
797
8822
2326
3857
3345
7209
35
1464
3343
9305
1108
5579
9039
5265
3986
5010
8545
3898
9215
4175
3007
6805
3845
4841
5685
6545
8444
4527
9518
3194
88
2231
6578
4342
7610
6172
8573
9848
6144
7959
1606
9711
6029
9253
2736
4092
7937
9415
7784
2737
2919
3693
9556
6468
262
3992
4976
7484
8171
6800
8764
5508
1946
148
9217
8877
9000
4696
7654
7813
6436
8697
7753
1256
2569
3295
775
4592
2105
1593
8607
9028
6742
6780
275
6395
2674
110
4080
3617
1195
1088
1676
9343
9194
6097
7765
5880
36
3858
5091
3241
1760
9971
6300
4222
5939
8299
3899
6966
3217
384
5379
6578
8193
9736
8765
5165
9873
2821
6202
8890
615
4037
6618
5347
7021
8409
2061
6471
5530
4894
4556
8246
6501
5366
7267
6771
480
6053
455
4374
6211
7113
400
811
5709
5097
1150
9458
7332
2599
6007
7214
7655
6201
2625
7723
3353
952
7200
7529
6237
7427
1436
8322
5828
7132
76
2826
2468
1994
4685
3820
2366
1828
2678
3502
3636
5806
9638
1923
7259
2603
9138
2930
8887
7341
590
300
2741
9544
3418
9527
8852
2926
8136
8783
5677
2078
4982
8576
5020
8324
6989
5338
7914
2186
4848
5827
3522
9123
4086
7546
1314
5276
270
3634
8289
8505
9434
8486
6541
9776
85
2924
8576
5157
4968
9440
3691
3895
7824
1558
824
1061
6902
8935
5614
3800
5016
6700
2493
4763
6777
3618
5457
5871
8212
3575
2655
4502
494
7171
2643
6495
2035
5244
8238
4065
6762
2756
7218
5408
2136
9627
1298
2528
6721
253
8374
1335
8019
4488
3489
2733
5993
1778
2999
6467
7466
2704
6945
1392
6784
9188
3400
653
8914
4328
9025
1658
696
1549
7038
2259
9481
7085
2626
7150
2319
2929
9149
7959
5201
1320
6483
6006
3681
9910
502
256
2245
1770
6598
4058
5811
5826
8623
2948
6226
644
3613
2393
1227
6715
638
6470
7449
1230
3251
8907
9151
5848
4147
4537
3554
8985
6191
5464
2705
7394
6971
9004
3825
8769
9413
8925
4951
2980
6447
3655
8461
9678
923
1675
9315
6756
6731
8485
681
12
8556
2451
6658
1595
1105
6396
7623
2060
503
6825
9634
3159
243
8831
3673
4608
8568
2458
7302
1712
1519
4468
4782
9596
445
9472
4925
2472
5221
6797
2253
7705
4782
2692
8837
4520
2346
2230
7663
3017
1302
2890
2476
9621
4020
5302
9435
2091
8002
4706
8188
4273
1183
8968
8492
4087
7668
7062
1149
1632
1470
5150
6838
3706
4572
1928
8376
7550
9993
9152
2262
6338
4794
4284
410
8629
1992
5160
5575
5142
37
2833
4470
514
8609
7980
6522
5814
4199
4750
6851
5284
1080
6030
1546
6151
6051
8770
5049
2091
6926
1885
2097
8849
2444
1849
9478
6898
8558
9863
2095
2507
1486
6006
1595
8637
680
6324
5096
6591
5406
2562
3350
5243
2300
6978
5257
8764
2738
4258
2577
3221
111
3483
8216
8152
735
5621
8070
6759
8502
9623
7255
4336
2654
4343
3797
5073
4435
2908
5471
9727
3674
8458
6685
4364
8534
6854
6548
5465
6592
714
4160
4299
7285
8874
2396
8003
7790
3443
7902
5059
8253
8336
8089
5782
5306
9014
2589
7956
3180
184
4328
9829
8787
2850
9546
1652
6797
3852
9617
3881
9072
2604
167
7787
5463
2956
7050
3780
1947
5794
7283
991
5006
412
1473
5338
368
903
9057
9520
4265
8591
2284
6408
6385
4331
5512
4435
9327
743
1205
3937
3825
4020
5986
5648
8169
301
319
2350
1963
8808
6009
7386
2900
3336
4822
8374
1376
4208
1283
5894
4794
96
9616
481
320
3759
1402
1131
7443
2614
4453
1203
4588
3345
7165
985
4425
5825
7169
67
584
6707
7556
5456
2581
4898
3507
3048
9508
7137
3059
5118
9459
5311
9143
3729
4404
5505
5328
4410
8899
9187
4906
9349
4355
4806
2798
9555
6170
3836
3949
5550
7039
1216
5310
8087
2540
4159
7899
5421
251
8353
1623
305
9555
9334
1743
9277
4202
3436
6581
8919
496
2759
1167
1396
1800
8207
1100
7775
2099
3952
6877
5672
3188
7508
8078
8243
0
1055
1188
244
7606
9906
4158
546
7564
4601
9794
5020
3062
3520
5353
2734
7255
5029
5054
4280
48
3913
6287
4333
3059
123
3322
6299
1475
5950
7116
2046
1255
3500
9276
3146
2248
6336
1313
590
8600
621
3832
7199
8412
6079
4713
8578
8598
4143
8416
8158
2454
3798
8194
6087
4768
6855
7185
7483
6584
7859
9070
1613
7484
7748
3765
9561
4244
2206
485
919
3716
4463
5680
9426
80
9088
5920
6979
5409
4743
7700
7331
7533
8957
9591
7457
5305
3188
8378
5392
9150
3830
4005
741
1550
2219
9714
664
2314
5151
4334
6392
3658
7497
4442
7990
8118
8767
6006
5680
935
206
2073
1841
158
1739
4079
8526
8156
6307
4256
1055
3827
5093
1768
9886
458
4938
7876
7861
9373
5255
4664
258
408
1307
3673
36
4515
1601
9339
6537
7182
2698
4457
8944
1757
2164
582
9811
8139
1188
2508
6007
895
3278
2564
8564
5729
4556
7532
3179
891
8145
6306
5679
5541
1814
1432
8851
8066
4043
4011
6555
6967
7718
3873
1129
635
2824
8128
8294
4356
8064
9721
8185
2747
8657
9363
7130
8743
5108
4307
9958
4069
6160
5646
9036
6391
8777
3402
9942
731
1731
1745
4096
7177
5953
9039
3176
9405
1435
7928
2904
6427
9237
8822
2826
8424
8121
2932
6884
2451
4302
107
2957
9736
4052
2486
807
2072
4837
4737
1858
9422
8186
7562
2625
6319
5624
1007
6793
9617
6186
7725
7307
7179
1402
3531
4831
7338
2819
612
8269
5845
6517
7491
6429
1623
8788
4360
3125
3467
8232
1103
4568
6697
6070
3482
8241
1675
6196
6507
2799
7114
6138
7266
6264
6577
2800
5777
8333
521
7654
3468
9253
4224
6467
6012
2904
694
1133
1002
7531
1264
7882
3326
1385
5083
3157
610
1109
7919
5289
3156
1141
6311
7813
1155
9706
9250
1227
9852
8823
3010
6026
2603
5812
4763
1850
343
229
57
578
7547
541
5194
8975
1534
9231
2812
5881
1181
3420
2190
4668
413
5231
4498
2327
2941
6411
5312
6306
3653
9467
1281
2179
4520
5237
5278
7513
6622
3232
2813
380
1051
7341
7742
2614
5946
7335
6278
1924
6893
3369
46
6432
6632
8342
5613
7372
1314
2435
8908
3931
4917
3751
6924
8080
9260
3015
4455
6297
3953
5299
9258
7948
606
1809
3616
3072
7489
1883
6380
5605
133
3388
9412
284
9421
4849
5546
6177
9624
7906
6198
4186
4324
8882
5462
7299
417
9662
3354
2931
2880
9981
7970
1594
4111
2097
5825
4822
4726
2541
9882
9430
6055
3302
3797
1529
4338
6640
8658
4411
7468
8277
6672
6046
9100
5071
3624
1723
6347
6316
2654
7827
8529
3448
2725
152
5417
7818
6172
7323
9023
723
1451
7083
8024
6768
8131
1021
5084
3933
2961
3776
1003
8942
5462
4602
3308
1924
2493
9039
8473
4101
8475
8409
9886
2054
900
2606
577
3645
6111
6520
467
1335
5388
6745
6825
9589
8022
2331
6940
2602
6639
2413
3355
8877
6824
9587
7986
8122
6843
3492
5324
7133
8849
4921
2247
3042
7197
5969
5867
5524
444
1438
7821
6441
3309
9667
3554
8717
7777
3719
3901
161
2099
5870
7462
6062
5054
1008
5230
1313
4620
2454
6802
2618
1195
3333
2485
466
4497
3783
2391
2053
6464
1415
2158
5201
4591
6913
5568
7157
6032
9268
345
3123
9591
5163
5034
2979
7459
6184
7987
6189
739
4553
904
7990
4636
5203
5246
9975
7181
3088
4219
3993
1328
1848
3697
683
3712
2261
1471
8140
5439
8072
5281
5351
2109
3678
3027
6031
8299
9506
3006
8312
5795
6202
1314
1910
511
4168
564
9388
1667
5592
9975
2944
5049
6351
1795
7742
1465
4350
9266
5198
4713
9847
749
2666
9272
5552
5880
958
2175
9214
1676
7674
81
5906
8198
5125
534
1786
172
9544
1696
2082
6472
9847
8097
2337
301
5757
1882
5284
4566
3948
240
7808
3599
5947
5453
8647
2638
4958
8287
9606
7212
2453
3915
2300
2863
9143
8153
6670
7208
9679
4178
9721
3502
2630
3375
901
4569
6935
5250
123
9075
6890
4648
7727
7434
2272
2307
2250
9672
1886
9148
5214
1257
2089
4870
4018
5931
5796
9473
1158
7604
5211
8076
4887
9770
518
4306
968
2572
4551
4078
5702
9707
8164
530
322
7805
6187
4866
590
6835
5903
6998
5321
530
8963
8464
1412
7760
9356
4969
8772
7461
4092
2519
3863
8813
9760
7957
6915
7966
1338
9677
5120
7807
3446
5506
3093
1559
4547
6213
9743
930
8883
4322
1700
8213
2754
4356
806
2054
2894
3207
3216
9582
5306
8240
5615
5644
6666
1508
8044
8230
7950
2623
5497
6225
1877
7513
7084
3456
5371
9852
3213
3143
5225
7842
8577
9769
818
5650
6058
5403
7150
4861
5072
8131
6460
5538
2501
5205
9891
7448
4892
3038
8168
1513
2979
6260
8825
5475
6336
5241
7272
7350
6682
3041
9994
73
4356
7463
9663
5845
4826
1016
5449
2640
1080
3089
7550
7366
9764
6339
5011
1878
3564
7923
4959
174
4974
3712
4863
2317
943
5342
9313
817
8131
9800
8178
2031
8136
6387
1182
5038
5542
4046
2621
3876
7588
5527
432
9889
8709
1459
5710
9996
229
5394
3785
8759
8081
9819
5098
643
2600
7345
4901
9483
1702
4631
4509
1279
4910
5519
9229
3377
5157
9973
6336
9518
5301
1083
2585
9446
3279
4973
3608
9484
9632
9317
588
2737
6015
9418
3949
8316
1288
538
2438
8196
9144
3137
2173
2956
1018
9152
4979
3189
2229
2332
4839
255
9057
4266
3458
6997
7233
5652
7363
7627
3737
5417
9851
2385
4043
1772
5264
5492
1569
912
2088
4618
7535
8140
374
2164
8910
9629
8428
4127
9994
418
7254
7299
4477
333
3679
1748
5960
6952
1083
5636
3174
4810
4458
3727
3285
9787
8913
9245
3888
9486
1619
1317
244
220
2720
917
3892
1293
8087
7604
7223
3236
7632
3319
8162
2551
7907
3709
8092
3515
9532
4617
9829
6452
1443
2724
3681
6647
8878
9122
715
9183
238
507
8798
5937
7055
4256
7613
2762
7856
4666
8865
3478
8413
9938
7178
1139
5564
734
1880
5203
1152
372
9954
7002
1487
3791
8777
9995
7235
7244
2415
8964
6889
8040
2997
7125
4520
2225
5496
3650
6096
5330
5659
4865
5752
6351
8039
1505
5546
2541
1082
8144
7242
5511
8030
9866
553
1795
4449
3263
5479
7617
5527
612
2250
9900
6589
372
6940
52
6618
3338
5238
8229
9107
5822
4712
5088
1250
5136
5752
7271
4448
4693
6161
4271
1721
1377
9
3130
6572
2724
7775
2232
8170
8478
9803
5047
2615
5851
9761
7666
4564
5494
5923
7744
2905
9013
6404
2207
5153
5464
545
9313
7511
8208
3168
833
4450
7979
8179
5211
363
3810
3480
3893
5562
3005
58
628
6019
9665
2473
5399
5374
8086
2707
8954
8770
8417
1365
2708
4973
7802
7976
1107
2179
8462
4721
9962
5310
8969
596
4635
7672
4550
7303
754
2013
2029
2181
9900
8955
5776
6188
5488
2991
5146
3938
9424
5501
4213
2063
6032
6614
5470
238
2560
5833
2372
1714
7100
8284
95
5318
7049
9068
7837
7727
824
783
1952
6941
6740
6236
1465
3753
9197
1613
2488
8116
7033
4523
5296
4461
1096
6906
4564
8021
2201
4311
4742
4921
9641
315
5080
1615
8859
457
9138
6419
5153
7419
3114
8641
3548
7272
5322
9796
5148
1717
1041
947
3344
4255
4681
2576
2987
5634
4221
142
4504
9816
5525
6512
6041
7031
7299
6425
1155
9850
4894
8739
2475
6069
2963
9613
1409
6655
912
3823
1584
4768
2872
484
3270
3795
1576
5386
5634
2504
8627
3225
6235
8995
1914
5336
1893
6602
2600
6517
9973
8896
8640
5298
6823
2302
8472
7275
1291
5067
1167
6332
4721
398
8558
9736
6943
5041
3242
2246
5454
1912
791
8651
1222
1669
2503
3479
4154
7627
7719
4806
4055
4395
3849
2687
6127
7574
3661
968
5322
4301
4094
566
1336
2295
8503
5837
437
2178
8393
6852
3360
353
1062
8060
8105
9989
4076
5154
9799
4992
3120
3664
7347
6360
2276
326
6548
5870
3608
9369
1380
2273
6923
1153
7817
224
7314
8927
3165
6665
3042
1976
9233
867
1446
3701
3332
5789
4582
6138
3498
8507
1169
330
1180
430
3219
4976
18
8177
9289
4566
8569
9023
5472
1086
3430
9909
242
7881
2674
5148
1988
3133
1950
1144
4430
6479
4913
8575
6993
759
1288
7470
5871
2873
1104
6592
9972
7387
7004
2338
8909
4988
7376
8475
3406
210
5394
360
270
3423
5546
6701
3464
8349
6518
8035
8379
35
5999
6739
62
1442
1184
8529
3278
1099
3152
2599
9981
6838
9936
2855
876
335
6239
7000
5756
3474
7738
4220
1085
4553
8304
3569
5212
4586
4006
7521
6354
3069
8213
9937
1388
265
2276
7466
3803
8846
5197
2307
7057
2795
379
3432
3487
2691
5824
3128
2109
9517
2278
4904
2297
1779
5654
5509
3138
7614
3317
8691
7092
5630
6244
6911
8624
9999
1467
611
8058
8773
3196
6910
8277
5430
7163
8289
4173
4872
81
2521
8762
877
5411
6836
790
3308
7639
9609
4610
6767
4327
6188
5529
6505
5214
1426
6550
3467
4807
3488
1224
5213
5070
3336
6320
5368
6627
6866
4615
7364
1335
8266
7533
795
9929
6215
218
9407
6121
5316
2359
1858
6000
1291
4445
7008
1380
1771
216
5736
1739
706
64
6593
1297
3548
5807
2075
516
5422
6680
772
4993
7246
5431
6061
8655
4734
6576
8999
1207
7142
7346
9490
1129
9366
9212
3778
8891
9312
3987
4855
6650
8879
5624
629
8201
939
9498
6381
407
8143
8891
698
8636
1586
6864
8754
5859
8383
8352
6646
5195
1216
4528
4597
3359
573
5464
1931
4335
2028
3184
1203
1434
1825
4122
6113
1621
4802
7859
7716
5235
195
8592
3064
8250
6647
854
9542
2501
458
7918
507
960
7340
9660
5434
4350
1027
7269
7628
5475
7567
2045
8378
4959
7688
9263
6811
7464
751
7133
1057
523
636
1410
5000
2624
1464
6346
6712
9719
5921
9430
3877
4109
2676
242
4094
2164
8687
1762
593
7532
231
2240
7668
8149
213
8104
562
7383
4043
2078
1749
3324
6861
9984
324
5930
4659
2810
2886
4681
557
7908
9553
8136
8167
4268
2283
7445
5169
4646
8776
8988
6540
3524
291
8395
3741
6850
2410
3359
5784
9329
5676
3843
7680
553
7248
2692
9918
8163
7505
5877
8875
5912
6975
2322
2687
9531
9982
5944
5821
3116
2213
9396
3301
2760
6784
3336
9692
1929
2188
7809
399
9527
8896
1228
2232
5710
456
7614
7020
9591
7526
7005
7141
2898
112
627
6549
7968
5708
4209
6868
6466
7538
2667
7115
6279
541
4919
3768
3912
2999
7989
5975
9695
5478
9348
7015
5747
90
6976
9075
2367
8924
6230
5589
5207
2255
403
2647
6157
6787
1723
6220
7978
941
3932
1989
6228
4112
5953
5168
5537
3845
3108
6591
9537
1030
7445
7419
764
3611
801
7878
8731
5134
4500
7541
1307
7078
1907
4023
138
2271
7611
7124
1276
1768
7997
8754
1545
7359
787
1634
4136
1808
3537
8522
5816
9639
6052
4177
4810
2983
1883
2545
5985
3844
7489
2843
6441
6391
681
9150
2205
1929
5030
3265
6234
5983
5314
7768
3032
8690
5874
3405
2824
9166
3741
6923
1596
5978
1725
1668
1026
7730
9213
7154
387
5066
1139
7431
4279
5153
2313
5154
6677
1636
9429
2207
6777
271
2287
9832
4324
8283
1144
6119
7109
8478
9721
6818
102
566
1246
463
4665
9012
8124
4475
2715
7875
2878
1167
4844
7882
3489
7879
6377
719
6727
1187
9736
1534
145
1324
3690
1892
7344
2742
6585
3094
45
1909
5344
4320
7329
3712
3906
1850
488
7664
3512
4954
9491
8901
7393
1120
4988
6441
4793
3265
9741
6389
1750
8534
7081
8568
420
9922
6773
2773
1668
5381
7889
9621
7830
968
5823
524
553
9777
3972
4527
231
9063
7674
4782
2042
1243
3930
2569
6903
902
7949
3320
3352
3656
159
6810
7238
8760
3292
3984
5076
7714
5995
8130
7065
9870
1071
6425
5297
4464
5887
5016
9292
5213
6158
2687
859
2299
6526
9176
5991
4203
5870
765
7432
4569
6268
4173
809
9012
3285
1792
6484
9988
9450
2516
3067
9544
7716
2172
172
7505
7272
2439
5014
2932
4027
8138
7497
7471
5951
4938
2234
4115
7992
873
1844
5230
698
2496
3601
6897
5616
6284
1178
4094
8531
9304
5763
3641
9620
1315
4582
4353
9004
8486
6930
3430
5750
4499
541
8130
6675
3337
3060
8347
9558
2369
1995
8576
671
7837
8845
5220
8570
3274
1888
988
1260
919
4401
4723
2375
3856
7851
4636
355
7880
5111
9506
3943
8413
9479
6198
1955
5470
222
2279
3224
2831
4536
6162
7308
7186
2970
1783
2469
9362
5782
5730
6598
5941
2170
4831
98
5817
5754
2819
5486
8424
7991
1677
7258
2488
4633
2257
8358
2647
3265
3100
3052
9609
7764
8429
6383
8239
7414
5189
885
6068
2166
993
2097
9380
2908
8001
6243
4648
6100
6137
9715
7402
6793
4799
4839
2858
8904
4820
2553
712
3425
9822
6096
2682
2678
6988
8177
3741
8447
1859
8402
565
1934
9417
6257
6998
9579
7877
9580
6631
6014
3709
6547
7127
3384
5649
2815
2964
3589
3524
9334
2594
2635
172
2642
2344
4896
9414
6702
5919
9823
2502
6200
4241
7735
9150
5468
7375
8541
7840
3279
1027
5239
5921
4698
9715
3275
8968
9298
7028
4172
5213
151
4923
2524
5807
7929
1761
6775
3912
2101
164
1174
3660
6807
3511
7509
2305
9392
4234
181
5440
4422
5749
245
8307
7355
6714
5474
2927
9069
5927
116
9674
1746
4610
2350
1277
1716
1927
1220
3707
600
4629
5738
3114
9853
1578
9113
1186
2205
969
9575
5064
6846
8732
790
4402
4677
4216
8452
1215
6286
3847
4843
6173
48
1499
1914
2197
1160
6232
589
7465
3014
6474
4840
9793
10
7131
8454
5776
7600
4287
721
8100
6352
5051
2827
3014
3820
7948
6599
7500
3474
4
7420
6752
9785
9564
3065
8353
9664
6916
25
5973
380
2110
2050
372
3891
996
4391
7546
5761
2676
3615
1999
3125
6742
9821
4997
8672
8899
8377
3212
9633
3088
3990
3009
9053
8087
7
445
4065
101
6111
683
4261
4748
7720
4241
3001
2454
9122
2823
3557
9052
1739
798
6389
5421
3627
3043
9743
8068
9681
764
8539
6813
6340
7291
8119
9041
1318
5803
989
3946
3480
5660
6565
2931
7737
8377
9021
5580
1996
6217
9777
5553
9654
580
1349
3192
6619
3632
4460
6964
702
5997
420
5346
2143
7448
8408
429
6122
3959
1135
3318
1833
9610
5571
6078
4233
3458
7684
5249
4021
4162
6072
3463
987
2985
7158
5759
5942
4926
2421
7686
1343
4025
3244
7483
5239
1218
787
288
9969
8592
9458
8036
5081
6458
3720
44
5008
5270
8959
3161
5948
9210
2942
6539
9925
6956
4358
9157
289
2648
4486
1195
1538
3449
1975
7808
6366
8088
839
3014
2670
7395
5280
5429
4704
8036
8381
4529
9265
7114
751
671
5966
9259
1738
2132
1083
6704
7558
8282
6859
1630
9999
7320
4105
8262
6497
1632
4482
5911
3677
6920
4431
5945
491
8552
3930
7512
1834
1888
8574
9829
9892
3175
1896
3815
5229
2279
1710
9843
6725
9662
529
2556
6154
1040
7396
7960
1323
6442
1538
6749
46
3354
3436
3830
6240
21
8767
3185
8202
3570
4869
5669
9707
7030
1738
6823
5423
290
3032
4218
9921
4639
9186
4015
6390
1874
9790
9451
1156
5970
6189
5392
350
1825
9783
6537
9738
8066
7574
5208
3511
8524
1641
3155
4792
4860
2848
9124
9302
572
2536
1032
3409
7320
6827
5406
4167
9421
7440
4365
230
9316
2029
2232
7380
9477
5319
7882
7246
5200
7085
7357
2716
7824
706
1397
2998
6031
9223
1530
9025
665
149
583
3433
5156
1982
3029
4998
4376
2370
316
625
3208
4977
4195
6495
9409
5774
5314
9540
4966
1878
4101
3486
5178
8316
5584
6614
5430
2408
8136
198
5909
5340
9564
9166
1445
8798
2223
7494
2289
2884
2869
2829
6768
6732
9507
2847
6511
4901
3589
256
3908
1989
4059
8787
6047
7097
8255
6840
6398
6415
9567
1968
4233
118
4716
7868
5412
5028
5049
610
3551
7819
7250
2082
9008
1272
6717
8446
8808
2737
103
528
8818
7880
6289
3919
1280
777
3119
4348
542
5382
1096
5874
3316
901
8596
6650
2015
1639
7434
1482
9852
2978
6705
6088
4739
1976
9779
4775
379
9809
8032
3660
6312
9039
3149
6352
3829
796
6587
4635
1909
700
68
8168
6723
1376
8766
8107
2675
67
6430
7168
5302
8620
675
5840
1175
200
9180
9304
998
8343
3969
733
7350
7436
9562
4277
7751
2243
2821
1219
5052
2799
9572
9151
2910
8536
9365
3363
3210
1672
2100
311
3378
863
8357
7691
8363
7309
5177
3628
1616
7283
3637
3566
6730
9334
817
9287
1813
4489
355
431
7246
5211
2116
2503
9048
1523
2930
2638
835
5817
6094
9326
6243
3657
7354
6487
9078
1870
5913
442
7065
9192
9602
7769
9162
6005
2421
3575
7719
78
1549
8721
1316
1668
3065
8167
8746
5853
8642
6839
4378
2539
2793
5799
1188
4310
7322
3073
1980
4330
208
9943
8575
9912
3365
8053
5608
4347
3341
3043
9102
9354
4919
756
4267
7373
8009
4575
592
9187
7740
3224
3228
9074
6063
4526
6399
3803
6580
4851
8682
9347
1594
3388
9870
1606
145
1404
8302
5012
2558
4398
2512
5599
7736
5023
7620
2036
1531
3815
6301
2747
2481
2793
6589
6983
6714
9500
3848
8839
1653
1805
7767
8490
4360
