7608
8046
914
1549
1979
6320
8628
8840
547
3679
3305
1595
7773
7374
8007
3865
2098
3301
5500
3342
8721
416
5391
3013
5844
3265
5264
471
2534
6276
5294
6087
42
9587
5350
8797
5429
5351
9804
7405
6558
2987
4228
4154
9773
5447
8964
5991
604
3853
2734
6931
9206
5131
7038
7192
2654
7900
5705
8714
1055
8156
6305
4270
8385
7217
1552
8186
2024
9209
8435
6747
3496
8094
6784
5733
6188
1237
3240
396
4300
9273
9867
8680
3542
8362
6881
4911
2548
8158
6143
7528
9645
1090
6350
8401
6681
9957
5768
2555
3894
778
3966
1394
5417
5986
3434
1112
8346
1304
1003
1417
4660
5308
4413
1781
8289
7624
728
23
336
6641
5637
3865
3066
907
7101
2406
1744
8383
9052
6230
5468
684
6501
3522
5307
8472
3262
7555
4927
5769
6564
1243
7154
4725
2867
4336
6677
4568
111
9057
9229
5745
2218
7253
5140
100
8328
4510
8884
1028
9367
9962
2252
4773
5949
3976
8807
890
6474
9817
4361
3172
5095
4567
76
4394
6711
8340
8039
2765
5729
7175
8272
9994
7000
9722
8466
9248
8382
5206
143
8752
8671
3898
6401
6602
8990
2380
8776
8891
5529
5786
8094
294
4695
6057
649
7650
7177
746
3389
9987
6470
6119
5299
2191
1690
2258
7772
6226
5509
9558
2508
1268
9673
5609
4501
1197
8166
3474
5403
4330
9564
9148
7236
9943
9081
7978
5299
943
9072
815
2071
7636
1816
156
2281
2551
8599
4209
4911
6732
4608
2549
3381
5970
3277
6825
620
9086
1555
9452
9484
3702
5342
9059
423
7322
8883
5356
3109
3712
6958
6829
7153
4694
7487
4872
9451
9517
3327
1949
2597
3956
8563
8671
9722
7015
5766
1265
6665
2255
7357
6212
9387
9620
1330
8368
2293
2757
9733
4959
3668
3243
1099
1198
9773
7779
5395
8687
8482
8404
7374
1103
5758
9606
6854
5528
5139
6670
9337
3408
1555
7617
8690
854
6355
745
7441
7533
3363
9119
2578
6694
9784
8368
8280
9354
2856
7364
8897
1943
1619
7079
2782
8261
4881
6254
454
9781
2765
5802
3228
5623
3420
6325
3403
6050
4552
245
4843
9027
337
7861
5324
9363
5826
680
1319
7390
1325
7500
2672
7775
7773
7393
1788
4476
4834
429
5972
101
291
7659
4768
7560
5890
6955
3273
3459
4964
2230
4801
2610
2521
9869
1605
3757
1754
3419
2434
4201
4934
3064
8456
5264
3130
5453
7849
6026
4536
8927
1216
4123
4272
4741
8736
2677
3093
7763
3472
8870
7406
7860
2425
9095
2699
61
5253
7903
5788
8030
2721
1415
7994
1771
5166
7226
9203
9503
4430
436
9105
7247
8922
6036
1014
677
8337
7779
1133
8927
664
3991
9946
3564
6794
7074
639
9361
2565
3068
200
9946
238
6505
6206
9800
6129
2501
9575
1509
3474
3589
3333
3036
9764
159
8937
6388
8081
2021
1723
7474
6770
6860
7366
8730
1468
4430
4976
8092
6587
9842
6938
1361
236
9159
7009
2416
9830
1213
4548
5836
8204
9623
5453
7074
657
6910
3799
6635
8136
4250
1279
543
1344
2726
3175
3377
9139
7476
8332
1699
7524
1483
4921
3631
6651
1971
2799
604
3150
6520
6558
6868
7473
5887
9269
7146
1406
291
8072
4557
630
8340
9955
2337
8562
6394
17
7510
5984
3631
3277
2353
2880
2849
8312
6721
4702
1822
423
8686
4111
3194
3485
1615
7692
4411
3070
5457
3456
6029
1970
8847
9404
3775
1068
9183
1527
2584
5068
256
1954
5289
4620
9518
3243
4204
3987
4623
7574
2548
2444
9584
9868
9385
446
7435
4855
8339
4645
4150
3324
4559
4054
9954
1660
4430
2949
9105
1780
9128
5193
2117
6753
166
6732
8821
8573
3966
8372
3487
424
8446
7882
907
3584
2386
8978
18
3328
3633
4328
3188
7938
918
6932
7395
1235
4665
7858
8812
1254
4882
2843
8446
7355
326
2831
9701
2653
1624
8861
888
9966
1157
3726
4877
6676
3146
6370
9273
5451
2931
5776
8147
4800
2004
4179
5834
3234
9336
7586
3907
6108
9559
2232
5541
5603
9436
3551
3258
9554
9277
7364
1703
4771
3440
3221
6781
7191
2055
718
8088
8295
8584
3361
8323
9105
4695
3646
5350
6147
6996
6467
3316
4037
4954
4779
407
8924
8184
9273
7239
9594
3112
9718
6173
5566
4072
3376
1359
8783
7397
8643
1179
8618
9498
5612
7523
6198
3909
6435
908
5790
8201
7110
2558
2810
4047
7666
9817
8660
2814
7856
9006
2781
3478
8493
5183
8865
7187
2756
5033
1318
2286
6567
8749
8353
5287
4698
4539
9341
7256
4208
5015
1749
8365
1449
1393
6001
7160
3363
1519
6406
3559
2699
5969
9540
9636
8398
5139
1004
428
8657
9010
1152
1402
9589
3504
1634
8360
4204
7522
9348
3126
475
1404
8605
2841
7257
4415
2029
7100
9181
1705
3823
1237
8626
7759
9587
597
9209
8717
6889
9559
3534
8913
8598
5198
3862
346
8776
7945
9759
7640
2955
5840
2170
3279
3084
1294
7364
6698
2378
3982
3109
3904
1246
6952
5186
9915
2775
1829
3916
1036
9151
5487
633
9789
9592
1561
2806
3407
8979
6910
5639
4084
7341
1541
8749
7982
9067
5347
4675
8292
3233
2510
6339
2907
6450
9630
7666
1645
11
3946
7571
6946
4028
8723
8489
7468
5207
2380
3687
1522
8488
3956
7719
5467
8342
9024
6563
9705
8203
7204
848
7427
7154
5623
7802
6641
9148
7725
3339
9962
3895
1160
3395
5033
9339
8693
56
8617
3051
1280
2775
6686
1660
3152
9804
9276
4790
872
4565
7425
3066
7961
3442
2807
3098
143
9792
8404
920
1847
8320
7482
9041
3724
7627
7327
561
2686
6127
9649
8968
7945
6653
6922
4428
4162
5767
4001
5819
8525
1850
8276
3160
5913
6895
5933
7718
588
1934
9196
8900
1652
7696
1204
2960
5293
7644
7935
5524
2477
8715
2104
4744
4915
8457
5121
1307
6520
8378
8935
4375
5790
2585
2395
9996
44
4321
3128
6829
1693
9609
9972
751
6931
748
7316
248
5449
3961
9135
6517
7832
8476
3341
9809
9746
3531
8244
7456
1774
4626
1197
2210
2999
4820
3110
9066
5301
1207
2916
971
4516
1105
3831
2867
8743
1353
7812
4167
1140
4872
5857
2558
9242
2417
6543
7313
9243
2586
250
6512
6076
5671
5055
7066
8411
7761
7752
2111
7637
8249
4947
4242
1045
8164
2001
6726
4645
474
1065
8392
5718
4077
6315
6901
8769
8638
2968
581
8277
5797
9823
2714
956
6403
4895
8844
6050
6764
4455
982
3601
5701
6529
2891
9925
1615
1513
1078
416
9816
2667
8768
1520
1858
793
1998
9355
8154
8297
9772
4793
7171
3833
1840
8425
2232
3286
4641
3268
3156
676
7881
6018
83
4791
17
7548
3424
6976
7153
7125
1889
164
8460
3129
1054
1194
9097
5609
2896
9489
7895
8466
4683
6188
6430
1867
4688
4465
7692
8329
6871
7809
7259
9139
4786
2750
1437
7067
776
4450
5931
1178
1143
2647
2903
7006
5373
8711
7370
1038
4188
9032
372
3667
2780
9414
1335
3894
8360
8149
2859
8958
9283
8824
253
4080
2905
9320
8342
8304
9756
2030
4832
8445
3558
6717
7322
2035
3285
9424
6494
5977
7095
6654
4140
7839
7437
3592
6359
5371
1415
7542
8706
2627
1591
6972
1894
2319
2393
8823
4101
6052
368
9066
1281
2157
4199
1926
108
6063
2092
9299
609
8936
1654
6881
1863
2629
4684
2414
6643
9312
2961
2970
6888
2214
3324
2205
6854
6585
4822
5003
9642
4461
5323
441
5608
8028
5372
1982
3640
5510
3483
295
3279
2115
6932
9769
972
4709
5109
9265
7634
9979
2180
4788
3091
7398
2177
9066
8833
1993
5071
3523
1240
7088
9657
6147
3613
1213
1273
3835
7256
2701
8774
1132
5829
2665
9690
4772
5281
3554
1232
2145
1476
5557
7368
9662
2281
534
7349
8210
5850
6305
3149
1646
439
9960
9055
6191
2458
784
6155
9759
3435
1274
2008
4933
1205
1048
8958
425
7707
7405
3785
5279
760
2925
2046
5683
9719
9994
3866
3078
3863
3062
7984
950
9552
7127
692
5869
3610
3499
2314
4497
7398
1473
8709
202
3548
2435
8457
1233
1576
6924
503
8445
2520
7869
885
7513
7913
3371
6471
2464
6918
3076
5895
373
3289
1058
5381
4077
355
3089
6815
4207
5091
9287
7880
9287
4216
1844
2135
7284
1536
2632
1502
6939
2559
9539
8430
1682
6241
3179
7955
238
7028
9849
7579
4321
5577
8336
6912
2490
7053
4379
877
8486
108
6296
3354
3232
9989
1598
3297
6069
1236
9186
927
4285
1574
8956
7813
3750
2627
3698
7835
7176
5134
6576
7178
5241
1708
3558
3709
5879
4931
9645
231
7156
1755
3016
6830
6263
6184
5197
1693
4643
9881
1885
9002
7842
8922
3293
2747
6621
522
3162
9862
3355
6544
3701
3352
3532
9117
8113
1524
6430
7888
7417
1138
1591
8955
3770
2530
8557
2125
1550
7565
7430
2005
3192
7294
3248
7573
9336
6319
8415
811
7088
5357
1768
9782
6876
612
8053
9663
3297
7145
8071
3673
5262
6755
2464
747
7411
8886
5151
763
4189
4495
8971
5596
2431
1349
3352
6406
104
5958
9780
1794
3108
5619
799
2060
9369
1808
2079
3158
4476
8894
8828
4404
9493
3756
6742
6436
4830
2500
162
449
1167
7651
6621
2593
6385
6172
7350
5526
7260
1646
9559
7338
7365
6277
564
9643
5956
404
1377
5602
6807
1993
6286
5295
5667
4567
6102
8674
4606
6915
1576
7603
5796
9330
626
5457
8997
8206
5675
3197
4457
6552
5897
2829
9334
1489
7039
3216
3192
7098
480
4425
1123
4560
3641
9174
1364
1326
6926
1818
69
8676
919
344
70
1956
1542
8034
5651
5107
646
7750
4729
8180
1144
255
6095
3456
5961
4178
7527
2886
5482
7507
6435
7150
6480
1236
5688
1452
4092
7671
1279
3857
3127
5781
5633
5553
2759
7377
9946
9004
7564
8085
6452
2730
9696
2942
3415
3386
3078
7907
5364
2748
4290
7182
3193
3411
3909
2919
5476
306
2345
4199
1014
2974
6470
871
5052
5363
4622
542
697
8583
4231
8523
5321
7396
1055
3705
7453
3537
7821
2302
8373
6184
2306
8531
9566
5944
2587
2221
1643
9840
1901
9640
6658
3365
7071
3477
6260
8824
7889
8051
8764
2536
7210
6780
8516
5766
1861
5796
2356
203
5465
1938
2485
43
5825
4829
667
7938
1305
9107
2775
2400
8898
856
6682
4591
1864
1956
325
7577
7445
8628
5648
9769
3537
5837
8974
5525
15
3799
4083
6791
9865
1440
4374
9962
7154
6615
7540
2241
2809
8321
7519
8781
5276
6363
3637
6353
98
3925
3902
9905
5470
4778
2758
6836
6290
2716
6505
9987
5855
5142
7922
7505
5024
5984
2535
7458
6481
6720
7436
5249
4415
8084
4767
9123
1108
6866
4492
7174
2199
2620
5427
6090
9897
4178
1320
5086
8682
7538
3671
4438
109
7552
6385
7667
399
14
3757
9292
3827
6179
9872
3377
6488
8653
5489
7386
11
3634
5727
9424
8223
9331
7787
3235
9714
1832
7607
845
4663
7449
8775
8943
3048
2998
5139
6863
1698
7099
8724
1094
3108
5199
3346
6020
2747
2049
9601
1243
8689
3933
5074
5047
1810
4247
6214
778
9764
3150
7953
8566
2407
2912
4628
6378
7403
928
329
3490
3513
8626
5687
2912
4909
4633
6315
3024
5984
1767
487
7664
2230
6363
2155
730
2375
3727
7133
8800
6783
4361
7098
8548
9146
158
8687
196
570
6968
8616
1819
1720
6111
7730
63
8245
2162
138
7176
7932
3190
4793
7997
2662
288
6335
6043
756
3898
4002
3676
3795
1528
6707
9152
1527
7139
3765
4751
5946
6118
2453
9015
3150
8668
5944
6119
8633
2092
2484
212
3589
9956
868
3592
9567
9101
5886
8857
3822
2643
9440
6671
2965
4940
8024
192
9404
8577
8535
1106
8396
5386
1230
1814
736
5778
4846
3994
4343
216
7409
8663
1414
3790
86
3838
659
3114
9585
2426
1253
4908
929
3302
6677
5781
6050
8210
643
5752
6715
56
3557
1377
1816
8203
8725
9054
2856
3789
4254
1891
4513
3605
5233
777
5257
9175
4854
4185
9532
6290
8991
6109
9853
3488
4456
7927
5136
4954
9727
6636
3350
8591
3501
7353
5106
36
1973
1883
5113
1605
257
5796
8171
9361
394
7323
8068
5900
524
6874
3356
6458
6220
425
1064
7447
1524
8327
3747
797
3918
7901
4061
7618
8540
5922
104
7880
5670
5220
7201
2970
9071
7926
6032
3195
7937
491
3094
7132
9858
9235
4430
2853
3280
6892
2370
3076
6289
7658
8512
3645
8136
4315
7687
2356
1734
553
820
4471
7219
188
229
5303
9672
385
7386
8293
4392
7868
9509
1032
5233
6614
938
4682
3470
1208
4337
1648
3551
7028
1590
8012
6707
3555
4834
4756
239
3675
1460
7384
9671
8622
9912
9670
9005
9126
3180
2895
9505
4077
8683
8420
8148
7480
8411
1521
3376
3004
8885
526
6215
9172
920
191
8598
2217
8595
6116
5550
2629
8054
717
6407
2124
1361
6611
6701
1268
5676
4344
8027
1442
2142
9474
8344
3169
9864
9227
5144
3313
1380
7234
4790
933
1169
499
7702
9721
1072
6788
531
7063
7345
6875
6022
7966
2012
6023
6119
1800
4819
2107
7328
4541
2499
4772
7029
1445
1846
5428
2352
9368
972
2236
1249
820
5926
5474
955
862
8909
6980
196
8887
3812
964
4097
5267
3451
378
1157
3840
3107
3343
8493
9272
9905
248
8434
6397
3469
6256
7875
5643
4436
1162
6090
5108
5625
5202
2039
6538
5068
5257
2890
7839
1910
8440
728
1535
675
1762
7994
1467
4271
8511
6260
7629
3743
1977
914
5677
7039
4558
7392
2653
9105
4552
4451
2649
4873
8988
9641
8249
8339
4618
8772
7850
453
654
7361
1465
9520
6899
5721
1707
8261
6407
1372
5924
4902
8461
1365
3648
4287
6361
9499
510
7865
237
8734
7358
3988
8078
6661
1687
2120
9745
3128
9652
9739
8409
7175
3089
4616
9449
6157
139
8836
5684
4391
2697
3179
8527
7747
6411
7622
5993
3961
1978
5118
8262
9985
215
1919
3
7476
1441
238
4033
9587
8516
3279
1719
6185
6492
1285
8276
9032
4838
203
9359
1673
2180
5845
6036
4178
5461
331
249
4064
6127
5783
1149
4534
1476
8424
6959
1169
4612
1972
4715
9901
4803
6097
5874
9418
1459
2342
1254
5126
9345
6961
9122
1774
5759
6589
7804
4370
5882
5825
2015
1110
9988
9969
3459
2732
2129
7185
4708
8068
4325
7107
4419
2865
5488
9458
6870
6083
9970
6618
2718
3119
9076
5123
4718
9166
6660
9375
8775
4887
620
2589
5286
8787
9957
3604
9913
4834
2637
3141
7288
4274
7633
3186
800
2238
2541
6257
6286
6301
9719
1720
4399
9264
3106
8896
2033
4864
5250
4293
6072
2754
8410
9821
7447
1736
1820
5632
2908
1883
9544
2035
3446
6828
9329
8444
5485
5890
4323
2480
6624
403
3089
2473
5167
8899
8190
6021
5680
1061
1571
5048
9583
8344
7069
4534
5863
7811
5738
9064
417
6909
3349
4402
6756
7683
8274
7570
9935
4662
3410
6143
541
2770
7668
5668
9665
5936
4653
8547
3545
5798
9951
1846
312
4496
2452
5102
9758
4794
2581
7673
151
5259
2062
9715
7054
8686
5717
7484
625
619
6086
1018
7651
5427
4506
6813
675
1401
4869
9926
3157
7190
5518
4619
6957
1502
4090
2259
5231
3171
7811
5140
2081
5737
5991
5282
707
7953
8613
978
219
7169
7922
2926
9712
8933
4195
4884
9989
5638
4426
8357
9925
2654
4515
2961
9740
7443
2757
5552
4595
3458
2252
7453
2807
946
8936
1914
9435
9224
6106
2722
2788
3890
9707
5988
9268
2592
4907
8024
7307
9205
2269
9593
8745
9454
5214
9426
1221
3030
5541
3264
5195
3061
6383
6760
4917
468
118
8765
9997
2281
5448
765
9532
1704
5569
6034
2947
8527
3692
7148
2536
4733
8244
5389
1188
2659
8708
3353
5731
9509
692
6405
3682
2841
7526
9726
7507
2946
1071
8799
2474
6141
8027
5025
3757
1504
61
7040
3885
9180
6479
2694
9337
8393
728
462
4816
993
5571
2257
1759
6764
3033
487
1588
9043
7082
6690
4177
5842
8526
0
7456
4892
4673
6394
6705
3218
1632
9684
2598
1668
9468
6551
3030
7998
7067
5289
2112
7064
4910
6514
7374
8813
7040
5709
3108
7540
3437
4713
4421
3370
2863
8043
653
6478
5237
4445
3719
4334
3756
1597
9360
5887
9659
91
7296
6481
7456
3590
1976
1793
4578
7113
931
2012
2625
8642
7852
8963
3286
9165
9781
6919
5262
9227
8805
1424
5897
6551
2760
2622
1569
7778
3307
3313
7153
1487
9154
6948
8413
6626
83
9847
2736
2628
8792
5749
7111
8641
3852
6594
6592
4755
1048
4591
1815
2441
624
431
1286
5871
583
904
829
9354
223
6799
3805
7618
4858
1138
9488
903
550
6659
9082
9934
4182
2633
435
3055
4313
7256
2699
6166
6029
6813
6729
8716
1497
4712
862
8722
5662
2541
6042
9178
9018
3382
2405
1992
1944
9493
3782
2714
7106
5689
4205
4388
5509
1881
8259
7991
9995
8231
1558
3327
8205
4662
3324
3409
70
5088
6121
146
275
765
5241
8008
617
9903
915
799
228
8442
1110
4819
3474
9985
9059
340
2608
2340
3207
9615
6452
2871
8726
7431
982
2715
973
4355
57
8996
1922
6855
3371
3635
2438
6340
448
6196
3771
5605
965
7459
7762
1553
7120
6738
9853
8220
5603
2984
801
7729
1881
6505
3693
7404
2038
7809
7025
7901
8930
6560
742
1232
6520
4255
1448
9838
7546
2719
9892
6411
8569
7602
8650
8993
5108
7173
310
4244
2862
2752
8752
7073
8194
4193
4974
6866
9942
5033
4302
2638
9170
5870
6675
4404
6716
6530
5032
2865
5290
14
673
2883
3092
4389
9159
4279
7854
4699
2295
4864
7499
2781
5039
6177
7808
3668
3037
2326
9280
4581
9896
2513
8417
7254
7240
2698
927
4245
2276
8578
2141
7445
8953
2847
2079
5868
3980
3805
5033
695
9011
5242
2738
9437
5138
6389
830
497
6596
3048
3493
2705
3584
709
118
8160
4466
5838
7148
6460
3352
3609
2423
3717
2723
53
3828
2191
4098
1939
9687
9232
7293
8585
5569
4654
9774
8979
2115
851
1868
429
7648
9228
5085
9435
3860
8244
2729
3919
1401
8142
6656
8572
7342
5402
2818
9021
6713
5085
2561
8639
6399
4657
3360
4260
5412
4998
5139
5464
8385
5487
3722
6297
4592
2922
5961
3194
8631
3288
6192
5583
9462
179
537
1545
2575
8720
1242
167
1835
753
2265
7030
8290
3229
4030
2991
5868
824
4022
8862
3104
7264
5533
5914
4420
358
3979
4420
9441
9624
389
3425
8892
6977
9176
6220
4119
1815
1684
6692
3755
4972
3629
7632
3221
6692
8006
1363
8891
2969
7325
7807
9265
7330
2479
2197
4645
4623
7124
2216
4740
6822
726
2210
363
8840
8137
1313
4052
7810
8871
4053
9139
7330
5106
8132
3635
7901
2693
7727
2352
2616
5528
6471
2298
2581
4159
1561
4498
6978
1574
9496
4690
9467
1951
6933
4245
1418
7268
4380
8554
6693
7311
1081
4098
3272
8668
1935
2224
4346
8562
6744
1929
9397
9864
2124
1293
4255
9911
7781
4680
6576
6815
7074
6236
9375
9363
9671
5379
8172
3887
2217
632
8312
9172
5658
5305
4447
2373
9026
3913
2224
9337
151
8416
4830
7566
5292
9603
9826
5639
9990
1506
9486
9700
1978
9878
236
4845
4722
3908
8996
6555
4051
459
6345
6111
3616
224
4206
6819
6846
1882
885
3867
2455
7239
6663
8657
1405
1808
4070
68
5552
2533
3896
710
1145
8612
7194
5780
5068
9602
7650
5117
4917
5669
5285
9692
