1337
2130
9065
6248
5435
7529
1917
5450
6490
7817
7951
498
5014
2914
4068
3595
6863
9863
91
3967
3561
4059
8527
5306
4560
8076
8113
2249
9656
6701
8428
3249
7286
7921
945
6592
8955
360
418
9619
4253
4889
9791
310
3819
2091
1846
146
2142
2377
8244
8821
8555
9133
5533
7277
3602
3759
1688
7358
9415
9667
5794
9788
9388
4701
3212
7092
1969
7475
4639
6503
9445
471
9713
8672
4268
8217
1486
2468
6229
7967
107
7278
8457
9607
4693
8153
2387
3667
2989
5196
8672
3059
204
4585
9094
2
921
9117
8878
4754
8176
4666
7738
1740
9375
8084
9419
6861
3009
5385
2272
9219
1128
1447
9560
8516
1331
9781
8
5058
4704
8302
4486
9442
7831
6386
267
5127
9577
4266
7296
2369
3589
1475
9791
5441
9539
6717
232
6609
8733
5526
658
7604
2924
9452
1930
8756
5025
578
8671
1140
9109
3820
50
9874
180
8295
3908
2989
7816
4291
7284
8742
8089
9902
5629
9653
1656
4119
8976
4613
9548
3398
6325
9178
7643
6881
6518
8378
4455
1511
102
8999
5594
6155
3260
9769
1425
9917
5260
1244
2808
7243
8793
4441
8241
1915
9515
3021
3823
2277
7099
906
1601
4057
1591
5710
7494
871
2230
3298
1777
5529
8533
6304
4189
8285
3147
1933
6642
5859
8228
1739
8858
7732
1804
2305
4605
1883
936
5728
7366
3496
4555
2178
4411
9195
7397
1537
4563
7549
2275
553
7686
1962
9467
7279
8709
2488
252
9956
8767
7581
6378
7964
4048
5360
2047
3869
2252
9286
1105
5611
9935
6502
5932
8280
974
6355
1893
4993
887
1610
7369
9093
3584
7674
4052
6896
8264
4525
3596
2117
1631
980
6960
9785
7118
6591
8129
9051
7148
3528
9284
5277
6444
6663
618
1184
6030
1187
6304
2353
595
5258
9068
7157
211
7285
4379
6373
1307
5151
5604
7726
5689
8987
3979
8954
9541
6147
1161
4383
8225
2841
7845
7359
2325
2092
2649
6920
7056
2867
866
7077
8221
1242
1522
6373
1911
9803
9573
9833
2211
1755
7743
1996
7923
1557
9587
7456
2684
1663
1643
9882
25
1921
4127
7753
7412
1709
4831
8119
4636
7459
9317
8439
4285
8526
9505
4446
7465
7606
7042
9738
6573
1328
2171
6470
5098
5849
9435
768
2504
5192
4236
5392
1224
983
7052
6300
7115
3768
8960
202
4971
1454
5197
4752
2438
9303
7711
9396
2052
5140
9991
5077
4620
1904
3309
8696
9749
7657
2655
1563
2273
4063
5614
9443
3222
3924
7215
3302
1474
3205
7331
3696
8645
6840
4766
5119
6131
7418
4031
5794
8138
38
8715
7363
5201
9158
772
9319
7673
8355
6550
9457
1113
7397
7929
908
5839
5753
1529
8513
2088
4408
7922
8846
7809
6294
6432
7780
7137
8190
2564
2330
3625
6860
3425
2234
5347
8251
4242
4064
3152
7895
5628
3119
6655
7874
2582
1248
8910
3858
9279
378
5889
5518
3705
3729
2116
9869
9554
8906
2726
2991
2182
9483
5790
4219
5831
4252
3971
5694
5561
7588
1510
7465
5361
4193
8780
4803
2191
9934
3711
5183
8870
3279
8910
2186
6441
8107
3155
9695
117
5477
8696
5335
1338
161
5713
6145
7328
2435
2042
8329
7276
3215
8296
1691
8867
8424
157
9512
4948
7313
7677
9619
5195
7543
4121
8902
572
3603
7777
7723
1097
4276
5576
83
8891
6175
6126
5199
8479
2635
7474
9755
7892
5381
7906
5654
4982
7219
3319
8017
7950
3642
4746
2804
7800
9077
140
3795
6040
6810
5572
3724
4658
4318
7232
3000
7638
8213
2800
2691
2297
4957
1032
2313
9839
7922
1726
9813
9636
8466
3919
3353
284
9759
9773
7454
9529
2772
2283
9813
6034
2331
9159
1669
7063
3749
5097
3573
8149
4905
8015
6769
4419
627
5720
2993
2610
2433
2965
9877
7350
327
4158
7573
2891
2219
3440
4898
4545
9777
3471
4866
5929
2986
6657
9965
5798
9363
5250
6089
2824
8152
1663
4731
451
7149
8934
9657
4039
6779
4844
7095
9807
2405
2462
5707
8172
1585
8778
4843
309
198
9028
8371
1433
3149
839
1432
3970
5754
7195
3246
7183
6876
7053
9197
8663
9426
7122
5741
3284
3782
859
7765
4932
6376
5058
3524
523
949
1793
4212
585
406
5779
2626
9124
3291
3297
7301
6309
7501
5686
8284
9584
1597
9912
2931
5352
3264
7043
8746
4463
3036
1559
6527
9339
1262
3438
5057
8090
7315
908
3020
3961
2983
2661
6776
1096
4426
73
5371
6128
9820
9431
5782
8095
2574
8181
3334
6464
2127
8171
7258
3906
3046
9748
7548
8847
9252
3286
7861
9853
8240
9211
8994
6593
2666
4323
6601
8936
3135
1834
925
3191
1672
2617
4642
3605
5776
8431
6764
3081
103
8592
5962
9143
3649
9114
914
3234
5112
7929
1844
1139
2212
5518
7888
608
437
9189
5429
8251
1579
4398
3329
292
7246
4067
2233
429
5106
3943
3071
821
6521
4779
9749
9647
3248
9850
2943
3552
3408
3367
3823
5205
9990
9785
979
6153
4728
4033
3168
6586
3001
8513
1502
5705
5263
5670
1897
9582
6880
484
8127
1169
4858
1023
4618
7432
5769
8240
7360
586
6245
1876
4842
8212
574
8123
302
7460
3087
6079
5700
1072
775
6484
7819
8007
3277
4043
4384
7578
7952
3361
6671
2924
5239
2654
347
8966
5167
3546
384
6488
6673
2581
340
1124
3671
3289
5131
7139
5367
4437
6494
800
4783
7055
393
8373
3204
6610
4155
1725
3856
9781
2633
2884
5204
1917
2972
7919
7776
1336
2292
9541
5695
9212
4398
8194
6143
6694
4336
9987
8912
7244
2211
3515
6866
5870
8140
8183
2261
1973
5762
8557
9391
8658
2632
6892
9947
7456
5920
1753
316
7211
9363
4031
2144
6953
5105
5571
2657
2199
2230
6509
2273
4168
2813
6611
7570
9118
6017
9333
3777
4789
5658
5803
5573
3735
150
7036
6579
7506
8246
8687
774
2582
9670
1701
7880
8180
1371
9913
765
2568
5526
61
9743
9252
6283
5223
5845
6020
9321
828
1438
6586
7976
5527
1552
3560
8457
8409
6802
8069
8992
5150
3952
3542
5735
9691
4497
1112
8730
9390
7747
6104
8568
1208
9262
5597
6059
6321
7451
4927
1191
558
8184
7417
7249
4188
4606
4142
148
4320
9723
2961
3110
2696
3576
375
6108
6200
3517
6592
725
4733
7289
9931
3081
5334
8017
6767
6265
5955
7500
2136
958
1875
6877
8433
6965
6534
6293
1547
5084
354
963
4410
9667
4785
2993
5872
7631
8886
9488
9858
2803
858
4201
6458
3268
8253
4336
1914
6170
7838
7877
4192
6820
7586
2003
1235
5818
5143
3409
9574
9907
1970
1507
370
3769
2879
264
8295
2340
2144
9136
7378
6467
7641
9332
99
7674
419
5164
8712
2198
4378
5376
7246
2476
6770
7589
2080
2782
1758
54
2487
5476
9914
9951
833
9350
3830
2688
388
7989
6040
9573
4026
8702
499
7725
9178
8254
1903
3560
5398
9979
4697
7375
5528
6593
4261
7893
6998
5290
8183
5513
582
2090
6648
1901
6552
7689
8498
748
3843
7730
4775
723
6157
4804
1350
8543
1977
9044
8410
3825
878
8197
4655
2508
779
2538
4422
4239
5088
5936
5690
5098
9805
527
8991
1935
2054
8598
1172
1489
9755
1154
9717
7667
5203
3973
1218
724
5243
5717
5916
7953
6879
4358
4634
2385
7434
4139
1121
4014
3267
4259
5660
7906
2040
9676
918
5630
5813
9414
6489
3379
7872
6921
4070
9723
8480
6988
7305
6806
1320
3698
8996
9371
20
7736
8219
5447
5892
6605
4500
7914
7476
7158
8221
5496
5494
1810
5627
5526
3055
5587
4910
5828
9228
2537
81
9957
287
4910
3905
446
6833
4315
2693
9569
5263
6288
7886
4304
1457
5471
9737
9207
4913
8574
5902
713
8700
8573
4228
6669
1361
1778
3751
5732
8787
3167
143
7483
7654
8261
5159
981
2700
4054
1081
3161
4464
8652
233
9205
3924
1322
4069
7583
5850
5703
915
653
6635
9368
1257
1714
682
7235
9085
5055
563
6961
781
2095
6145
402
6649
3195
312
8755
6506
859
7493
2740
6248
47
8340
5022
2745
38
7708
6167
9881
3084
2252
9489
848
8286
7004
3444
299
5464
4969
6025
2597
7503
7871
8137
3060
3521
4673
874
7271
7095
9196
55
3159
3894
3119
1210
3374
5659
4490
9046
7346
4396
7079
7697
9843
6655
9554
8362
6190
6867
8455
1041
5889
1467
142
8745
2176
202
1962
9223
5364
6834
8896
2786
3887
2196
6330
6953
5167
5794
70
4640
974
5922
8679
8201
424
173
8293
6404
3966
6311
4683
403
8639
8154
4166
1691
3752
4373
9033
3171
3696
5266
3682
511
5499
4292
3809
7647
325
2601
3194
396
6797
3814
67
9966
2788
1940
8321
2002
1908
5558
5257
9052
2151
8493
4147
5733
8029
4639
3201
793
6760
6899
944
5707
2240
8168
2702
6131
6364
646
6078
1365
3116
4286
3606
4824
8086
4199
8903
1811
6052
7031
1262
8137
9
4629
8360
7006
145
8076
9617
5686
9399
2401
3636
9897
2870
4360
7726
4620
9238
2189
5638
1262
9480
3891
5935
7864
4886
9322
7646
3830
5736
1389
4741
9729
5636
2806
5697
7610
9807
5695
5986
8287
1028
392
1965
715
650
3708
1953
3726
6472
4282
2573
3862
1392
0
8657
6118
8693
496
2119
822
430
5786
9950
8009
7659
3906
4261
63
8662
116
4812
3542
6203
7351
233
9087
1925
5220
7213
1178
7368
3919
7358
1453
8816
878
8337
5635
4149
9579
8916
9311
3576
5163
7857
5241
442
3956
3055
6743
9446
1890
5064
6355
9470
9030
7659
4041
9767
9569
4192
3473
3282
941
3453
6510
8428
8497
9192
6781
5569
8625
5914
9083
1200
5501
9965
1040
9493
4991
8645
7969
2164
470
1731
5478
8854
1002
1982
9785
3218
4295
5868
4579
5386
5442
6028
2635
1709
1346
6813
1944
4763
6273
1173
821
5975
5981
5155
3969
9065
6619
4547
4775
924
6223
1309
2812
9209
7975
7656
7426
6514
9407
3562
1274
2757
1335
3696
5757
9472
7330
9330
8147
8178
6700
3206
5890
9296
910
9503
2873
5846
8013
720
6599
9748
1092
3655
9163
4133
3216
3426
3734
3690
9386
5430
5356
2710
9899
8063
4640
2284
9397
4496
1734
7288
6400
6597
4223
3017
5419
3515
8298
8472
4782
1579
8501
8686
6963
1525
1664
7679
4533
1624
6255
3904
5596
4456
8791
1270
7849
3179
9396
2846
4862
589
6448
3516
8985
9311
3347
4495
9431
6146
8713
9700
5127
5262
8908
7806
6928
6669
5747
8373
6399
6960
7751
7773
8240
7830
1692
1943
7805
2952
5167
2239
4118
5451
3609
4193
5131
4984
9700
7652
8177
7169
8247
8386
2910
6555
8776
333
5548
985
4341
1180
7431
1023
6447
7901
2837
8675
5275
1155
7618
1404
6689
6479
979
6473
5581
9675
1652
4714
2675
1943
6969
8095
195
9230
8713
9364
4862
1685
9054
1358
6395
6820
8610
3987
4808
3095
9004
5708
1355
6455
9709
8545
33
6773
479
1768
7407
6436
973
9100
8681
833
8310
2398
4210
9335
827
7217
9188
3473
3812
3589
2100
6260
5008
9869
7868
6991
1665
2486
671
5944
3359
6219
2234
8423
8062
3422
8750
6944
1956
8426
712
9953
2677
5561
8510
6212
9776
5472
2268
1787
6520
7882
2643
6119
6444
3772
1764
610
3899
416
4771
8487
8429
2737
7474
2091
163
5787
1273
7405
8466
2243
1516
5386
2877
2147
3583
9447
1359
1655
7215
6193
217
8884
9424
5476
3575
6114
1979
4289
1657
8139
3044
1540
3655
2224
1524
9940
8087
6419
6049
3988
4199
4863
3320
4276
6366
7257
3242
4297
189
2317
9251
2244
3200
8577
8269
9544
3312
1998
8515
4049
3808
6983
5748
327
9198
9975
1731
652
623
3643
1359
4940
5606
3226
1993
5354
5564
5147
9110
6318
2871
7681
4100
9339
8887
800
8340
5077
3955
1979
6627
6089
7903
1999
180
7215
9115
2992
5078
6390
5526
2589
3673
6546
957
4311
6637
9973
6584
2915
3980
8165
2887
2197
1177
6126
2882
6408
1439
8398
1635
6653
6697
8643
7015
5270
7036
3607
3046
4777
6239
2571
69
2720
792
281
4008
7553
8381
4576
4162
8366
8493
1039
7999
8461
3201
5706
821
4054
4332
2706
1553
6680
4754
8872
5892
5030
9530
5687
7275
3030
6927
1806
6676
1408
8096
167
1405
895
2118
5329
8027
6863
4235
3269
8160
5657
644
8553
2069
1329
2785
8992
444
3532
1018
3388
7965
1919
4389
8977
8023
2694
7301
1131
1439
6686
4363
6590
365
3033
4301
9925
1935
9003
4678
4689
2444
1485
711
235
4385
976
3617
5945
245
7934
1361
3143
389
4707
2201
9485
6506
3140
7305
5333
9562
3103
1829
1473
1293
4053
8188
9035
7028
2859
7056
1441
8853
6328
944
6480
1208
4153
4592
7046
9076
1355
886
3505
5325
1219
6200
5658
831
4816
3419
8795
1698
9345
5127
9341
9655
9237
8941
331
2788
4582
8916
7386
877
9920
4289
4060
3763
5721
8277
2352
8547
258
6257
8206
2217
8324
6148
74
7853
2530
8203
2212
9440
8261
9742
9508
1201
1602
6824
1970
5212
4260
4258
4494
2439
3499
2627
5405
6929
2139
1894
5110
6538
1066
247
1439
3088
6921
7123
1331
3089
8867
2478
257
6378
6703
7946
2616
177
4781
2859
2160
8896
6306
7140
4287
6000
1763
5766
8717
5696
742
3144
5713
635
3093
5673
8374
8013
8303
6419
4280
4479
5492
8881
6345
1782
4000
8115
5735
5553
10
5228
2148
9280
9734
6213
232
3926
5960
5438
1325
1154
8406
5634
2346
5723
6765
9622
3285
1030
9571
4602
1873
8361
8579
7681
3403
7425
794
2504
2000
3647
31
3163
5686
5514
995
6432
900
6879
5441
4447
2053
2864
5094
3125
6073
9858
6535
622
5017
4377
4830
4705
5981
5407
3354
3786
701
2053
2809
2807
3131
3455
3438
7677
1122
5242
9948
6831
4727
332
8721
6405
5588
5123
2549
9008
3267
5453
1608
3545
889
172
7487
7622
8817
5326
7182
278
2160
7209
5731
8847
4069
2634
1316
8597
9426
7417
2003
830
9909
9704
5895
4685
5656
8424
9116
857
2858
4345
519
5247
444
9263
1917
2959
5967
5816
8860
5796
8060
9669
4671
7517
4600
9873
2336
2954
3807
3951
9582
5850
3450
777
3635
1185
4276
2802
1965
392
6210
6324
7420
7814
6690
483
8403
4805
716
8356
2630
3609
8556
6206
2770
239
5032
8377
84
5782
6088
6161
7050
8906
4763
4669
1797
9667
5627
731
8682
3164
3850
8468
9586
1736
2249
6856
827
4116
1470
7530
2237
5450
1321
5972
7293
7243
8006
3395
6152
5898
2718
6183
4303
48
9273
8513
3050
2021
8686
8736
9177
9985
9673
9465
9759
87
6620
1034
7990
8176
7550
5968
4311
8558
3923
1599
7584
8790
7375
4554
1660
2231
4578
2784
446
7667
4164
9537
2462
3735
3805
8805
5430
2734
8352
2252
5776
1856
6213
7205
622
6972
5405
7976
8348
6749
1871
5745
6124
7674
928
4259
4645
4131
7075
6945
5406
6889
9018
2091
5923
7083
8572
4254
4370
8744
538
1577
206
1671
5822
5728
2577
169
3931
4687
6826
6602
4435
3697
5795
8418
3413
4787
2806
9546
4160
1298
5658
1406
6846
8886
2838
4121
1282
3539
8400
1151
3606
9603
6211
293
5539
4453
1851
5200
1682
4476
200
2388
119
8803
2453
5321
6296
7504
3670
3784
1447
4824
4584
9239
5918
8799
4824
6935
2890
8455
8887
392
6287
5675
2996
4832
7485
5501
2879
8959
2935
7606
7863
9684
1098
3270
1286
8042
6433
7516
7825
3777
9869
4615
9703
8781
5018
6972
4374
6739
9628
4916
2310
3226
5588
9807
6100
4444
5807
7621
7835
794
4625
4710
849
3841
6960
4900
8141
2648
7512
6782
502
5373
630
5110
523
1672
5971
4214
9813
513
1127
6139
9331
8019
5296
4637
4095
1290
7169
6842
2235
8811
9681
7031
9151
5159
3766
5862
1821
118
8830
1726
9227
2846
4413
6936
2595
478
9284
4428
8472
1592
7807
7322
9667
8486
5378
2829
8544
2322
804
6851
5478
670
4546
1690
5692
3599
5958
5363
7905
109
2392
9695
1682
9400
6912
6485
3605
8359
2041
3617
2005
2741
8370
642
1004
2358
7364
665
9780
936
7317
9499
9313
1978
6247
8556
8299
2722
1244
8996
4519
3921
6522
8362
9200
8111
5639
266
1574
8892
9224
185
280
7187
4846
2737
2300
3904
686
3334
6234
5293
5582
6969
2792
2893
382
9704
3153
8355
8186
882
7115
3044
9097
8084
6218
7
1442
2892
6718
7097
9091
888
1712
7131
9218
2126
7132
3509
6256
4395
2036
7910
2762
9226
8338
9553
5569
6306
7729
5935
7113
3218
706
8341
3070
7236
8089
6761
6518
2292
2461
7794
6615
9137
6202
4694
5257
5660
3675
8256
2571
9643
2099
3791
8846
9204
282
9871
9746
6665
4437
5136
5162
782
9984
5872
182
3370
4061
1981
4036
370
6991
3963
1933
4241
1294
3624
3024
3643
4296
9908
2631
9473
3364
7469
1119
6914
9495
3865
6953
8218
7015
9853
7854
7325
2632
5833
9152
329
4512
1886
1599
1693
4219
2200
2652
8135
1857
4604
7909
6657
6846
6102
2369
4529
2504
5688
7417
2514
4753
3267
3875
195
5028
5817
3354
7137
6109
4608
1609
5461
4472
2695
9130
2409
8309
937
5254
1163
4817
2983
5057
4890
5955
295
1371
913
7483
3325
4820
6943
8415
6638
5575
1245
8010
1404
6665
8401
8845
5514
2026
7248
2995
2448
2185
4151
6971
9959
6219
1566
434
6253
7697
1769
8209
8984
4239
4732
4446
2441
9653
2783
9788
4665
7045
7834
7119
7885
4398
6904
4272
6852
2318
9303
957
7809
1895
3507
8110
7219
3941
7524
7105
3253
6509
2162
8940
3805
3035
9026
7164
1932
3955
6403
5860
9242
7460
8329
5403
4351
7032
9086
5560
9314
7294
3582
3935
8393
812
400
7089
732
6622
7226
8500
2129
5677
6534
8155
4883
8893
3313
4849
5372
9740
2340
2896
5914
3442
1714
348
3565
8103
3758
187
4855
1963
7790
5959
2927
8226
546
2993
2635
1936
6432
5310
6728
7903
3731
3564
926
173
520
5458
3718
4236
187
9574
4954
685
8021
4951
9097
52
3523
2628
2864
7039
3645
165
7886
575
5228
6656
8346
320
2214
3436
3307
7029
6167
8011
9711
8149
9422
3392
7583
8299
6469
618
1775
8216
1004
2241
205
5595
3896
2583
8412
3803
2446
9689
4258
3565
5678
350
4945
3863
7112
3398
2022
6751
6266
7924
4517
9
5239
947
629
131
5044
4564
570
3026
8389
9670
9570
2986
6450
2750
6423
9630
5023
9503
4583
6478
3752
6146
2471
9071
8446
3719
1187
3071
8596
5024
1949
3080
7724
195
355
2948
1953
8280
8759
7881
9119
1232
5175
6007
780
1958
7412
4361
6974
2392
1727
6762
3340
8039
6257
9093
8475
1558
1684
1325
3376
7499
4429
3365
7721
6490
5262
6255
2394
3474
7676
6742
744
6701
7358
2520
971
6464
8291
6488
6306
6825
6096
6204
3296
5186
9739
9684
3938
1262
4473
395
6595
7434
4504
1620
6802
1809
8286
4290
6696
1157
1966
3499
4715
4984
6017
6639
681
3736
8122
2010
3266
5196
5018
6551
1402
8225
68
2534
6750
5578
2316
1132
9001
7280
147
3310
2196
5738
5718
9161
8178
4000
9792
5149
4858
2597
1488
8311
9169
3100
9003
202
3139
2462
7128
1399
2415
7953
218
8576
1740
5752
7539
1117
8840
833
4497
7434
4837
2706
4442
4942
8017
8960
3832
9265
5404
9868
1692
8804
6736
1756
3365
3649
6574
2114
7992
6538
152
8747
894
4243
5519
7142
7420
2426
6461
8674
6308
4024
8100
4054
3474
6462
8658
4060
2184
4179
8630
7862
5995
2547
6260
1414
1840
9983
2386
3889
4542
6726
2841
7958
7282
6090
1812
198
9423
875
1539
1406
2804
6729
3560
7667
704
2682
8282
6902
4991
2514
9930
3813
7908
2289
2752
8347
7982
4105
5302
7437
39
2571
4131
9582
1183
141
6771
7384
4650
8459
4637
1308
2639
7223
5058
9265
8987
8592
709
9157
1701
5483
8898
2028
6796
9027
50
4993
3337
3464
2216
5317
5573
4102
1366
233
2598
3977
6484
563
5910
898
2252
6532
7877
8621
1173
684
7230
3486
9360
9389
3395
6144
5736
4555
3672
2103
2785
2156
91
1778
4046
1185
6243
9319
5735
8537
5856
4824
6667
5009
2108
146
3247
802
3231
2365
4151
8175
7853
9365
7762
9850
4103
2826
1921
9429
8366
6811
6560
495
1192
4328
471
4131
6851
1067
288
8557
2886
2636
4828
2406
6819
4351
7281
3249
2896
4933
1324
1306
7952
4610
4302
725
4015
4195
7081
3416
7398
6305
171
9045
8264
6172
3817
7780
9674
9115
3950
2163
2077
5593
5288
5217
4537
5356
3031
9752
5545
8672
6532
3432
5487
5253
2543
6581
25
9746
115
2655
3985
6872
1159
6580
2465
5782
4142
647
534
9500
3574
3780
982
9160
9229
2358
9322
9084
6188
8659
1164
7329
7871
8725
9772
6738
3558
3010
3629
7235
7754
9928
9000
1294
8178
5204
4434
8708
2752
8754
1214
2383
9218
6044
5098
2752
2449
6326
6023
184
7259
940
3557
1456
1490
6656
9000
2433
6807
5726
2224
1131
7018
3298
1745
3645
4780
9687
982
4025
7924
613
6332
7434
7445
8781
8111
1826
3627
7020
4288
7231
6986
3444
9976
6813
6371
7543
9803
1522
6204
2000
1900
7025
6529
82
5365
5919
4298
1452
7971
2761
5344
1998
2259
6645
4608
6122
4010
2709
8544
7173
8806
9787
1438
4993
4145
3573
3321
4931
7273
7236
9883
9459
7820
5923
8713
9307
904
7363
3415
2191
7528
2174
9049
1526
1886
4988
1184
3331
2205
248
3532
7094
2977
9030
3194
2112
5587
1535
5937
1792
2598
9366
4178
734
2878
5885
4177
6335
7931
5300
5217
6647
9294
6353
9645
6632
738
9911
3107
9156
2388
9989
2726
7025
3703
2789
6482
8789
2729
6601
3720
9368
1425
1622
9592
8161
7995
8314
8648
6001
810
4849
5400
6904
5030
6885
7799
6623
9385
6562
1374
5675
8428
6780
9404
2609
6640
7153
7030
88
9402
5388
3606
1330
1580
5848
5221
7671
6761
1484
8636
2423
1262
7106
8346
7539
4588
5821
1994
6818
4989
9858
9404
6167
5226
8044
940
4645
2218
6983
1520
841
1284
8560
6598
5421
1243
4070
5324
9181
1663
128
9862
7901
7925
8950
4412
1322
8433
1865
8020
819
5159
211
5098
9544
5983
7438
6103
3536
4908
576
5452
9777
9963
7795
1139
2702
508
2924
6296
518
496
2812
5155
4861
9996
1503
8242
6275
3631
9617
6211
353
8963
701
5682
1072
3462
7053
9438
3804
7966
1788
4273
1086
4675
84
7937
130
7811
1710
814
5508
5568
7501
322
2346
5056
236
9547
4480
9195
9828
9904
5290
4364
5098
814
9262
2112
67
9240
3454
3486
2491
2552
8708
8539
4068
185
9911
3565
8112
8464
1920
8803
702
4784
1461
378
3335
6016
3225
7505
4957
4609
8138
1883
8982
6722
9577
9269
8674
8017
7744
2470
7360
2022
3077
4949
1613
3807
987
51
9636
914
1083
1364
7983
6487
3661
313
9353
8883
8776
4051
6015
5948
8529
7882
4413
6824
9556
7346
608
642
4891
94
719
9450
1443
8680
1707
6511
8764
9528
5028
3173
7869
4043
3525
6773
3899
2495
3060
9263
9916
9791
9240
3693
6455
1412
3492
5195
535
4788
4250
3641
9442
8994
6023
989
644
8533
5044
4980
8606
2841
118
9248
9022
2841
8078
4486
4356
7639
2925
7061
4286
1345
725
5099
853
7026
2995
31
5187
6512
5976
3975
5277
1387
3730
8875
8019
2536
6129
5366
7451
8079
656
7075
9672
9992
4670
3613
3333
9006
838
2895
1863
7189
9354
8097
8268
923
135
3618
5538
5013
9792
2094
6865
6142
3971
7635
9110
9202
6466
1820
1510
7558
9610
6206
689
3650
5427
861
2355
9381
6697
6181
5673
3080
2112
8087
2032
5633
607
7095
2400
2511
9828
2438
8286
8561
210
3529
6020
7034
4502
4130
2540
9017
1385
4304
7579
3148
7408
4617
5496
9273
1262
6156
8315
3611
6421
3784
4030
5883
5603
3477
8595
9370
9419
8999
7730
7172
7919
2127
3440
1897
4840
5320
4878
2566
3640
6655
1695
7807
508
8883
8224
5989
1599
3126
1248
3671
4122
4675
2140
6425
9498
137
1431
1025
5535
3169
9597
2385
6573
407
5228
5281
1176
3598
4432
5941
1277
5749
9970
9765
2088
6222
5375
6719
5252
2605
7771
6293
7750
4059
3050
3244
9986
7015
2399
4703
3889
3853
7030
471
7058
9309
1233
101
3655
2943
4813
8001
8694
5307
2393
8372
4704
2375
4336
3275
4761
4712
5772
2930
5398
3304
4634
2514
7357
1984
5294
4161
1199
9728
2052
7424
8718
9499
2706
2779
4988
5273
3064
2309
7792
9770
7599
2443
1666
4677
8540
7610
2678
9123
9942
9177
8081
4100
5072
3753
4674
8719
2744
1670
7649
651
6802
8965
3254
4969
9654
5204
9668
1557
8286
9488
1647
3463
5137
5628
5705
2191
847
2679
3443
7683
1483
2076
9786
2875
9342
4618
4426
8953
8104
6269
2529
1393
4660
7140
2967
8633
9188
6696
5023
3336
7942
1121
836
454
7529
4618
8962
9444
8047
2483
7871
64
8227
9965
9168
4725
9178
379
5626
5035
777
715
3452
2017
6958
254
8802
7997
2660
7071
3002
4151
7656
107
9741
362
1239
9332
5345
4724
5655
4982
905
5621
8397
2464
3165
4694
7972
8241
9455
8809
1070
9987
2558
7226
7668
8818
3495
7275
5815
965
6784
976
9481
3720
2407
8120
223
8806
3486
9845
5033
901
9379
5794
9809
7831
3620
4493
7088
4108
24
4418
7616
4192
3080
7669
7548
2514
2693
2421
5837
8070
8909
4690
8198
9929
6140
4676
56
5045
4471
9166
4755
9609
3775
168
607
6763
7417
9836
5197
9001
187
1707
940
2365
3360
5288
640
4738
571
7709
6112
1064
4008
6963
1992
4688
7596
9880
1691
8944
4436
2042
9636
857
9662
8006
417
2911
7061
784
5097
2857
7224
6836
7883
7202
3749
5832
6568
851
4036
5318
4473
6761
3054
3691
5601
6812
8176
5919
9167
7536
8144
6252
4564
8144
2070
82
2703
5353
4870
7728
7677
9787
2611
3254
3840
7172
9080
4789
939
1764
3312
839
4908
9118
7568
2875
7803
5971
2404
3605
4735
1142
1617
7561
4712
971
2271
9738
5132
3666
3129
1214
5980
6307
7640
4686
4149
9799
9851
8429
7731
3386
4979
7402
4223
7305
1344
5445
576
9194
2279
6732
2949
1265
2992
6535
8170
5050
8542
2868
4900
9342
9657
7272
8635
2097
4858
8600
1478
2882
8725
8003
6120
3975
5873
1348
6162
4214
3337
7407
9627
6825
9161
5937
1387
6396
8265
4714
3315
1104
6516
9099
1257
6982
3528
8389
3729
7707
8767
2126
2446
2743
3967
7694
469
4276
612
8973
5392
1644
373
3955
1713
1134
3241
8074
180
3720
5884
2238
3831
143
5285
373
6365
9625
6745
9137
446
7483
7619
8454
5446
1210
4960
6883
2858
1467
5467
7111
5784
9291
9322
1670
731
2560
7386
122
3740
5453
8209
9
1822
6529
8294
2302
7457
3593
1328
843
7530
1474
8526
7908
4024
1919
8509
502
6174
6357
5216
8712
8252
8773
6453
4539
821
3614
9642
3805
2239
6623
5397
4992
9274
7610
6631
8917
2916
2658
9426
9264
139
4623
9580
4310
765
1413
7646
8811
4051
6884
3948
7383
237
9496
1756
3048
75
3754
1481
3843
3951
7523
8604
907
6076
3533
8634
6414
5287
9591
7585
3515
6931
5951
8573
3628
9192
2143
3774
9407
5968
830
9754
5355
2674
8014
4755
9777
5853
3582
8842
9161
1177
5582
5313
2615
6019
8673
8233
7231
2779
1231
3524
4459
9298
432
451
4285
923
8127
3856
7932
9979
2073
7874
3120
7768
3249
8232
8062
8778
8857
560
1704
749
8424
2338
1348
638
5957
7609
518
3909
6543
6628
4737
7306
5294
6056
2242
7562
469
8854
7726
9726
909
9181
9103
7708
2192
4847
2770
441
170
8453
3921
670
1820
3710
873
8093
9103
3646
4965
518
3337
4023
3436
5444
3137
5814
2474
7192
5990
500
8308
2
2834
1977
9839
9242
3235
3640
8446
1110
4839
77
3738
8090
2706
4066
5485
1584
5183
4148
8459
6823
3888
7207
6389
6886
5745
3659
4570
6377
2372
5577
4451
9670
144
3919
7835
9842
3870
1630
4858
5462
5200
3855
5679
3259
284
5345
2737
9070
328
889
2009
1841
2041
1485
6114
5627
5587
2953
3497
9575
9069
2068
8737
9261
5626
4068
7945
8787
6230
5643
7714
3552
9289
2996
1622
33
1528
3129
6601
399
921
5499
6049
1483
3568
2609
7629
8659
7804
2208
4254
916
8133
5282
6392
3132
5117
6417
7633
6216
7399
3949
2839
4685
3175
8457
2552
9044
9863
6081
4098
2458
6352
3097
8654
3570
6019
7254
5693
3016
6438
9286
983
4022
1388
6797
5418
4006
6604
8489
4915
5110
5496
385
2999
6971
2659
1363
8307
5111
56
8584
8796
1723
8109
1796
4564
5035
6628
2822
7113
7862
724
4616
9777
8113
2966
8817
3296
6377
3038
8545
2440
1373
1165
8987
6962
5967
98
1682
910
4655
8947
582
2960
7854
490
9259
5912
9592
2233
383
7378
3781
1376
7052
4386
879
607
4886
4004
3842
8066
1930
2072
1511
6144
7423
557
9121
4834
8597
4937
4946
1911
2458
8915
142
1656
1923
7623
3707
2904
3704
4143
2654
1167
8658
9997
4112
4601
6082
5359
5212
7677
7068
6588
7017
8509
1448
1709
3067
8701
6790
4757
3636
5446
2431
1870
8917
8137
4244
9222
8684
7262
297
937
4361
7786
9417
343
7485
7425
6445
4520
8751
3237
9725
7268
4843
5869
1898
1633
207
213
4556
5005
6114
8947
507
7208
8735
6788
1079
5975
357
6860
6675
7949
7380
6131
2226
9230
9091
1105
4224
5641
2256
2270
6005
398
5720
5163
7027
3048
6238
2610
9014
8470
2706
5291
4822
5414
7278
2209
1607
697
6346
469
4162
1891
6562
1776
9887
8711
3642
2667
2541
9102
5989
8915
2749
3843
2941
109
1487
3571
9761
8030
9737
7746
7845
8204
5242
2088
1308
6812
1952
6882
9497
3526
9294
1786
8107
4114
3836
3944
5276
8315
9405
3570
69
9912
2481
3791
2542
979
2473
7168
721
8035
936
8315
732
6415
4046
8357
6533
7798
7403
6830
715
5659
9605
2462
9620
962
5735
8827
6273
7542
8295
1445
8625
6167
7677
7933
5723
1451
9546
329
4338
4783
6160
1461
2590
979
1054
1691
68
5478
7411
7477
912
2574
2854
4409
306
19
4171
1579
5243
3646
895
3178
9740
9490
9690
4565
8738
6112
2634
5081
8252
7074
2491
5931
9499
8143
9871
8640
9908
4043
8758
794
131
818
533
6050
3312
3267
7626
5704
7280
7967
5085
692
3887
2982
1721
3100
1288
6488
2953
3955
2844
2329
9225
3838
82
6923
4910
2162
147
5530
1670
1200
4887
101
3047
8921
8956
3640
1253
5470
8486
6929
7801
285
1988
1799
2044
6516
6422
6771
7352
3419
1090
4802
7949
7801
1592
6695
5967
6388
8357
5463
5557
1749
6296
3885
5805
3786
9934
2799
4144
7648
5235
7482
5469
5914
4527
8940
1849
8283
4878
8393
5740
3375
8178
8251
110
84
2151
5246
7329
2260
7673
4864
7113
3022
1372
6052
3989
8103
5993
8257
6582
3623
2627
9703
8184
3607
9333
2035
3273
2652
4846
7683
1510
9964
9723
2181
3571
8044
3774
5720
1634
4688
5470
1883
9975
371
369
2446
4541
8475
4951
3745
2289
6620
1810
2116
748
8474
67
6502
750
116
1972
4676
7414
9989
3354
7148
3299
9191
2480
5944
4328
272
6623
1894
8153
743
9727
7812
3237
6886
7493
4797
7701
1100
5393
4889
8153
7606
1433
5096
7977
7271
4969
1518
2715
793
4469
9985
7017
3220
9147
5350
5995
9006
9416
2016
9997
9916
3963
4
8746
2254
3265
3864
2622
7175
6974
6313
4595
8464
8995
5692
7757
7384
7967
7057
5303
5105
9179
7359
6274
9741
795
16
7738
2142
8802
8695
1684
3376
4891
8236
3643
1428
6349
5722
4006
1105
8895
5539
3819
8156
5390
8552
4225
3455
7592
8610
1039
2359
6713
4892
737
6603
3730
9005
1459
3249
6125
480
8373
8279
4628
1219
3573
759
2048
6329
1034
2244
3050
4197
6209
3639
3540
8117
4351
2243
5791
4283
4550
191
7655
9324
6662
9999
7499
7040
7698
7344
4263
756
4980
8415
7166
5540
3527
4170
4979
3465
1406
1263
7575
8794
9308
2516
8682
7097
3063
5613
4653
9215
7458
1841
5929
8181
623
5303
4556
3573
3259
5008
8630
3690
7980
2294
9217
7794
6473
8000
4589
180
7264
2325
2877
3286
2616
8860
16
4146
1317
402
3976
2085
2691
5047
3298
3138
2485
8985
4916
8224
9614
1405
206
6397
2632
3885
814
7014
3298
887
624
5062
1023
4472
1951
5132
8963
2643
5565
1762
5287
409
2256
2857
1031
6545
999
2932
8995
6079
5309
7487
3083
6365
566
5858
2118
6480
653
8730
8046
3001
847
429
9778
8913
1061
8219
3096
8165
4174
9842
3420
3154
2936
9204
9148
7349
5365
6087
2886
7881
8019
7219
5578
3136
1979
4658
3905
6092
3014
2482
1989
6834
3715
2285
9561
1826
3078
2117
5483
2780
9836
829
1904
5467
4067
9929
3428
1361
6709
4769
1115
4566
5844
165
4982
3628
4851
6642
6934
6403
4313
7003
5151
1691
7853
6585
9438
651
9643
7322
4270
3247
603
106
8044
7189
5315
110
9068
2050
1229
2544
9383
8244
1367
7422
989
3550
7302
5933
6975
6436
5183
9080
8466
2832
5677
212
7614
7481
490
2777
1718
9387
498
7868
3963
5738
2120
7793
8312
4740
7573
4884
5174
1769
7620
6906
324
430
5596
5888
3348
3709
346
7834
8063
1522
1639
5211
1511
5102
2496
1587
1559
8451
825
9995
7746
3499
3458
5250
1429
9509
7620
2234
8863
298
3905
6697
5212
8770
9887
7183
1885
4601
9429
8009
9041
2664
9804
2441
4099
6908
6281
3209
2243
5986
3325
6722
943
7625
9160
6825
6972
345
4459
3839
6088
8111
8970
7765
7616
4941
9999
2741
5215
5313
9702
6957
9022
2816
954
5082
3694
1017
1151
4520
3227
4410
9990
2877
6973
7183
5754
7586
9610
3062
210
1539
142
5589
1920
929
3693
2039
4824
9157
6909
3540
7994
6930
6284
6367
7699
8126
6670
4078
3130
5955
9194
9938
611
1677
8120
6093
791
433
9187
2412
3130
2152
5102
8162
6815
3433
896
24
1388
1655
6193
1993
7611
9687
6416
3060
6593
606
9483
7627
915
5532
9932
4255
2344
203
4978
242
2808
7599
1248
4390
9970
4496
409
5842
1828
8121
9552
4266
7230
6646
2689
1474
9761
7200
2327
924
5261
5060
9500
184
949
1559
1496
7598
2220
846
5817
6611
8454
653
7216
3788
407
1802
2023
3115
9277
573
1231
8471
1053
5217
397
4269
2842
8457
4494
5144
7875
4054
4981
7748
8099
1063
3440
8410
2999
2811
3622
981
2303
2940
5811
6577
9429
8900
1067
7959
5177
9212
1646
4687
3828
1028
9130
5732
1162
7226
4755
3762
6352
673
8735
4400
5671
9468
5689
9344
8362
3613
115
6466
6951
250
6168
8112
9405
3820
4840
3942
7390
6534
9967
8663
2407
293
3919
7070
1932
7708
7247
5772
8055
9859
4629
1629
4205
1411
905
9961
3210
1723
9597
1563
9096
5180
7736
3578
4860
1018
6327
7342
2386
813
6372
9817
706
71
1993
5377
5548
8618
7412
653
6365
4343
8411
7091
5620
4538
3907
7993
2914
4878
731
5667
6937
8403
9567
7227
2557
341
2210
914
1380
9905
3385
7242
3486
4811
922
4133
9418
5527
4413
4592
4311
8943
5197
4752
6769
644
7957
321
7110
8333
4427
7508
81
705
2879
2303
504
4765
2820
5207
6408
6497
9273
6460
958
1168
3604
808
3616
9773
8575
7387
465
6139
1356
7994
3205
4814
458
1913
2383
1889
3803
3046
5477
5876
7160
2781
1932
8619
3628
4652
2707
9205
8184
7813
9669
8737
3794
5600
7039
7149
6705
7336
9758
7040
7043
3942
9349
4884
9097
5690
4307
906
2824
4518
2694
6226
982
5081
4007
823
8876
4996
6144
3922
4679
1259
7954
3542
8324
4468
1019
4858
4874
5234
5183
6466
3288
8437
8833
3218
3431
7047
9522
7938
345
1800
6381
3665
5118
3443
7754
8713
1592
6215
8272
1708
1192
5835
2360
5784
5987
5806
6559
4628
4670
9449
6032
7589
9335
6227
2938
2544
6248
788
7391
1828
5474
8206
3577
2879
4877
4289
8424
4881
6714
2306
3265
8658
6961
3475
5274
7452
6077
3049
7231
7625
487
4893
3268
896
5768
8791
4330
8890
504
5210
2465
803
8823
6443
6234
2986
2258
9481
906
1697
7382
1678
7914
2363
6183
7373
628
5860
953
5485
6466
3198
3556
9766
1341
580
4937
2681
7110
6085
9959
9533
4376
1503
9841
2461
9834
517
7240
2288
5193
6596
2142
5534
242
8809
6979
904
4712
8394
8163
8469
7937
5018
8743
9266
7246
9056
5102
5653
8048
9577
2370
4820
1737
7848
7301
6410
2522
3721
7539
111
8619
8665
292
9870
1055
8022
9524
2532
3601
4033
7969
8716
7922
1489
1596
9357
2760
574
5215
777
5415
1586
4239
5616
4226
7322
3796
2394
1507
568
8382
990
855
8052
9850
9271
4726
8872
8210
9224
9532
2570
2052
4015
1608
3654
6897
248
6251
7943
3649
1947
8506
6761
4695
7032
4425
4675
5644
3733
4225
7130
1024
3032
5650
6978
7861
9870
1639
2324
4631
3887
2364
5990
1245
2844
9534
224
4008
571
424
3548
6142
3564
6918
6434
2483
4093
3356
2817
4846
51
3228
4476
4998
2402
1546
9019
8364
4629
5793
7026
8608
3926
3312
9762
9583
2516
5515
1851
7498
4200
667
5072
3308
677
987
7459
6114
9216
4495
3767
6514
8822
7478
4579
659
7887
992
8843
1298
514
1859
9378
4778
3397
4939
2215
252
7156
6851
9967
8578
1504
5318
645
9384
8156
1168
4321
1414
4086
2905
9148
134
2026
512
9786
6448
8732
9102
1695
1524
6672
552
6983
2340
1288
293
9911
5737
8772
7207
8957
2365
4527
5188
5009
3503
6832
5195
2502
6719
6670
7428
7211
7609
2711
9244
2752
2885
5152
5766
1519
8053
5155
8442
1905
951
8335
8304
8095
7862
1256
8583
2641
6878
3947
6783
5606
6837
5502
6283
9615
3536
6600
4976
4853
9243
3340
9374
9629
2043
7541
7025
585
3005
5688
903
7209
6085
3283
4058
5168
8527
7099
4640
5462
8087
4787
333
3661
5928
3638
5915
7383
8869
6151
7982
1453
179
3589
2661
7611
8960
8675
6052
321
4231
7997
9636
1190
3043
9573
9521
3554
1444
1115
1087
6436
1959
9513
6765
4456
3007
5713
3700
8405
1625
9642
1716
6854
7705
9450
7030
2495
621
6446
6207
9852
1047
4318
1231
90
5150
9142
617
6354
4116
2361
5938
7753
5063
1545
9493
665
6824
8205
4603
3247
4974
7646
8695
4588
6281
2781
3485
3593
2543
7025
2932
4997
4907
1235
5389
7641
8282
6675
9305
3865
5095
7345
4289
9264
3703
3962
1791
6159
9956
6364
5671
2416
1843
2960
4877
3401
5622
6642
3808
2369
5657
7023
3811
7090
9428
941
2845
3828
6156
1852
2383
148
8899
737
8151
7628
3357
9431
884
2319
990
7325
3637
6178
1354
516
3153
1947
6357
1987
2018
1639
2866
6936
8208
8071
3534
7198
9835
2762
1116
7963
2
8104
3981
5522
3517
1105
4808
7248
44
6191
5758
1489
1378
8331
3386
7632
5736
8912
7787
898
7470
4169
9833
743
7282
1962
2529
79
4094
6158
9595
8122
1202
3027
7323
5533
2197
5832
6998
2047
7139
9108
1943
5827
5881
1377
5557
9877
4685
5902
1461
923
4974
218
492
5833
8270
3237
8240
1554
8576
4728
3154
3885
6595
7635
287
8351
1007
7853
5435
9904
1913
5740
3759
8361
2225
4005
4862
5904
6405
2652
5394
8192
4696
8672
3147
983
2534
1489
7262
8959
7591
5444
3471
2410
5954
8057
9231
8245
1090
7205
8869
6832
466
1557
9009
9234
6459
2131
3607
4264
8375
2335
5149
5923
9334
4962
9188
7923
4487
9303
5817
9518
590
6476
2312
6469
2268
1348
2406
4168
4774
6617
4814
9199
3783
8562
7725
3139
9662
3913
4524
402
7881
2998
583
5256
294
7548
3075
992
8868
1308
3757
1787
1388
9350
6241
3990
9245
2540
6965
5110
9724
9439
9490
1758
7521
5949
2140
772
7236
6049
8261
574
4779
5414
1636
7592
5892
7056
6174
4720
8273
1413
5299
3465
2859
3027
7810
4432
2320
3734
3893
7122
6947
9413
677
8441
3507
8825
7734
4345
5408
2302
3756
2819
3047
3183
7007
5973
7713
8648
8098
2188
6365
2245
6837
8310
4140
6024
8898
4494
8139
7707
8451
3501
2155
1138
3626
5366
4736
3195
4085
7066
9321
1829
9312
5970
7657
2479
418
9676
6019
1837
6718
3672
5636
1705
756
4702
2575
2367
4301
7482
9927
3240
6205
7700
3851
254
663
1908
9556
1641
1237
4518
4563
1032
2866
4536
2933
866
653
1660
5606
9221
8474
6302
988
4779
7865
450
382
8924
2790
2369
8894
6602
7139
6081
5623
1611
2118
7403
1816
8509
120
4377
599
2199
9108
4603
8838
6219
1768
1709
1714
2640
1876
705
4765
9903
6711
9072
2388
213
1526
632
8851
8867
5624
7960
3892
6785
8913
1321
8747
3249
9844
7096
9101
4097
5702
8788
5670
3261
1612
4162
7155
1081
655
6253
4726
6433
1316
5719
4899
3046
5015
1602
6983
9487
5526
1731
6575
1148
711
2052
7306
447
2961
8464
2795
4779
1603
668
4201
7923
3401
9126
8601
7363
3477
7770
8212
9371
3234
7458
5469
3193
6422
5701
8234
8241
112
9614
8570
3970
2213
4522
2550
9559
6855
6708
8120
2190
3458
9946
4829
648
1518
6976
9645
5888
3001
9620
6010
7755
3519
7204
7914
3252
6583
4113
4025
7259
230
4553
4666
1989
2097
230
5709
8879
6575
9041
507
6769
9650
6021
5913
3287
2629
4820
1675
9445
6056
2345
5239
492
3603
815
451
5009
6608
9298
2975
2742
2683
860
1960
8904
5280
2840
8550
1287
1266
765
9312
3960
9112
9241
8105
7498
1291
4626
623
1763
2437
4579
1203
7884
9313
4173
8386
1282
9779
700
2271
7277
6066
7765
4086
8790
4060
7008
8007
9788
6270
388
8179
5290
3033
1279
1380
4362
2709
2952
3718
1981
8675
1212
304
8103
9656
4076
9590
1106
4453
7268
1507
565
8493
2034
7893
1347
5155
9315
3437
4282
6619
834
5492
2049
6399
5913
4850
8034
2793
4023
8572
6827
6982
290
8602
4853
7460
5982
9134
9983
7418
6900
5335
9001
8880
7613
6797
998
3385
33
9207
3394
9515
9436
5361
7840
5719
8255
1704
3743
9226
1556
8312
430
8695
4680
3583
8203
3432
3040
3886
9173
181
3454
6863
9718
5499
6491
3168
8786
9115
3852
4648
2760
4816
5178
7311
7546
4928
761
9134
9204
4277
5390
757
5862
8588
4905
305
4200
4029
8594
7566
345
6146
34
3213
6060
2572
5642
2341
9228
5086
2918
4627
5374
6907
5552
5613
3517
7368
6037
3274
2670
3905
4682
4895
4790
2696
1001
1130
594
6185
8967
4756
521
6286
4302
6613
4782
1965
1250
4973
9286
8420
9906
4117
1359
763
5383
8954
3035
9291
6788
6832
7992
5320
4895
6440
1464
5138
8422
3364
1571
4512
1747
3042
6118
8162
4106
9088
2605
8939
831
1551
6117
1063
3988
4249
3999
564
3535
4027
7313
2046
8095
1302
9397
2135
6763
5201
1390
7862
5149
9643
3542
7886
3402
4773
6673
6863
7998
3197
6657
6295
6349
4096
8460
5236
715
6928
1332
645
2440
899
1602
4395
6050
9525
6416
444
3645
3983
1398
8905
7697
4743
3789
1187
8009
8230
7661
9214
7576
7136
2565
338
7369
1018
5697
3999
2842
4160
1420
9835
3868
744
5421
4249
8040
9147
1836
3877
8357
6228
3217
4015
1798
7752
8597
1606
306
7272
7227
2484
9266
2117
3068
5304
8334
1264
7025
5032
3827
2417
7602
9485
2563
1563
5036
6953
9321
9539
3146
8861
6394
3784
857
1347
3918
8550
8540
9617
2420
4091
3692
5569
6933
8935
568
1751
7675
117
5915
6776
2121
6803
49
5939
8626
3732
1452
235
2716
1644
2284
766
4125
8365
6089
5482
1260
1721
1385
9784
2724
7407
2611
9736
8724
2032
2552
3627
995
3285
9277
9203
3624
6370
6740
9591
3735
4917
2721
186
7097
8305
6901
776
1806
2926
1443
8567
2846
5086
490
5954
8732
6131
4052
4713
4191
312
7214
6593
1180
7824
9240
9430
2366
3081
7142
7755
1625
6498
1746
6343
8999
1199
2686
4418
505
1835
7930
5798
588
3984
781
5908
2794
3322
471
7493
2318
2026
5399
3422
7702
6127
9005
9272
9064
7470
8409
8724
5784
3688
6941
6347
3339
4146
6954
7532
3444
9633
4208
2356
2382
1416
6004
7195
7043
3331
6636
9044
2610
9648
5437
9599
1099
8323
8641
2872
2193
3413
5354
3035
3425
9205
14
6900
7043
4433
2569
8648
6367
2938
4049
2684
7818
3042
1040
6286
122
1809
2229
5733
834
9365
6114
6135
8251
7341
5247
5015
5505
4082
5338
31
4279
1172
8931
3176
1401
9104
152
2610
762
7987
2676
9671
5599
2752
1781
8057
7282
2355
2749
384
1184
9620
2200
4060
3090
3878
8649
9701
9185
7553
3143
2285
7599
4017
8405
6645
4111
7864
4884
1018
1657
9618
4971
2847
6689
6442
536
5499
5560
7190
7733
3149
1332
4954
8846
4658
8972
4870
85
7522
455
451
3424
3209
4844
390
2072
1581
4346
5136
3945
9418
7470
1731
8727
1565
4649
9352
7371
6648
3342
3149
4140
1995
9820
9993
952
2644
5171
3746
7672
9240
7778
7361
562
1205
6193
1761
8003
6298
4370
8954
1152
423
3244
8314
5678
9601
6227
7280
9
9619
7499
3437
4180
7305
6310
1429
3389
4850
9438
9427
6410
599
7464
4705
1640
109
1168
7521
5371
2887
1349
1072
2278
4387
1997
3717
8750
1505
4314
1350
6417
7890
3737
8052
1741
4340
3181
3257
4894
4764
8372
3152
6859
4942
2544
552
2959
8539
6673
5569
8432
8705
1909
7121
8270
6426
1159
9792
5308
2593
2679
1883
535
8087
3010
8520
6862
9411
2964
7300
6928
7911
2626
607
4514
8196
4213
7336
1843
1444
757
211
4832
8745
2918
7711
5981
6616
9782
5314
3180
3388
7948
2301
2084
6489
2616
8772
1931
4024
3690
3547
5574
9373
8641
521
6079
1301
2607
73
2213
3823
7949
3864
1835
2468
7051
1790
5169
5299
2539
245
9629
7649
4119
3539
9962
325
8522
8025
5579
5441
5404
7819
7753
7210
4636
5458
103
2396
1631
4679
4008
9708
3100
9357
5439
4084
465
9616
9438
826
3602
6631
1485
3444
3917
7924
5254
5102
558
5753
2779
4581
4493
6772
8418
129
6110
4625
7831
1592
1686
2772
3667
7859
6236
9921
4549
4762
8099
5878
9860
8905
8587
4753
1838
8773
6333
4308
3292
6711
204
5001
1838
5878
1900
9427
5215
6328
938
5309
7973
5839
1784
7845
9139
829
2963
3625
7207
3996
3375
491
7002
4680
5892
3873
5994
9739
4934
9644
3796
1802
1333
1120
1388
6685
934
7789
5959
6809
4705
8220
3823
2789
7904
4021
7120
741
5614
1008
5810
2708
7100
9295
3335
9712
7999
7157
9985
8026
3432
5475
1394
1293
1513
6170
4506
664
6457
2453
9895
5174
7665
398
9290
5155
6668
4212
6775
1871
6752
5253
4125
3925
3834
1087
4702
2037
7784
1675
8686
3776
7803
7932
3377
9230
6826
2529
1276
1734
9514
6456
4284
3160
1113
636
5042
6702
5
8180
3044
3786
382
8114
1274
8179
1350
7468
7459
426
1468
2468
2879
4782
3767
6118
7370
9733
7020
60
8328
4138
2936
5041
2356
296
969
964
2812
3198
6044
7999
2032
9604
8630
4899
3394
9689
6658
5198
7880
9357
5070
849
265
7046
3576
9501
9392
4994
3265
5309
9681
9944
9851
8905
849
5341
5757
978
7210
385
4656
4261
4381
3468
436
3275
6151
8868
2724
7680
3074
1822
2179
8971
9068
2086
4775
5310
6719
1467
1571
7817
9932
735
8318
2087
9752
9725
4049
8053
3932
5680
7987
7494
4700
808
6468
6796
6609
301
3350
524
2270
5585
2234
7858
7764
880
9836
8763
565
446
4258
5743
8814
6838
4329
3646
5150
8348
3522
6426
4818
4670
3748
7394
3834
4685
4270
8260
5618
7979
8700
6417
8116
1046
5546
4347
8500
459
4322
8872
9888
5286
7487
3485
1421
2244
8680
7862
6479
2822
1646
8260
6778
6923
5706
7599
1836
4840
4024
3079
6609
1576
3144
2586
1745
7841
7626
7767
1291
9982
5145
4690
4026
4649
6538
9531
7183
262
5972
1589
6004
6408
1780
2795
6332
440
9638
1193
5340
7947
2510
3659
6435
1242
2263
8311
2141
4901
1740
3580
4618
912
6570
6497
7676
6955
4234
2129
385
6174
416
1573
8868
2434
7074
200
9795
349
6253
1305
8202
6432
2427
3344
7471
1486
8255
2783
2386
8226
7390
2281
8522
2392
6971
5091
9838
5283
5119
9377
6205
7509
807
9165
7530
936
4791
4001
4168
2062
8516
1792
8648
435
5377
8185
8485
3225
9025
6190
8700
1451
9742
2159
8784
8135
3051
6475
5463
1982
362
4512
5230
6876
5099
692
5625
3261
5814
6534
6694
4254
8614
324
9709
5597
3633
8087
7014
8785
6606
6613
6257
8928
676
4754
7767
8647
381
9394
7884
8315
8537
2185
1699
4004
6561
1771
5335
4685
2560
5224
7410
2491
9495
4446
2836
9418
2449
3186
4502
4964
9461
6678
5376
3749
8254
6301
6199
345
2925
6977
2879
6419
8649
8378
5716
6429
8624
5705
9035
1861
2751
2329
6224
1381
9202
3766
9432
6230
1918
8348
6197
7195
4892
2920
8854
1859
6808
7950
5749
260
5572
4990
1759
5582
2345
991
3841
1117
8729
6406
793
6744
4150
2641
2212
7132
453
3995
4547
4487
6869
9969
8426
4576
779
5684
1527
5729
9524
3856
9620
674
9955
8775
6289
7761
569
642
9035
8211
9925
8315
7500
5511
7555
9453
3045
2251
708
1722
1406
2813
3403
1261
3391
5602
6563
7183
4802
6661
9463
8112
1592
4873
6786
119
6788
5374
6351
4450
6563
9810
4959
6336
4562
8553
2468
2915
7021
1326
2638
9275
5021
7801
2449
6807
7271
8693
5384
686
1198
3385
5839
2374
8747
1813
6722
2627
8725
7435
2665
7670
5899
6257
5159
1595
7853
7067
6699
4837
3134
3647
161
3476
4022
188
3090
3791
2423
9978
2848
8094
9989
5665
3252
3177
3971
2585
7588
2749
1830
9841
4190
9586
8661
4968
3376
8763
2642
853
8953
204
1994
547
7552
7550
3223
2362
8352
8559
8722
2931
203
8746
4587
4570
7680
233
3004
1982
7624
5268
9478
3949
3006
3293
9457
575
4815
9054
6811
4326
1149
1569
1024
2644
6100
9442
8113
5701
9953
1608
4233
9029
4027
8899
9637
5443
4999
4090
7287
3142
5758
659
3229
3685
725
8044
7540
4259
8093
2648
7546
9298
1747
4395
1782
8634
7721
1942
8469
8238
2120
7303
2029
6015
1035
448
9922
4106
3655
4013
5576
724
1766
3668
8568
489
8339
7339
1918
8055
1902
3854
7608
7304
4061
4934
7281
9631
7117
1003
7721
3056
5620
9049
1022
8455
8630
7214
2650
277
8122
3433
603
4079
7071
6821
7531
8079
5827
1292
294
382
24
414
6336
8266
9694
4724
1953
6100
3166
290
6989
2652
6291
2520
5104
2717
2646
112
1858
1125
4688
1640
9933
8468
3251
3529
233
7239
7403
9202
3804
5824
708
7339
3031
5206
2713
2755
8760
3906
5260
6550
7110
7831
6444
7950
7787
4551
1717
4814
5432
5714
9434
9168
5693
8383
481
7867
5015
6165
4490
4713
8697
3963
6486
1164
1944
8952
9488
9897
4
9890
1351
7951
5864
8138
4530
2101
2024
5300
5742
5682
5522
2588
3770
8089
6390
1540
1646
4647
4724
4845
7740
2595
9416
547
7852
3146
1344
5279
6006
8834
5062
1820
4810
5541
4363
1482
3303
7554
3853
8379
5843
9714
423
8808
9191
6108
193
8397
4773
403
7306
4841
5172
5158
2150
8756
8535
5317
285
1383
756
6744
9294
6907
620
3701
7778
8228
3726
4907
8236
4091
794
6344
9002
8025
2172
607
1355
1744
2952
2947
505
5602
1528
220
6647
9651
3391
5606
2947
7986
7268
2469
7623
9098
420
3515
8188
5489
8329
1964
4671
9866
2167
3214
4046
8827
6156
4124
6584
7927
3962
8541
8431
7809
6238
3692
5379
399
7054
8127
4837
8119
1960
250
6822
8325
8721
9903
7605
8656
2419
5865
3414
987
8276
639
3434
8313
6174
7819
3495
9266
9022
5019
4023
8727
4038
9814
2859
6728
8136
7789
8435
202
7127
6551
7905
1917
6392
5720
106
6252
6518
7927
5508
8096
5126
7443
9532
5599
257
7065
4224
9235
4631
5570
9096
6940
6226
8095
4287
8907
7044
877
520
4630
7430
3212
3860
1724
2733
1517
1921
453
7713
7242
2748
1095
9511
5927
3600
6595
281
7260
6470
1070
3564
9199
5570
1556
7454
965
5691
8296
1433
1198
9208
5641
7406
877
665
1914
3582
7807
2865
8740
5144
3770
1522
7389
2822
8001
7429
299
4494
7692
8625
9784
4406
9450
1066
8230
7641
2303
4270
1768
5826
3624
9019
6514
8034
7107
3688
8633
5261
1686
3012
2473
4394
7730
5925
9793
7677
8181
8734
9452
3536
5392
3801
3741
2572
9424
1234
7955
9811
2434
4272
1278
3537
1097
2914
1520
4750
5007
9354
5715
4312
8795
5037
2808
4679
6152
5389
6676
3524
1272
552
9460
3569
4817
8232
434
9822
5278
3941
8610
5873
5733
8822
2826
7413
1733
8936
3296
4816
4405
5042
2669
8826
3018
5140
4740
354
993
9062
6420
4034
4557
4431
8539
1882
4812
7709
8719
2865
2480
1697
9472
1066
744
9842
8579
9973
2210
5394
2945
7215
2093
1860
9119
6229
7882
633
550
9677
3491
79
8829
6216
7520
4575
1315
1302
283
944
2601
4024
216
431
2335
2707
5570
1603
8081
3176
6560
4767
8144
5598
6116
9205
1940
2697
5311
2309
3999
4178
7159
9042
9373
2400
2868
3256
3545
6169
8526
7277
9689
1265
2793
8921
6998
1662
9524
6411
659
6279
2552
7373
3116
8723
1935
3230
99
8315
2634
8618
5990
7974
6945
8423
6864
1173
1057
9934
9839
2313
8058
1912
4649
9283
5077
6878
2805
7194
2206
278
3172
8900
1649
7719
1625
9785
5926
650
465
9638
3156
5229
3534
9908
1287
1715
4320
4369
2057
5825
605
9589
6572
8346
8220
639
2724
3833
3645
5057
424
2905
6109
2356
5445
7090
6324
9225
6797
7079
5247
406
9469
200
9157
2828
8378
4741
7996
3362
2557
8435
5137
6381
9673
3582
2327
3302
9498
985
7061
2093
7004
5408
9213
250
9119
1177
4462
4196
5390
5094
7572
4977
577
198
120
6371
9188
5392
2261
7983
5837
283
2499
1989
7768
9728
2683
1862
4762
3021
9726
5811
18
3154
3402
4060
987
8906
3708
7200
278
3799
7971
7463
863
159
5803
9474
3462
5955
4114
4106
8724
9078
6255
6720
2909
7224
2482
9391
8494
2599
9433
2368
5367
1760
4959
7423
6796
6059
5384
282
1683
5060
7704
2037
2312
5035
1125
7608
3925
3208
8400
8807
8907
5620
7087
940
6898
6681
1151
3763
6423
4317
8706
7678
4365
5602
2095
9103
5200
8380
2678
7402
571
3831
2423
3663
1373
4218
4407
7873
6098
4874
5465
5285
4199
626
3461
9747
4673
4019
524
114
4908
1621
3858
7365
6354
26
7672
6710
2939
2022
2407
5545
530
997
8235
5076
3196
3423
9566
2680
2273
3277
7664
1549
8852
3421
3478
3738
2141
2348
4429
1181
7855
2564
2494
8949
9972
5058
7308
1347
6545
7697
4934
4076
2466
9920
4754
3202
2390
8384
6551
1249
4452
7844
7840
1631
3957
2309
8512
2933
6547
3933
4569
591
7592
1226
7689
7966
8503
9285
5103
8138
6114
8219
6134
4576
8342
3587
9082
8931
8666
276
1348
3756
5797
3179
6728
11
4723
862
4992
7663
6545
4375
4799
2611
3128
4342
6483
1240
2230
6788
4699
3104
3281
8413
5135
6233
1709
3263
3288
369
3226
9581
4267
6271
2585
812
4794
4413
4497
7678
3242
7640
4293
7439
1592
1739
3419
3523
1448
3999
7103
7842
6700
1878
5577
8243
475
7384
8044
495
8301
1460
7573
4623
4437
6964
108
8528
26
2315
9548
2070
6742
4552
3545
7058
8811
5841
6820
3395
2813
8186
1815
9288
3265
5383
2880
2388
693
4342
337
7409
6368
4002
9376
1782
66
9670
3002
4628
1631
4890
3496
9132
4451
5033
1100
2148
8332
8519
9431
4634
563
4648
7681
115
9644
8285
1357
9053
4084
7719
7835
5684
1978
2138
5701
2739
5175
1762
6991
9141
2838
2192
1764
7922
4689
2683
4837
8232
4282
731
4056
2174
4910
5703
6846
1719
6320
9261
2138
1781
8312
3949
544
3911
7055
7812
7154
2312
9331
8361
6973
6569
1527
290
1795
8371
2884
9758
5425
6961
3447
3125
4770
3352
3662
5660
773
6275
5292
3982
6418
5914
9624
5209
828
8889
1648
7852
867
6877
5528
2525
8900
5921
3758
7486
647
4620
3907
8474
8835
6562
3835
5177
8334
5187
9178
7191
249
1395
7039
879
7020
5349
1942
1058
6945
6317
9461
2906
6723
5032
8891
8548
1432
922
4224
8849
9594
6176
5013
6153
2367
6817
5146
9856
2079
4447
6875
5640
9710
4456
7603
9471
9837
4649
5504
3550
3979
2699
541
4329
5158
1000
1751
3803
7670
5286
3744
7412
963
