3060
613
379
8626
7195
2428
9424
6089
3599
1303
8238
1394
2392
5622
7514
9121
5869
311
9711
5314
3995
1833
8125
2429
3708
1315
1142
768
1192
5394
4206
2877
6847
5996
6463
9397
5004
1067
820
3905
309
71
8413
2256
2943
8010
9301
3187
18
1154
7372
6677
1566
6085
7918
1227
2487
7949
4917
5880
1286
8655
4896
8205
7097
5361
4546
6395
9158
8116
4116
4802
9490
5805
5005
3924
3420
5869
9485
5697
2013
7954
750
38
8022
7529
1310
762
8078
5236
6910
7055
6150
4940
2619
1653
5174
208
5158
7582
3464
2906
4029
1901
7037
2570
7187
5760
1080
3994
7806
6617
8463
9219
3866
3331
7905
4858
182
9568
4051
3784
8316
3921
1206
7060
8651
4549
3185
3351
8749
3212
710
1903
2233
9107
3925
8848
3000
5451
341
5549
9681
4084
7430
293
8592
6931
1074
9288
3748
316
25
5590
3530
9679
4589
107
695
9977
3918
2637
2574
7728
5244
4594
5906
6559
6985
4759
9405
9057
1858
4731
9226
8501
4102
4232
6491
912
8468
1720
3475
3897
9602
8432
3186
5120
8372
2553
4518
3818
8152
3023
1533
7704
2974
1952
8839
2835
4387
2032
9945
6315
9882
4691
8458
5294
6364
5029
5577
357
3615
9782
1508
2198
9161
8677
8126
6812
1407
786
8186
4432
240
5587
904
8834
3197
1521
5527
2149
5392
3656
6525
6436
1775
7160
4014
4911
9974
7892
8755
3343
6976
4161
202
8370
1515
9335
8543
4297
3826
2027
1427
3601
3845
5513
6074
4295
3787
9623
2096
4842
9502
3427
4964
9959
3257
5072
422
2000
4662
3214
6837
3515
2030
4843
7455
6079
5384
2533
7319
3862
2978
1229
8323
3365
2228
2924
2590
6261
1086
9718
1123
350
5796
3913
3841
3549
9196
243
5113
6442
8912
6542
9634
611
5189
7912
1570
9002
8057
9994
8911
1253
2304
8233
1864
8272
5103
1598
7730
332
2481
4161
914
4944
2090
6487
7719
8117
1002
3905
6882
5141
7420
876
4950
6436
1595
7711
8176
4316
1353
3588
8204
1092
807
9870
8046
7562
2048
5568
8445
7598
2512
4780
3960
4751
5628
4690
8521
8701
192
3453
8000
4152
3111
3770
3832
1427
3282
5428
6676
7392
3422
3414
8978
8893
5956
9822
4137
2220
8441
156
6068
5433
5459
9284
2628
2639
6916
199
808
6905
9190
9474
4123
7900
5588
4051
7980
7036
6037
6618
4279
6620
8891
1053
4175
9098
5802
5067
8794
5805
553
6300
260
36
7385
2566
8692
3826
1141
1193
4511
3082
4620
9771
8202
3948
9290
1078
3305
1905
1841
7100
6183
1823
5876
9447
6541
4406
5109
3530
6837
1848
1405
5002
6352
2889
9214
4087
514
3021
5359
4154
5895
4844
2106
1197
2000
9120
2850
227
9807
4723
1761
6888
3963
3452
117
8437
4159
7938
6025
4285
8717
7610
4355
2662
1677
9617
3419
5312
4734
5202
564
284
6545
7687
1205
1339
9716
4679
7447
7421
1555
4881
3723
2114
87
4516
1038
2899
2772
776
9927
2576
6995
1073
5436
8284
488
9444
9520
2382
5700
7537
5493
4604
4159
1477
343
6276
2247
8778
8720
9479
491
8604
2729
3835
3887
2241
2575
7160
8579
520
2540
3957
5275
7988
3288
5471
2251
2920
850
272
5159
5064
1720
4018
9388
9118
7955
8609
4173
4762
651
3993
2055
448
2085
8391
8344
1601
4397
8247
6868
2360
3803
5180
4996
1535
9329
6171
8189
4871
4025
9327
7927
8448
4320
5426
6884
8711
4446
4768
4286
3966
2986
3817
9868
8547
1901
4826
5902
4896
7127
649
8522
2602
3403
2799
1261
6539
9021
7852
9789
1783
420
9302
737
1324
6065
3607
6127
6658
1507
9632
7154
9629
3961
2902
9373
9985
5312
6449
9634
4502
268
3292
7743
3375
804
5325
5044
1521
4165
344
9690
6593
4978
2502
3546
3683
3079
8543
2481
8293
8699
9244
3389
7495
3494
8893
8641
501
3425
1275
1226
2571
8218
5286
1515
7127
1558
7361
520
740
8562
4606
2493
1162
9941
560
4650
1459
9356
5689
6906
6769
3968
1340
5803
1023
9903
248
9880
1911
6684
4543
8095
2889
9117
7119
8375
9692
986
6418
2125
5718
8023
1740
9731
4093
6750
2226
7554
2934
4242
7182
1145
7735
4369
4457
8602
6877
9483
491
7224
1310
7481
8608
4056
4019
6511
9604
2045
2822
2185
4958
472
2937
3564
1187
8746
2228
1609
1710
4273
7676
2693
6946
7668
9502
3398
359
8520
4659
8516
1498
208
495
9194
814
8236
9414
7683
5712
7581
7146
181
4732
748
9284
6709
8207
4171
3181
5711
6374
5268
7773
6218
9547
8616
534
940
4554
620
6151
1084
7385
4305
687
4750
9977
3743
2750
2951
9331
4544
5896
4128
7126
7495
7961
6197
8384
2792
5190
6187
5338
8948
2142
6230
2434
4276
9646
2197
7701
8474
3129
5091
1430
6062
2796
426
61
4534
6732
4464
1421
230
6379
1830
9371
3645
9092
2052
654
4337
2555
1762
5429
9963
5745
8436
2163
4456
2315
5701
4096
552
5249
857
1414
805
2698
1063
4699
7535
6136
3850
6060
726
4766
5108
2568
311
6858
8789
5184
7594
1542
3364
5918
1367
9661
1466
317
4359
8263
5604
2219
1031
367
868
4981
5522
416
8566
947
8028
7353
3119
8201
8705
5701
4703
5197
637
5867
1851
7598
3526
516
6502
9009
1884
4938
47
1143
1232
746
339
9271
531
1631
5029
359
3897
126
7046
9895
8292
7842
7155
240
8423
5163
7212
5665
4958
6268
9679
8491
6412
8006
8692
514
3864
1859
3096
583
368
7423
9715
7282
7013
3848
7669
7074
672
4343
1299
510
8821
1956
9305
5683
3361
6261
586
6720
7725
4381
6184
4963
1067
1848
2859
2524
2938
4515
6494
2038
7029
6463
9526
869
8126
9873
3227
4574
7494
138
4993
614
4969
9168
9670
4455
8700
3008
7152
7603
1273
6376
2857
5987
1238
4752
6214
5164
989
5144
4136
6157
7849
9261
3481
2357
2429
8436
7557
3487
3034
6011
9226
7587
9387
5570
9993
1898
2178
8403
3824
9929
7362
8891
765
653
3605
3538
9630
3374
3658
8062
3585
2349
6001
8836
2765
5708
5687
7312
2026
264
5451
3664
4569
5261
7149
5270
6599
5668
4758
4316
2986
2586
1320
4207
8794
8958
8495
2827
8751
8890
8805
4182
9829
4971
2426
6877
1585
551
2804
4285
6210
4865
6376
3560
4477
3697
4322
5503
3503
8335
6939
3962
8616
9341
5076
999
1028
1794
41
3806
7212
2860
8560
3135
1458
1269
3835
9597
2834
272
3684
6048
2863
473
8106
8121
6209
7760
9730
5096
4636
2992
9324
416
1951
4843
5566
487
9895
1427
5848
9790
509
8998
7072
3350
6304
3241
2101
3207
9862
4724
2668
3230
4650
890
1099
8143
1235
6954
4789
3268
2064
4944
9170
4220
3536
8144
1183
6615
5703
3348
9702
1407
4424
3893
5538
3865
3400
4755
1816
2967
5659
6522
5234
9912
323
6093
5765
1060
3744
7423
9251
2940
6637
2580
7726
5564
9827
2852
9814
8160
2057
5485
7504
6514
5021
1261
8806
757
5352
7233
4742
6480
5138
1822
7609
5542
9709
9258
3896
7442
2379
122
2871
8280
4096
6762
4769
1844
6167
9974
4037
547
4941
3656
909
173
9017
8720
4890
9062
7287
5008
5708
6510
2680
2771
7802
4815
4970
2184
5854
569
8955
2371
5781
1935
2614
9224
2417
8259
6491
6961
4590
5377
3195
4195
1538
1481
912
7435
6524
989
4367
4834
155
7371
4414
6361
5599
1324
8959
9954
6873
3982
4119
3468
1591
2569
7875
8974
7559
9793
6303
6630
2570
325
417
331
3314
8485
1232
6320
3903
7535
5660
4865
6201
4121
2216
8410
7521
6253
3624
1093
9299
6536
88
607
1258
9727
2603
8969
3606
1937
9876
6731
4686
7736
2263
9830
6953
4082
3046
7114
91
2638
6051
9338
8322
9254
7267
7470
353
9465
1453
1305
6168
5209
7331
6034
237
9810
9072
3587
5881
2263
2714
1965
7658
8928
179
8464
1857
2386
1457
3438
3206
6510
1001
6661
485
749
2284
2003
2459
5133
8615
4141
484
8570
563
9476
405
6229
9592
7142
5010
9459
1233
7828
9924
4085
1680
9393
9074
8803
5612
7967
8008
8015
8099
9658
4208
669
5548
9487
7525
7069
1127
748
3647
8573
1480
9087
8365
703
8058
5628
2793
4314
8428
3747
5277
3173
6736
6399
9069
2891
2929
3656
9521
648
6133
2468
471
905
5268
9736
681
104
9617
7941
8331
484
4180
1351
2605
2592
1028
8371
744
9983
5173
3693
9587
4351
4380
1034
3933
9148
418
4634
4139
7470
1226
2999
2439
9011
8615
7460
5435
8322
4947
2688
4697
487
5415
4792
8993
5385
3794
6477
1862
4557
2912
9537
5475
2439
2881
6120
6524
4233
5802
1532
9686
4982
3801
861
9257
1181
8911
3593
3976
3568
2936
2422
5036
2484
8996
9100
8936
9588
2041
8548
5354
3941
2771
9582
4558
1689
7524
0
6130
2495
935
1201
2519
3415
3002
9714
6686
4553
5534
7811
6473
201
2500
8294
1620
489
4501
2990
3443
3781
7183
6935
2191
7254
6178
5744
2210
4218
6302
7568
3657
8911
7462
1480
2632
1734
9902
1621
9482
9281
2414
4382
4054
4229
2074
5152
1441
4477
7961
4068
7187
4533
6557
2349
5312
3999
9010
5264
7236
7257
7504
2467
8250
7965
4154
7562
2738
1019
5661
9886
586
2880
3508
4162
1367
2801
2881
7961
5180
1025
4303
7733
6256
2234
380
9123
2353
5113
6168
8632
2724
4638
4384
2224
1776
9946
6131
6088
75
4511
2413
421
8815
8075
3482
4307
1025
2395
982
2510
1118
1048
84
6211
2953
9771
6210
6016
7585
5030
5208
7625
4850
7029
7162
5948
8496
1283
2385
1420
6669
6793
7886
668
8612
3882
8917
8181
8751
6073
8098
9958
4131
3657
7514
1675
4553
8172
9270
2005
3735
114
8503
5044
9303
4788
5571
1786
913
7533
5811
9741
10
9561
5841
4324
3162
9416
7599
9071
854
8029
7265
1512
6932
5249
3493
1192
9515
5486
1395
323
2013
379
7684
6555
8290
2841
1364
3823
8310
7131
7267
1218
261
8357
9948
4569
7816
3189
8512
5136
573
198
1151
5706
2849
6991
8112
4053
1294
4378
2270
5426
6138
5488
7727
9630
1877
9286
6034
321
8051
3775
761
3722
761
6046
1250
8574
5301
8923
3375
6325
6974
6258
9749
1814
9227
1978
3705
1298
4729
7311
2529
3931
4860
1841
5079
4773
629
318
2692
8530
7154
8191
7085
6797
9437
7428
4944
6802
5740
9537
8752
2370
1003
5945
8451
9880
5738
5913
403
9899
5580
4735
5592
740
1246
6829
8862
8920
967
6477
7945
4983
6231
4845
9170
8783
9173
2952
2376
1798
7033
6902
5558
5191
8559
158
2928
8914
3389
5198
9035
4715
9914
2793
2949
2419
2598
6344
5551
2608
8565
6024
5835
9263
1591
3768
6138
6157
6774
9668
707
2786
3537
8604
2865
8677
9177
400
2180
1088
3900
9947
5530
5768
7442
3229
5068
3438
1895
6751
6184
2828
7400
9768
3233
1009
1067
6294
3599
4790
4019
6771
2140
3721
4491
6248
1178
1310
9927
4271
3241
2198
4164
4463
8707
8617
493
66
1821
8362
8700
2700
4261
23
3483
7879
5385
3769
5371
1856
7610
2882
6800
7390
7068
7129
7807
1809
1277
1193
2051
3757
3510
7623
3509
3986
8663
2937
1060
4615
516
1001
4473
5237
6089
1319
2509
2117
237
6612
863
7409
5939
8071
6661
359
5397
6773
7394
1577
810
8683
8789
627
6311
4943
9189
6638
6513
9497
9215
2447
2708
755
1339
6608
8409
1562
1300
5749
4620
5690
1572
4664
330
4641
7817
5439
961
3150
8589
1890
5542
9482
3804
1832
2211
3845
8926
1146
2129
5870
5603
740
7396
8415
4700
5183
6731
52
1949
3834
5472
1645
6957
5120
7110
4124
297
1669
7125
3750
5676
3363
907
7325
6904
3226
6951
9507
4397
4563
2636
154
3619
8749
86
832
7268
1914
9940
2633
8707
908
1200
4754
6417
3897
2525
8684
4721
8086
3548
7257
4020
8379
194
2240
9832
71
1510
1474
8232
7224
5655
7386
1198
5318
8025
8207
5034
6278
6856
8383
1729
4492
5042
4767
2162
6153
907
3007
700
8266
4785
6310
1015
5378
6134
5240
8555
7845
999
7196
403
8465
4400
1483
5253
3813
3555
1099
5872
4318
3650
8443
1230
5165
5528
9528
3337
5426
78
3679
9164
8503
774
9966
2439
9344
6371
5819
9184
2784
9651
7188
5278
9660
7979
3263
91
3559
9514
8348
2597
9808
7134
6382
4615
6341
5080
5850
9850
6605
1903
3128
7767
7320
8032
1900
7691
4434
9043
5908
7442
7736
1914
3088
4666
6462
3164
1570
7185
2264
9436
9777
5912
1729
1081
9355
1369
4392
5350
6097
4264
521
5968
2578
881
6523
9421
7958
1627
6078
5572
5657
4515
3605
906
4860
7893
4046
1715
8153
3177
3510
8664
7586
7169
2125
7215
6038
6238
8676
531
3298
9083
2945
1644
6921
1767
9336
2206
8142
7040
5205
9942
1107
6692
3779
5262
2306
823
6220
1461
7322
2676
7196
2920
753
1857
8382
5408
8755
9307
3383
1719
2951
5547
2273
6573
1569
1961
3984
3093
8557
1839
3572
1112
7971
3568
7556
893
3389
6863
4908
5214
18
7215
3208
622
1886
25
890
5064
3385
3927
3451
8835
3657
3486
6990
5559
4419
7205
3692
345
6838
3127
2904
5483
9103
6083
4948
7185
4300
7488
2019
1892
4398
8168
1701
5736
2339
1651
4686
1543
1071
8919
9707
4630
8388
4737
7455
4485
6577
1997
6474
6184
3170
4563
8376
6890
4310
7725
1518
5802
5077
3704
764
5896
1908
1558
4436
5489
1784
1254
3219
2768
2519
2148
9274
7918
3419
8274
7094
4366
8628
463
608
2302
1014
5834
8722
9835
9792
4811
1425
4614
132
8884
6466
7366
8155
3811
2721
6829
301
1965
2700
5322
8777
3705
3665
1021
5289
457
3470
6036
630
7151
7173
4614
3096
8461
4881
6073
2836
4600
5697
6973
9829
8605
2635
3634
5682
1907
9763
9608
5552
264
4064
6663
7762
5285
3524
7309
2169
7700
4545
9334
1340
5388
3984
2981
1710
1852
4270
9693
8929
6648
3993
5700
6267
5726
5493
172
1070
30
5338
3382
694
3861
484
365
3087
510
6851
7810
4936
7572
3903
5135
54
6363
5632
4440
4621
9654
1924
3830
7636
69
679
8904
6271
8364
395
2035
9792
3352
6238
2139
2362
1163
8640
7478
4904
3618
9894
1199
5000
6459
4757
1356
2744
8858
5645
9904
94
1052
5550
1415
8105
1508
5745
624
3182
1580
4094
4722
114
4815
8018
1583
1333
1763
2773
8890
7722
8154
9536
1002
9760
724
8829
1177
5312
9322
6159
7412
2718
491
1941
8739
7802
4822
4034
853
5418
8015
4296
3323
9524
5171
1085
185
8440
3173
22
981
6085
6754
2181
1939
1515
4548
1655
7380
2679
4568
5312
3860
5421
6681
2004
9622
2874
9279
3781
6511
7729
1919
3472
9706
3858
6212
1477
4589
9639
8643
2736
2139
9299
5178
1326
5963
8309
1
7223
3253
3167
6654
8173
850
2703
435
7902
2843
3166
1462
7311
9161
9391
3511
3251
4165
3282
2474
8081
5302
3070
7066
7740
4035
1831
3173
4560
242
5354
6041
1313
2872
2056
527
3343
1075
3746
2622
7003
3422
8310
8634
1422
8177
1332
3575
2747
5787
1926
7161
2681
5834
1919
1920
183
6101
8913
4137
9018
9529
5875
7659
7488
7125
149
4438
7105
8863
168
2176
419
660
5471
4659
6992
4436
5643
9563
2703
8256
425
8772
8316
8193
3359
5478
952
135
344
7242
2162
9609
3603
7474
7546
650
1145
4296
8027
6893
6470
3884
5619
9750
6742
2020
363
7260
4927
5747
457
9349
1434
762
9104
7102
9343
9295
3765
4670
3486
6969
8518
2925
14
810
7056
7996
7112
6342
3290
1346
1535
5809
1785
6541
3153
8566
1451
1339
5115
3692
5207
4597
6785
2812
8174
2840
8369
444
1307
1850
531
3357
3407
9500
5365
2694
9735
5931
4963
2366
147
8585
2457
9110
7813
5625
8977
2563
3949
777
7844
2426
9554
9794
1762
3921
6140
7201
2635
4216
9627
6668
5034
1439
815
8178
2401
2284
1175
458
8830
5519
6375
2749
3544
6621
2140
7675
4999
2549
3863
5806
6495
529
4006
8104
3802
3613
7738
1443
6554
2534
3296
747
2739
3479
3551
1017
8294
9635
3223
6692
1387
3490
1947
2324
6051
6805
6249
5140
1781
8464
2202
86
353
3820
173
4505
7432
2710
4375
8788
4546
9731
3904
6296
2222
5627
9
65
3070
1122
9380
5363
9325
7170
4419
3004
8582
1681
2053
6996
7363
2598
9662
8089
331
3210
394
8918
3306
9045
3585
5583
5259
4435
2146
1655
9585
5651
102
423
6796
6183
2069
658
9083
6838
760
3182
9401
7168
5922
5750
657
7378
1424
1947
69
5815
5964
9012
5233
1090
6759
4024
7537
3797
104
4890
5024
2763
3419
2931
1579
1629
200
1179
528
9003
9005
3492
2450
7211
9517
6137
3123
7834
4925
7880
3010
198
1586
3769
9686
1089
5190
5705
9424
8044
3120
5286
6734
5869
8158
6637
3749
2990
4170
9028
7177
244
1418
1065
6810
2471
6561
8022
1573
621
901
9703
8871
2223
1880
4825
1177
9649
3245
489
6439
4495
1755
2483
5882
3718
6758
6581
9053
2879
2388
133
3663
5897
702
2765
8779
520
6959
7214
4527
7168
4131
8802
7143
3417
6415
4510
3988
3332
5460
4100
9745
3680
2589
2682
8489
8934
5182
3091
5713
9980
8968
8693
8233
767
6039
2973
1520
9115
6046
656
2690
6031
5962
9270
364
2952
5340
2465
7302
2247
2592
5721
7419
8288
388
9982
3308
8020
4275
9845
5338
3867
1500
4547
8199
5438
569
6375
7377
3441
2989
4873
7286
4803
1410
3714
7718
3318
2317
5536
3594
2717
5789
3465
7388
3247
1274
9945
379
6057
9665
3500
4839
6201
5318
8822
4530
1415
1071
4926
2383
8964
5087
3861
9258
7718
8435
2615
6878
6673
2263
9990
5702
8738
6250
2621
8078
8034
7158
4952
4164
624
5996
1320
3776
9489
34
1085
9485
2587
9183
6303
2246
7391
3153
4630
7629
1927
4207
9669
4812
8658
3066
3705
3793
9675
7797
6100
9950
2696
744
6495
4256
6119
762
1759
2967
3767
84
9768
7684
7350
3130
4290
7490
5960
7743
8311
5585
1619
4991
6150
3827
7489
139
5505
7557
2290
7526
4101
1692
3934
1134
6788
1842
2688
2047
6127
6629
1394
1662
3862
1843
4439
1984
7462
5528
8775
6215
7833
1931
9485
514
8331
7705
4593
2668
6766
5979
5256
4201
677
6240
5982
8075
3749
6215
6341
2448
4801
3912
1616
1681
4190
9957
1129
4307
9388
5504
2677
9977
8781
6074
9693
2169
2206
3419
2803
9083
7249
20
5280
147
1373
7192
984
7622
5860
6363
8234
1246
9186
6327
1414
3920
315
7804
6324
8373
6576
286
3280
1262
3301
5278
5420
4603
6546
3813
5868
330
3412
7257
5199
4781
8632
1468
307
6997
8972
3506
8446
3024
7269
1431
791
2453
4660
5772
1854
4402
7095
4429
2507
6962
6740
4018
6846
6094
1772
6381
1075
2047
494
7904
7833
1928
1128
6632
5288
8847
7496
9326
9401
3069
1839
255
3992
1870
4487
2966
9942
773
1958
1466
3234
8983
4750
8236
8041
4614
4622
4212
5225
2590
2430
6399
2529
9365
3597
8862
1324
8027
484
3006
6905
7768
5027
9438
5122
6484
25
4975
1607
8805
6438
301
88
9028
4669
8850
7178
2891
8591
673
4225
3283
4101
6811
638
5440
7725
4627
8272
5625
1642
1915
289
8951
4560
5466
3955
5312
3114
1556
4589
9646
2605
6419
6151
2128
6311
3501
4695
4747
1683
8432
9436
9811
8781
3622
3667
8216
8799
9682
8758
5397
6703
5982
7163
4523
12
1136
4467
9203
4894
1866
9777
7034
6084
4579
678
7681
659
8509
9129
4223
9932
3524
3941
3209
2478
478
170
938
1798
5739
6512
3432
2797
9191
2942
6623
9256
1628
2116
5174
9034
5491
9852
9817
8655
2401
3726
4202
2944
5986
7557
289
552
4535
5465
3178
2040
3953
2044
9534
966
3529
7404
9155
5353
6345
4237
6893
1636
4054
8424
9030
6393
3954
5189
4440
3672
4124
4554
77
6751
5967
7993
5811
8181
6223
2879
8262
3726
9763
4583
5303
9583
2581
4207
5504
8086
696
4463
2310
8164
6833
2565
8889
7562
8526
3896
6598
9345
1025
9506
7915
9399
1967
2782
4998
5535
1592
974
9130
3465
5974
3166
1873
9471
3121
9446
3811
9747
9684
6353
2976
9660
2244
1913
9918
3402
9103
8249
9655
2326
6281
8917
2701
257
6667
5904
7616
9799
9209
9968
6493
9722
5333
8844
2189
3666
692
9418
4441
9079
85
6851
9660
4671
6530
8255
7154
54
2864
1596
6431
3343
1318
6803
7184
7057
465
1615
2803
7217
1830
4012
537
9715
9859
3253
4326
3399
9723
6251
2710
9685
3808
575
2241
9430
9256
8029
3727
8412
8749
7562
6934
7612
3537
3150
8403
8530
1660
5131
3200
9076
6614
7223
7249
6072
6313
9944
4812
3276
3928
3754
330
6612
8886
6746
9534
743
4561
7753
7801
2436
7888
4391
8467
4267
7077
2925
6178
6708
4849
5796
1739
4592
3051
3633
3070
6584
3325
6168
3117
9312
3217
450
4483
4994
7232
321
8726
6790
3616
7659
3968
3906
7330
764
1187
2222
8756
2981
8994
3387
3765
8103
8426
8131
2015
5738
3561
5252
3676
2949
7417
8393
4636
8489
9219
7438
9907
3473
7035
6756
4198
9388
3092
7190
1828
7832
7261
2287
2445
847
7828
343
7174
9729
5546
5113
2023
6352
2979
1493
6759
3473
3114
666
241
5575
9270
8841
1544
3749
2315
5282
5946
2238
9189
4377
5011
1236
6302
4182
8476
1274
2806
2828
5120
7074
1218
4906
2942
4105
5414
3555
494
5541
9996
724
6273
2425
6948
6253
8562
8420
742
8696
8532
2546
4397
4935
540
1169
102
787
49
8796
3017
5485
667
285
5546
3167
4356
4363
5898
7439
8335
8759
4788
404
2242
8464
8103
2585
4288
48
5620
55
532
4110
4295
2574
2676
6283
4366
1773
4002
4626
3505
1697
2524
4510
57
5987
6879
3780
1897
4198
2522
3302
360
9772
7758
3993
2693
2075
3065
7517
6498
1
3176
2961
4952
6556
5989
2971
491
8072
9997
4124
3437
3708
5254
3090
7879
7731
8406
2115
5706
508
8151
1421
7533
7230
3749
4523
4816
8682
3590
2290
8708
6485
8127
3504
8521
9562
9558
3500
9997
3908
3288
3824
4201
8397
9865
6651
4518
4667
6113
4961
3668
950
1811
5990
1850
1754
5427
7722
2807
1466
8154
1809
4482
7706
5416
6952
5580
1749
4569
8316
8173
4906
2117
1798
7219
4326
7220
9136
7364
7097
4
148
2568
8628
8621
7757
4674
2137
1654
6766
4135
1835
693
8531
5753
1479
9342
6494
2981
2913
1071
2769
98
7797
6788
8762
8833
12
8771
7524
4534
6291
357
5709
1462
8006
9240
5854
9084
7658
2277
3443
95
7802
4181
6337
4212
3586
6044
5739
4983
726
6155
4451
6026
7235
49
4771
1839
9858
8924
4661
3366
4130
2231
7843
1478
4983
7068
7746
2239
3488
7409
5322
635
7627
2674
2295
3615
451
4550
5247
3968
3031
2540
3808
136
5905
9683
4227
7956
4469
4014
9225
8734
7616
77
5964
5570
6337
4859
9228
6517
8298
3500
1495
3316
833
3816
8398
4561
7753
1155
1388
5308
3677
693
334
1589
8423
7707
5572
5300
2841
9790
7770
9474
8184
6587
3018
7550
6709
6724
7277
5592
5321
8729
5669
9530
1045
491
9303
2089
1284
9666
202
3313
2626
3917
5057
6923
9742
4374
7146
8630
9286
3928
3675
8508
5730
2021
5132
4245
797
848
7851
1028
3878
5795
9987
4947
5023
804
544
7932
8404
3483
4016
3175
9587
4457
6848
4267
1530
6095
7807
2334
9577
8647
6305
1393
5054
7161
3800
9024
5359
5057
1291
435
1814
9173
9434
6830
3929
109
1900
8938
3830
9214
225
5803
9911
499
8920
1273
5173
864
2715
4702
3040
5517
1450
5230
9490
8594
9893
7861
7003
1519
2572
3347
2191
3580
1361
413
5022
17
337
1421
4194
8869
8504
363
8421
502
1481
4554
8241
2526
3851
4494
2342
6588
7394
6297
7722
4204
7340
5335
215
4038
1934
2310
6641
6878
3611
6330
9138
8507
6251
5155
527
1294
507
4171
7012
1087
6808
8987
7112
5339
9620
4477
7668
8078
1004
5603
6186
5063
2690
818
2677
5001
1205
155
6934
6193
3721
1543
6891
5150
5415
9733
6275
8696
3967
1048
6080
3223
9284
6635
7395
8352
8223
4876
4418
7457
4642
8563
5873
8007
144
4074
5817
5432
2477
5525
88
352
7237
819
7366
5265
2096
1961
9923
9886
8202
8972
4110
9956
9522
2963
5779
6054
3423
4325
6778
6328
5737
9477
1551
5157
5670
8883
5006
1340
3916
842
6218
8441
959
5728
5985
8465
9268
2129
6255
6261
4953
4531
9254
5669
4452
5916
8485
7181
8295
9762
2009
8151
8747
3760
4614
7759
9267
2209
9595
3213
6955
8582
5970
7359
2753
5669
8997
3794
6977
7314
6786
1293
8069
516
1374
1205
222
5881
704
9753
398
7824
3045
4153
8832
8066
9693
7199
1113
8226
9197
7059
2534
3042
9306
6371
8561
1894
2916
8783
6919
4690
204
981
2976
716
82
8230
2385
3409
7537
3386
1504
9841
2815
9130
5537
1816
8527
4686
5976
1798
2680
8750
8117
9726
8758
5027
1210
5003
2643
8327
2965
1921
2834
5707
7620
2063
1177
8115
7984
1462
4813
7704
689
5810
5554
2693
227
175
834
6744
3367
8229
2806
5121
2010
1453
2864
3249
1958
5054
7020
7381
765
9209
420
9583
7007
7107
1509
3473
639
412
6701
4513
6984
4976
8061
2306
4171
6064
4800
1034
4169
5899
4960
4736
9114
7713
3697
6167
9199
7927
6156
2930
4442
7431
6938
1479
5390
5971
5686
3119
8666
7360
6104
2955
1527
8292
8136
7033
3391
558
9078
5893
254
5985
3212
4866
4248
5684
468
9294
3410
5341
4274
2711
4255
3771
71
9552
8038
6581
6915
8200
378
1680
2368
6809
9794
2005
3208
822
9576
6663
2776
8640
8849
262
2675
8456
4219
2071
7231
9706
5502
6391
9709
3324
3086
3393
8699
7756
8221
8583
8995
6810
3642
878
5515
8574
3617
6402
5071
2243
2476
9646
9717
6747
2565
5633
3862
3992
1096
1614
5332
5966
9350
7209
2697
3986
1971
9043
3722
6401
3305
5452
2601
992
7667
5965
4997
7971
4747
4101
4838
7816
7000
4987
7230
5856
6674
2961
758
7453
9531
4707
6659
6606
3251
3029
7459
6433
8180
1528
6602
4574
2680
8670
8938
7023
7045
8725
9079
6599
635
5890
9244
6995
6776
7515
8966
4363
9979
6840
7312
9009
8284
6269
6870
8597
8792
5994
7741
4638
8506
8564
9790
3219
7498
264
5136
8329
6048
206
8810
7949
3882
4159
6817
3640
5463
9664
9830
5735
4062
3096
6454
1339
4216
7593
6289
6411
1800
341
8231
1050
983
4441
8093
2070
6100
6025
9496
6511
2379
636
8314
9773
8029
9363
5127
4125
9451
3229
3134
9128
6164
2005
575
5410
2110
8450
9003
9905
3974
8725
6529
5707
1975
7760
6965
9441
6065
4747
7540
9437
167
3318
3356
3426
4781
6681
3309
4853
2466
2164
6959
8570
7206
9102
4885
8978
3865
2683
9960
7649
7022
9591
2536
3653
4107
2606
7797
269
2397
5685
8059
4704
5689
3696
8960
2846
8648
7149
628
5429
5140
4149
7438
1810
1765
7958
8500
2872
2874
7987
5575
3382
4786
9891
2415
576
782
9702
9318
2175
8883
3040
2455
6780
4104
2255
2881
3510
142
2039
329
6715
2054
4531
2508
2872
2152
725
1888
6148
4105
4925
7394
4410
109
4677
9917
5798
1281
8384
2064
8946
7830
8453
6546
2100
1694
658
7706
9509
5077
4990
2729
835
7657
8860
1327
255
7382
9543
8423
56
7814
3170
8069
3957
5645
8045
6670
9427
2337
7083
2229
1758
9975
1383
8884
3601
7985
408
1177
1493
3019
2378
1070
9115
2195
6559
6752
1249
3349
9662
8415
1738
9960
2007
1131
4659
383
2588
6454
3649
3988
8279
7171
7994
2761
971
860
6274
9975
7726
2270
6974
8365
6929
7037
5435
2100
8954
1762
9086
1292
5420
6077
2675
8667
491
1797
7967
251
4225
3217
5397
3953
7528
7505
4739
5207
3076
6354
1223
5699
477
1274
5622
7392
1441
3372
3031
4970
5696
2559
1429
825
7368
2356
8567
2201
4496
9326
2269
9174
2893
6023
5750
4508
6872
3020
836
9424
2297
228
9024
2599
538
3387
814
4146
454
5282
7226
7118
8766
2996
4554
1665
1787
4571
6585
5171
8938
2538
710
3749
4084
2049
2805
4454
5523
1114
519
8421
2536
3606
2673
5468
3535
8830
287
3981
1541
4420
1746
9213
2100
5151
407
9896
1468
4084
2720
2301
6435
5664
486
9759
9517
5274
8515
8489
581
6360
8622
9340
4763
8804
4582
5159
323
9086
8129
2957
4283
2603
3629
4517
791
1497
1648
8933
1641
2909
2985
1439
8393
8217
1985
6871
3120
2913
5950
8260
314
1798
3399
5181
5798
2406
4450
3295
569
5248
9572
2381
5955
9762
8018
3831
2034
5969
8968
8020
3625
9582
6847
7671
3374
7183
946
6545
6818
7710
2038
7410
3136
9868
2643
2485
9204
8448
8718
8384
7047
8353
8364
6392
3336
603
5483
8631
199
8154
4836
7151
3945
7929
4635
732
4950
5728
1806
8614
1459
7904
6476
2858
3210
2162
9245
6086
7119
5533
4627
3586
7250
583
973
5272
1218
454
4335
2770
1699
2315
6346
8664
2874
4886
3464
5206
5233
1910
7534
3475
6642
103
6925
9142
1876
5505
3182
1173
1358
9397
1511
4666
3527
1250
9901
3361
6956
9362
9514
4496
1393
9035
6915
9144
1557
7812
9984
8323
8697
4038
852
5208
7998
1151
6944
7146
3658
1830
3396
5712
7271
3161
1412
2302
804
1680
5136
1623
4985
103
8250
5871
2396
3037
2082
7606
3188
7781
7585
4064
5521
4859
2475
7320
8544
6302
6667
2376
4306
2755
9703
5126
5966
3801
7224
8232
7623
4612
8339
9877
2676
8360
3338
8594
5788
4981
2812
4961
9068
9337
3957
5877
4245
9331
191
2412
685
4091
3757
4501
5012
2759
7317
2229
399
3123
9904
8594
5813
3850
9982
8576
9441
7707
1387
7160
1521
3881
1531
3563
3489
1706
3308
4968
8797
3825
881
6634
3610
4812
7546
3531
855
3838
4864
9916
1043
1108
8194
2664
5076
4218
9147
5217
9354
5381
6436
6537
7944
3030
890
6803
2560
194
1011
3306
9451
2349
3432
6574
2242
3270
4983
1000
6303
6451
7721
5602
2843
1471
6117
413
5686
8867
8486
9271
2558
8090
5613
3416
7389
4344
8690
579
3921
743
971
660
2826
1557
464
8693
7675
1620
421
1806
9235
8147
8913
2903
7660
834
3693
6472
6913
477
1117
3692
1707
1740
748
1361
6735
16
9184
7898
4579
4403
7078
5560
5479
7060
2775
1285
1007
7423
2737
4065
8445
6680
35
4410
9176
2709
5756
6555
650
2218
3666
3444
9625
7279
8953
1086
809
9103
1957
7659
2435
2523
7226
4831
1069
3353
7424
599
8058
2408
5465
9489
7740
7052
5246
5027
1704
6337
2184
4026
4260
2629
7248
2361
737
3634
5935
8200
8107
1689
476
1903
5465
5077
1629
5922
9453
5204
3341
5823
5285
5156
8496
8242
6753
4177
5703
2572
2032
3926
9381
4471
6918
7931
3399
9806
5274
4864
4094
7434
7417
9223
2492
6369
1931
3561
4023
2663
5422
9323
5573
6500
2996
6361
8740
9103
4132
9006
5608
6559
7930
3362
6167
4180
2307
6004
4985
7533
1677
1823
648
4589
1109
5906
8405
6061
2663
2127
6310
3191
153
3040
7150
2708
8353
2880
1475
557
9191
4296
5673
6268
9256
7534
9504
4055
3055
8311
4061
5927
8575
6489
985
3599
8675
984
5391
7089
7955
2678
6440
2005
2696
2416
6406
4890
6212
3458
5827
9426
4528
4427
8342
7381
6149
4379
5332
3574
6402
4350
3006
4351
8065
382
4616
3663
2054
3550
4033
7369
7489
4386
2601
6513
7855
3667
3572
6839
1128
4613
7843
9596
2484
4635
1398
4148
8147
3603
7449
4296
5651
1816
686
3605
9672
2088
3940
2313
7800
2742
2835
2661
9425
8458
1937
142
1825
1828
9525
2482
807
8493
2446
1789
6506
3409
1867
3430
8983
467
5516
8451
6101
9736
1717
5672
3699
8996
6841
5767
9727
1258
9039
8385
1778
5181
171
4025
2697
1256
2322
6318
4077
4967
3488
7158
9370
8897
7098
6263
220
510
3329
7332
7226
4384
6560
9688
6741
6264
6442
2829
4987
3758
2755
9548
9453
4060
11
1325
3237
7842
732
7727
8145
9197
4373
1133
6248
4559
6302
4802
1897
577
5546
9216
7928
1706
1159
7393
8621
482
7284
6433
4813
9492
1330
319
2212
3940
7704
5310
8886
5773
3025
2378
9778
5602
9187
8029
11
5426
3440
2181
9962
1640
932
4409
8211
3538
1619
7747
2900
2617
2703
2755
557
4298
2914
8652
7866
4053
8921
2307
6854
991
5915
6123
7552
3167
9438
2326
2519
3130
7382
3194
7041
5102
6470
3172
8560
6920
2108
8674
2320
9957
2409
6269
3069
269
1821
5479
2688
534
162
5957
6505
1132
5326
8970
5725
4808
6857
5043
4099
9293
5227
9770
5234
9509
5714
5454
7827
9741
91
945
1945
247
9987
6897
8582
9646
3054
7283
1346
3959
9638
1985
2967
1425
6689
5908
9776
7500
7447
3752
63
7064
4574
3027
4729
2639
1034
3560
4555
6366
7651
2946
442
9216
4011
6257
1145
8429
388
6079
1753
9573
3697
139
9654
3242
6802
3809
2820
9805
5678
327
2294
6339
881
4881
5672
6960
2167
5942
8611
9494
2727
4979
6307
6692
1542
3750
7413
431
4763
1346
7111
1367
1998
489
3366
4435
3372
1487
5837
7225
739
4750
688
7324
651
4103
8335
9130
585
4184
6261
4446
7467
2259
6846
8717
3832
2962
1699
3051
6396
2389
5041
4331
3215
926
4340
392
1514
1237
3587
679
105
1386
8754
7977
4291
8983
6040
7439
5415
8282
9845
578
5085
2665
3900
9738
3643
4649
602
410
9788
2785
828
8350
9708
6356
4108
9725
9762
7942
7616
9348
597
5582
4340
6080
3505
8868
4426
4848
6921
4260
7635
8113
2543
4462
9246
550
7025
4601
6748
6865
634
3177
891
7319
557
403
8269
7934
4875
6315
7676
7472
666
497
9981
9503
8324
7820
6233
4775
222
5754
3488
5527
5150
2715
5806
5246
7110
3557
2699
5160
1194
750
8713
7420
4690
7021
5522
3101
599
6491
9973
606
6583
162
7446
2046
4480
9743
2225
9205
8368
1973
6642
4880
9688
5364
2168
7842
4597
3023
824
1317
3616
2515
6278
9916
1783
2561
4812
1303
2297
3131
4175
3731
5780
2882
8944
4988
5268
3760
765
7367
1332
3493
6792
9221
4108
3833
7731
9326
4852
7680
8504
7576
5667
8655
6990
4067
3884
7530
263
1919
4930
922
6908
5237
7797
2911
9099
6805
6419
7180
2573
836
2257
3457
9985
122
5723
7057
5807
7950
4829
5486
6450
4616
4627
6599
8063
7125
5892
4876
1104
7738
3497
8845
2436
410
6584
1555
1424
1196
4733
926
2906
7671
5106
7667
5318
2210
8669
6867
8344
6826
1722
2312
7089
9444
4471
2291
609
1197
4847
1973
913
1543
6076
4835
7339
3412
1020
9575
3538
4168
5633
4611
3216
3903
2579
8779
9509
6959
1281
5853
8455
9024
6532
4277
6015
1184
1755
2991
5938
4292
945
226
6348
2759
12
1362
1595
271
327
1905
1189
9094
3329
4175
1193
7111
9096
3186
6864
5692
2781
3650
9916
8994
3517
1888
5011
1799
8819
6155
1656
8029
3636
9245
3223
5406
8262
456
3890
1217
7183
9238
6631
9375
4664
9361
5695
2356
3083
8904
2087
8569
6127
246
1511
7294
310
7354
9242
8124
6351
9796
1452
4172
249
3159
5457
4083
952
5787
8848
8640
9296
5647
8508
3543
7018
540
4329
4156
6192
2655
8715
9914
4067
3087
1901
3389
7734
5928
5096
908
1214
5765
4865
7387
7785
2459
9126
1504
3904
1611
1403
7296
56
3447
9272
479
1738
7967
276
9769
3025
5086
1931
3695
1080
1537
104
7161
1258
2067
6349
5024
690
7940
7425
3530
781
1120
5757
4559
1414
2824
251
4580
1251
1419
9858
619
3814
1422
1651
9766
5652
5327
7882
6128
3834
1169
6307
6248
2354
1964
246
1836
5262
6378
6605
2115
6022
5742
9697
617
2209
5716
8354
200
4834
7350
2443
9660
1678
9485
3347
9835
416
6582
9372
5363
57
1297
9696
9611
4813
9509
2205
9450
2578
8414
9318
4873
4813
7742
4597
8072
1724
1033
7557
9935
6972
7682
1293
6483
8725
6646
4569
2869
8616
410
1420
8679
7006
1242
2058
4725
6046
85
5804
2699
3510
8904
7622
6419
8032
7570
4847
3935
4887
5275
8111
9383
9025
9436
8391
2375
3
3212
885
8166
4940
9336
833
2167
6994
638
7866
3571
5684
9872
2025
1638
5228
4857
6425
8068
60
4874
8450
1155
1799
633
7981
3341
2299
2036
9654
7569
2851
9683
4721
2833
9199
7638
7759
4174
8070
5454
9424
7394
9703
1275
8251
5014
3249
6472
4155
4167
3011
322
2314
5128
4762
9730
6366
4306
1354
7491
9867
4958
983
297
720
6001
5150
9192
2438
7589
7097
2251
9997
4605
5449
1056
1451
524
2382
2966
92
5826
7881
5487
4558
2528
7368
9593
8071
9469
1272
3453
2819
578
5587
4466
6410
9406
555
2249
9864
4057
4033
6565
7069
760
324
7709
9679
3705
8279
5842
1923
8388
7399
4040
7077
5495
5739
8191
8633
5557
1120
2969
6317
3644
9432
9419
9018
982
4645
2045
9968
133
3102
6034
1792
1315
8417
3798
2203
9658
9913
4365
1189
5429
1529
4431
3178
1546
7389
914
3667
2364
3615
4306
2936
1064
247
3425
1327
905
8691
8696
9060
6234
5873
1790
5285
1365
2247
5761
7078
1940
5988
8975
5644
6755
1779
887
2114
5001
6240
7471
3593
3730
8377
7604
6517
8796
3097
728
1068
4992
2470
1297
967
1216
5304
4955
9556
9739
9145
1813
9298
1628
3836
1726
6375
4640
8662
6181
9284
9359
1311
6326
4665
1219
5103
5329
7856
8269
5272
6489
8267
1519
4693
2085
9470
4690
8008
4427
1450
6824
1331
2374
5855
4426
8173
1965
9893
6651
1228
1877
133
6916
1444
1708
3680
6143
6632
9747
6113
9974
7098
1286
4467
2656
3546
7779
6934
1750
2256
1685
6632
4234
4730
2460
8027
8936
471
238
3046
3138
5435
1205
7040
3394
6355
1350
74
2984
8404
3327
8057
8260
8314
1476
9725
45
7906
3199
880
394
5030
8142
4394
9542
5245
5898
2186
8984
3680
4744
5671
6393
6701
2974
4538
5893
4246
1072
6300
2195
7704
3949
3345
8928
3627
8371
5920
3253
2734
7982
1029
7272
9357
2652
8107
7293
6810
7497
8149
456
9164
1090
9304
3660
7655
1663
1559
5339
6937
3831
5799
6834
6898
8685
2689
1080
4797
5466
5914
6873
9978
8932
6249
5697
3714
8399
7036
4049
4866
7245
9082
6748
2922
5843
3031
6613
4645
9685
1273
1964
6812
581
6316
8902
2183
4195
373
672
9962
7027
2496
1344
1583
1276
478
231
4841
3606
9946
9255
4627
7510
472
9691
4749
9050
3911
1054
5654
6075
6435
5111
4192
3950
61
9397
2615
7346
3513
9518
8026
6363
4086
7839
4749
7738
5164
1646
5365
2799
1772
1038
9738
2017
7336
9301
108
6625
4153
3132
284
9318
5018
3886
591
7384
7151
7632
1215
1081
7615
7495
92
427
1229
8263
3423
2632
4941
7010
3886
2264
5689
2854
4303
5396
5373
2174
6614
759
9288
5990
3192
381
9234
8707
1345
199
7247
7365
586
7532
431
4283
5184
4276
946
9311
788
9072
5877
7475
1684
7142
9246
8019
3629
2163
9583
5195
2011
4976
1018
455
1792
1625
4303
9711
1193
2521
6918
3224
5384
7575
6424
6353
1833
1405
7670
26
4450
6061
1385
7541
4881
1812
4305
6049
1134
1214
5078
9182
616
2052
5354
5609
6514
9975
2490
3558
9973
1234
8118
8267
2154
2653
2090
4109
718
2893
6186
2223
4493
9556
744
5949
3590
3476
5574
9980
7320
8253
8577
9978
7443
7736
2608
3332
2220
814
9839
1857
8915
4111
53
3215
7943
3118
5387
2227
9721
196
5330
8241
5028
2854
4688
1059
1307
9405
2018
3037
4400
2510
6238
1719
2657
8139
823
4418
44
8758
1888
9904
3053
4328
3308
382
9502
7529
8005
472
8089
3346
258
7123
2923
335
4949
4588
3047
1548
2024
2815
8795
6801
7456
6404
7872
8333
558
9803
2294
969
2182
963
8307
5426
5187
699
9546
4306
1556
3778
1399
1546
4948
1054
2252
9115
8796
2321
3190
6235
1370
8496
6733
9072
1108
6252
6872
6903
2510
1169
6970
8201
8177
7119
1163
9294
8815
7497
5148
4249
5041
8741
9991
8246
1416
7248
1853
6402
4152
8757
9536
8236
6613
6059
9598
3686
4230
9235
4317
8935
3827
2642
1796
387
6808
3197
3369
7828
9890
2957
299
1299
7173
8940
1193
2629
8504
8486
7656
3860
4399
469
2751
3752
1632
8733
1588
2117
7521
7477
5064
9580
3180
6212
421
2399
6944
9604
1438
8218
3879
4024
6512
1194
8457
8237
1063
7672
4865
6968
5182
5743
1579
456
4536
3358
9890
8043
8755
8074
1608
1251
307
2413
7893
719
8119
960
8519
8794
5684
8899
7048
9437
9980
374
3957
1557
5295
3394
7670
3916
7252
552
2294
9321
8000
2723
1676
7063
2508
8901
849
3364
6609
2627
3717
4098
3301
7738
118
102
9153
6071
1284
6282
8694
2141
476
4161
9400
8333
2748
5360
404
7692
3999
9754
118
8572
2718
5396
9284
1455
6285
6783
8050
3684
2827
7352
6657
9858
8256
7556
3276
7567
4763
1180
9268
6011
626
5859
2247
7514
7662
4175
6153
5488
2959
8917
8628
3962
3980
4729
5020
4721
818
7697
9786
4500
8232
5010
9314
3123
7504
9542
77
5191
2083
2836
2929
2818
486
4107
7946
6859
3149
1769
3793
2109
630
2561
724
3910
8723
2694
5878
3527
2536
8554
6748
7065
1394
4767
7779
5615
6544
9123
10
8119
4097
961
3405
122
5987
5810
3476
9873
6782
8161
1572
9049
3904
7676
3870
5670
4285
5403
4399
4809
3664
6550
2655
3528
6088
5864
1424
5718
6327
2330
314
4025
1758
5673
8012
9668
9156
601
7922
2913
9218
6004
6744
4375
6982
7698
3161
3718
896
2109
1329
1141
4724
5201
4455
7547
8306
9876
4034
123
4386
7758
3545
4452
7846
7547
7291
8231
9664
4202
6513
3684
7480
1485
5591
7659
9806
8279
6546
8389
2702
7706
4821
4217
1000
9172
9300
6557
1217
464
1361
9279
6567
7799
8527
1459
2459
2291
6528
9434
407
4929
4053
6694
5595
7645
3660
3238
9609
6795
7741
26
3329
5645
7420
6680
2936
9327
3452
8674
8247
734
7013
9199
2840
7233
7117
9681
2958
4131
5200
7515
1751
7112
7981
7773
3652
8127
8622
3354
5512
6061
6947
4422
2723
1334
5949
922
378
1847
8523
3131
8838
7854
1187
9673
7916
4853
3853
8362
528
3979
280
5478
1595
226
8275
6217
7663
9647
3027
4808
705
97
3161
2185
3786
2591
6476
1505
1283
6195
9302
1110
5607
2069
8676
3896
5925
8308
9856
8798
4273
260
2826
1532
5780
1469
2827
2497
3059
9732
3258
731
8819
3714
2425
8741
4692
9001
5887
5325
8377
2347
7078
4333
4676
9169
9870
9525
1550
4378
292
9355
9790
4229
534
445
7271
1629
6404
2317
9764
3979
8446
1551
2936
8571
2291
1892
9644
9934
9204
6923
2421
4531
420
1926
3181
8492
6856
6610
1599
3301
947
8680
9439
3903
940
4590
3180
1979
1469
3063
2596
3569
5561
4398
3901
5526
1397
6104
6878
7977
9881
1615
5173
3368
6934
5259
3808
8608
7263
8779
4772
9793
717
6462
3031
9765
2111
9032
7631
7700
8712
7664
8464
6141
4326
8851
8969
6022
8024
7654
7095
751
9732
3621
3420
9331
3506
6071
6969
5680
781
4571
4715
2690
8290
2802
2851
9099
1366
4136
3415
2364
8473
9178
9264
2216
3150
9032
9041
8082
6289
7786
584
9608
1683
4021
61
7095
3041
3699
6258
6040
2063
1950
6918
4141
2948
5774
7851
1523
5999
9870
4655
3888
4239
4730
2277
554
4357
1203
6181
4474
7029
8886
9390
2995
3987
5107
1006
4268
2740
5756
6057
7667
7877
7375
301
6522
2259
5123
9267
7376
1181
7518
2083
6419
3130
6696
5369
6953
1744
9507
2738
1838
7518
1783
9010
3176
2560
3923
153
7841
4767
3582
8782
243
3813
6988
6010
6863
4428
5754
8294
9234
1935
8805
3293
9511
6803
2971
9864
7291
9737
4053
2524
3233
3017
4219
148
6093
8364
7125
3962
8336
4969
1426
2608
7598
8735
1840
2605
6142
685
8505
2524
5989
1212
3504
9902
8712
8490
9499
6373
9589
4058
2862
8104
713
1058
5549
7225
9594
6839
9916
8499
7303
1792
9958
4264
509
6197
5694
776
4962
365
3722
6605
1231
1529
6534
2020
9513
4316
1436
7603
8864
752
4373
4277
2106
3321
1894
6540
3185
4614
3011
9303
769
6
5220
4197
1254
9240
9392
2515
2796
8723
1410
9223
335
6257
6872
9184
4523
3529
7712
5277
5402
2313
9634
6551
7418
5680
2157
7187
4302
9153
7590
348
7354
4419
5835
1225
6308
2337
765
272
4924
8920
4806
141
9341
5149
3941
5849
6449
2710
2016
9655
6901
7733
3900
8456
371
8669
6778
5573
7082
2204
8213
3642
1132
1062
1869
5916
422
5646
2875
2185
2763
7439
352
6481
7506
9493
7209
2268
1739
6307
738
1591
7137
7935
3446
9620
519
7378
854
7639
5559
5192
3190
2720
707
1163
9008
8279
3280
8025
5427
803
9835
9830
6891
9462
7380
7418
949
877
1459
4509
3834
774
1466
6621
6505
3197
7615
2248
5397
3043
4791
5235
6626
7571
4249
7632
5774
6343
485
8929
8988
3714
880
9934
1756
7306
1043
3984
2240
3100
6429
9976
6179
1049
1358
2415
1254
4085
4657
5811
664
1031
2627
2384
6011
4599
3204
9320
5212
9747
1643
4606
392
2530
5521
120
9894
1531
4865
9199
2153
3631
8
2296
6613
4814
9056
5577
6212
1834
6378
1688
1685
4673
8265
7956
1086
8496
3922
7157
4102
1723
8771
2492
1457
1823
9584
3649
5528
1238
2520
9722
9220
5458
3657
7032
1023
330
5770
1197
5543
7626
3107
3377
3369
9955
2920
5718
4265
7564
9033
1398
7608
7708
5097
430
4859
7516
839
4790
5230
5406
49
4974
9313
6655
2467
6227
1016
1232
6933
756
2725
2725
1614
6475
8615
5394
9122
1501
8902
3865
9384
7963
2205
1122
2113
1512
360
3227
2173
3507
9490
979
5966
136
7577
8133
4064
6713
7487
6693
4702
3032
631
8277
8672
4882
6094
8621
1815
9465
8393
9338
5888
1364
6022
2085
2769
8191
4542
954
5866
7789
9059
