5142
1500
234
5416
2725
1228
6189
8966
9339
7161
5074
4396
5214
6784
7560
6509
9849
6536
573
3877
2058
1724
7137
531
8901
3037
3389
8280
3240
5091
3460
8177
4164
410
6490
4890
1297
7088
3750
278
5125
9317
6742
715
2429
8456
8435
8941
3954
9137
3240
2062
3254
5188
795
3418
4363
9702
6514
9687
7838
7909
5725
4248
3701
6897
231
4804
293
2669
5212
2761
2786
295
8751
2740
4981
6421
8102
445
4601
4447
4325
4102
1850
1398
4922
8975
9614
3072
527
1594
573
4062
2439
7216
3592
2494
7014
5532
8224
3631
8648
1285
3925
479
9275
2959
6436
8054
8437
7941
1600
6069
5085
3391
3583
1622
2397
2303
1975
1256
5189
7221
2142
3617
2187
8723
7855
1535
9147
2486
9407
2570
2220
970
5799
3040
177
1370
2122
1962
2538
1560
4635
2586
9994
4503
8977
9048
3632
1970
96
4711
3556
6968
8441
1426
9143
307
8291
551
5104
4901
8907
5950
8534
9030
3849
4114
7591
543
1444
1026
180
12
8717
3629
2586
9556
3622
7684
9746
8806
7902
7177
2390
4695
9013
5251
2529
4372
3897
9869
3078
1570
6858
7636
2652
8685
4051
964
653
4862
1456
3089
525
9069
4530
3544
8250
4811
8840
9586
6684
607
805
6297
6999
1730
3559
3838
16
8597
1585
3218
6646
1575
7948
8609
3154
1080
977
3900
5504
2658
7030
4884
7350
4813
6651
3320
165
5469
7000
7718
5532
4310
3184
2471
765
560
637
922
5125
213
947
2056
3276
8238
6442
8950
1121
5921
389
7170
3834
4939
4082
4026
3576
5920
8947
2186
5078
238
3673
4547
1596
3866
7686
2336
8390
5476
7843
2593
443
54
8775
5291
1710
4974
1607
9111
8370
7701
2199
4244
5079
9830
3884
592
227
9157
8895
4845
1613
8451
5844
4886
6539
6399
459
9410
551
4106
559
5645
8077
7796
6727
3779
6164
8791
2315
8601
4313
9835
3815
7377
8039
9429
9468
1766
9982
7094
2108
9232
6581
2998
980
1991
4210
3888
8751
5310
4515
2197
8560
4263
7141
6554
6166
7282
3103
104
4427
1436
6842
293
532
1777
4635
8467
6846
7110
6931
8693
9427
3456
1998
1326
9063
5079
6816
4735
9569
2275
39
7005
4086
2115
1274
9551
235
1485
3262
2186
8662
9877
2666
671
2390
6288
2466
9202
7356
5742
7042
1641
8379
5822
2769
5104
2265
5815
7490
1087
465
8368
535
2152
1397
9836
6207
8416
503
5083
8231
5361
3847
4744
30
9549
789
1326
8935
2775
2613
7614
7379
3826
5233
8398
8625
8264
9345
6170
7286
4419
3994
2175
1720
294
9342
514
9274
2553
81
4049
8699
2272
7510
1680
7793
3635
5791
3220
4314
939
6879
4715
8473
2851
988
6709
6918
2999
1211
7942
9070
4332
7797
3812
1366
1672
3024
9736
207
274
2052
6381
2694
8563
8915
5107
6315
3552
604
4990
2472
6125
1855
6347
7540
9279
3701
8868
9305
2633
3595
6274
1342
2138
4978
4366
4474
3698
314
6121
611
6055
3012
4039
8886
497
2021
9910
3936
5881
393
3366
2394
6221
5470
2945
2476
1450
6271
2086
7970
4155
430
7574
6679
5777
5039
555
3585
4548
632
2616
3238
4483
4379
6417
3113
7815
7460
7042
7258
3791
4932
3424
2239
229
3880
5120
6667
2033
1889
3024
7427
8227
8150
6455
5624
5437
7360
3109
5458
1465
6324
9387
5248
7777
127
7910
1842
9052
9832
4660
3989
9228
4828
4179
9222
7005
5335
6449
1896
9918
3887
1552
2659
7608
5189
5011
6333
7923
792
7675
455
4351
1584
5793
7466
5544
8175
4462
102
5969
3278
7615
2201
7228
9034
8198
3398
3971
7232
8619
102
911
1212
5539
7577
4772
6728
7640
2588
5115
1577
3918
8260
2156
4205
9638
7643
9034
6712
3678
8830
873
6346
5927
6640
6272
9351
5431
8573
6990
1612
2361
690
2173
7573
9543
3138
6045
8216
2694
8816
535
1873
4986
4391
9359
9354
44
3022
9396
555
4364
7258
3554
9788
9228
4564
5285
8899
1304
5420
1297
9066
5597
3503
9215
3228
6086
4582
4661
6499
1598
818
4017
4861
8294
8999
1360
1535
7280
6918
9306
2408
9177
6435
7248
5103
7136
2384
8344
4979
7853
7145
6912
7273
7519
1468
6275
1483
5175
6131
3267
5462
8360
2896
8956
3545
3240
8692
1494
229
3204
3749
1619
4385
6114
8888
9889
9162
6254
4112
6092
3702
6237
9682
8645
4452
3906
6744
7342
6826
2723
9877
6359
1149
3650
3844
4047
6281
7478
3702
1862
8443
890
8115
1774
4104
5526
2526
1159
8630
1579
7113
5228
1063
39
9565
9224
8677
4250
4503
9639
6496
1350
4667
7505
3326
7389
469
735
2269
4840
3608
1684
2551
2250
7648
2812
8122
7908
4541
8926
1379
5584
8711
5247
5610
4649
5296
1110
4084
4620
5369
2030
2974
4063
5365
7092
6222
609
8447
6714
5056
1790
8889
3789
7970
5429
2676
8813
2390
6753
1101
769
9708
5577
8259
911
2639
9420
1895
8677
2093
9359
6650
7649
9471
1577
8709
8488
6884
556
6589
7513
9460
7827
3869
9589
6695
4921
7276
181
1972
6483
8719
7331
3518
4600
2321
7397
5803
4454
4453
6802
8714
9770
4620
5697
5139
1239
4318
6392
6719
4187
1928
1834
163
3588
1309
1881
1708
8670
4216
7718
2143
1714
6705
5610
640
9319
4131
4871
9256
1311
2684
2430
6103
9787
8798
9689
3206
8171
4449
5455
602
883
3461
7785
4554
6885
7167
9929
3290
439
5688
7133
237
6734
4658
7000
3065
9010
5057
5820
7108
9447
7136
5408
1502
9498
5731
376
4789
1619
8675
3536
4220
8761
7115
1260
8252
8919
1055
3754
2151
4202
1580
8816
5623
5551
2192
9368
5128
1798
6624
4195
3114
8628
8346
1155
3747
8053
6282
5056
1153
6790
5139
1670
1764
2151
2912
1475
9619
3398
8747
4145
7955
1302
3668
2906
7866
8319
9784
5951
7305
6363
5248
2990
4995
4479
421
5591
414
5960
7512
199
2637
5999
2600
5361
9062
9910
7052
3471
2639
717
9748
1730
3051
2479
6240
1812
4960
5440
3288
5427
8268
330
7750
4790
1542
2148
6674
7285
1730
7320
1061
3659
5885
8548
1507
1955
8701
8307
3843
7955
1267
6313
3312
6588
6614
3518
9939
2515
8239
8609
631
4973
2671
2085
1930
2306
8249
7810
3819
6914
3235
9766
1741
5318
9656
6089
5844
4503
971
4284
3111
6652
1597
5332
4160
1954
7018
1162
8176
8024
2209
4159
9045
3121
6689
6087
987
3800
6617
9200
3706
891
4488
6929
4720
1500
4572
7993
6932
524
7673
5436
1543
3954
5497
3978
3375
7339
7925
9976
5288
7086
9633
5794
4705
9076
721
8619
8629
3568
5102
2044
7885
1771
577
2220
2164
4668
612
2659
7381
9024
4229
7651
350
6772
2615
5090
7623
2710
2711
3647
5875
6641
3912
6619
1257
8693
2224
5643
779
5952
9364
3363
5422
5629
7550
9772
3377
3277
1814
8707
6726
5265
2594
6263
2857
1982
5444
7932
6461
5630
996
5919
856
1454
6169
1244
7858
3957
963
3470
2444
4968
1880
1429
9660
866
2228
4721
9222
2842
1713
4346
895
4004
6921
609
4046
7649
3762
9274
3249
4291
9181
5149
4956
3445
2506
3968
9459
6305
1914
9420
2314
8344
6262
1758
3384
1165
6602
1991
9753
722
8709
3619
3916
6649
5023
6852
4533
5559
7198
209
194
1688
221
8152
5786
6731
6472
6214
8359
8260
5261
2917
928
2293
2032
2551
7741
5163
7224
2881
1046
1771
9520
2526
5582
5562
1232
8306
8421
5654
9434
3900
9107
1705
9225
625
8122
8110
5971
6653
4692
387
3632
1493
5461
5792
2691
1623
4617
2472
9111
9370
8334
4316
9162
8422
2167
7695
2570
224
5498
8166
7793
2704
8826
1361
3809
9223
3067
1406
4428
9631
9191
571
8188
658
8139
8027
7064
9789
2871
9608
3688
5949
6543
64
5565
4790
2542
802
8458
426
5539
5747
1155
6525
2594
927
2667
4099
1982
3468
8555
3211
8043
9480
178
7763
6127
8503
283
4139
630
2780
7352
5889
4477
1844
6161
8761
5795
9018
6680
2265
2948
4001
4091
3444
9415
1662
8064
7212
5360
2965
7806
9403
1053
477
7905
7062
9885
7802
8662
4038
519
4318
9796
2759
8394
5265
2048
750
4765
3905
8304
2964
6787
6290
262
4041
5388
6733
8347
4464
439
3070
8778
7665
4973
7949
4836
4000
3938
9098
8875
7992
356
2641
1745
8629
4205
1331
5050
4150
9614
7313
2446
1455
4660
4842
2615
4762
214
3864
1673
3151
9455
4197
3599
7448
5539
2131
7785
445
429
8047
6811
5666
5029
311
2607
4146
4544
1632
9836
4057
1683
4196
4850
3125
624
7323
3004
130
5333
73
3785
74
7425
5723
8537
6158
9042
4297
3089
2074
3546
4605
3721
1566
501
6780
6425
4349
2234
8469
218
8582
4028
7616
1468
5258
9347
473
6824
8216
9126
7654
5111
355
4262
6737
8241
9305
1774
6449
5104
247
8542
7761
510
7078
475
3283
2623
3844
897
8655
7895
6864
9855
5203
6046
9808
4255
3279
6810
8568
7472
4873
2947
5891
9493
3365
7304
3764
8538
7120
2575
5785
3364
9970
39
6266
7106
4390
4783
6064
7849
2980
7318
471
9759
8246
500
9059
691
8433
5050
8494
9638
6535
2774
3669
4814
4619
7584
7109
5979
8859
5305
3777
6080
2110
3499
9884
5164
9779
2702
9865
8495
746
719
4492
7555
2476
6132
1247
2865
8244
3072
104
2069
4080
6146
6829
7195
6369
1451
2486
6805
7673
85
8989
7674
3541
4390
7648
4746
616
3895
911
5731
5184
9999
8892
5816
8282
6114
2338
8487
6337
4243
7734
5787
5200
1707
2000
5963
6670
2688
8794
8327
215
3059
821
661
1729
6817
4013
8085
8483
6500
2249
4349
2160
4373
6884
4080
7254
1012
8912
255
9113
3999
468
3430
2350
3202
2473
1833
2390
1684
8076
7927
5101
2584
5516
2125
9177
8230
4086
1465
2100
4252
3
9836
1994
3384
3626
827
4822
7919
8709
5657
3775
8538
9214
6215
2590
7391
8310
8526
4343
2180
5694
6798
8424
4321
9248
9576
8857
4759
4903
9023
6925
7447
8155
4860
3996
632
1435
8966
9576
1646
7010
4470
2975
2418
4151
6562
3370
9300
9534
1785
9920
5560
7122
9919
8557
3205
1411
7672
4136
4050
1969
63
3015
9686
8731
6328
382
4353
2219
1958
5956
9344
8950
2696
5169
1223
3823
6006
169
2685
6206
9557
5225
3118
9102
1365
325
8235
6302
791
9220
3762
4829
5526
9677
6947
1455
3289
3686
7823
6179
9016
7080
7575
5829
575
6609
4425
4749
7334
9381
5405
7502
1450
7843
2412
4837
9897
583
7366
6002
2147
8050
1428
2737
2193
4514
3424
3019
8222
9768
534
2320
2346
6505
7189
2476
7649
7288
8527
4756
5900
3485
8968
1409
3815
6260
3379
7682
7264
2109
1557
2705
6320
1821
4032
966
5652
4837
3636
6061
3184
1405
6527
7565
8847
3085
5156
4944
654
9935
7187
2608
2056
2609
102
8661
9081
19
8922
5932
1135
5742
5754
6112
8211
7828
6000
524
2473
6222
6824
2812
3652
2465
1571
4494
6958
1403
2561
730
1103
8434
7028
7328
4922
8948
649
3710
1719
5371
1885
5632
5915
7703
4925
7442
5651
415
9353
1019
7084
4632
2471
4431
3111
4375
8956
9590
1038
5608
1702
7677
7458
8191
4829
2701
8713
8425
1190
9262
7178
2289
8805
7101
4337
1192
6896
5949
7540
4128
8842
6543
2049
1541
3645
6471
5962
2597
4217
546
9992
1059
2671
6110
3668
4207
8174
7723
2873
2223
8728
7225
9224
90
3840
4794
5826
5369
93
1919
7479
3007
2049
6909
6765
5159
5627
5916
4545
8358
6739
6116
4207
643
9270
6119
9618
2694
3433
130
3018
9172
3075
5316
5400
1617
7318
1959
7700
8850
644
592
2503
2298
3066
6984
9009
5761
9345
8508
8579
2257
3178
4515
5484
2611
3017
8580
819
7721
5176
3132
1936
9962
8900
8306
9931
6732
1509
5147
7841
3668
8216
5695
7713
6146
3613
1909
7577
2285
7110
3856
3348
4924
1551
761
5994
8560
9832
2788
8599
8737
1139
9979
3674
7512
8656
2540
3397
4759
7053
2276
4252
4197
667
4910
4040
7482
6801
9337
8998
1108
1003
8534
611
1320
9783
7011
8411
8139
2312
1371
6900
8721
6548
9103
2529
8237
2021
201
7490
1072
8511
2817
5232
4833
9604
9150
4257
6641
6720
8511
1758
494
3789
7491
7734
2604
9367
2354
7729
1644
4129
5257
2447
5681
5375
5530
7649
1564
2380
5803
5461
6600
1847
7926
2596
8186
3301
5777
1715
632
2754
1770
1419
3800
9613
6406
4932
9056
1369
9924
8869
9667
2471
5846
6942
3253
369
9550
9457
4073
1501
2693
4260
917
3049
5157
8647
5863
4895
9547
9303
3590
638
7096
8890
2359
3838
8646
6068
8969
598
8593
195
2455
6934
5794
4128
6000
983
9342
7816
3750
6320
7642
9131
61
7509
502
751
4456
7758
9068
4161
1821
621
5279
9028
5375
6955
4583
9415
1723
3482
487
3475
2907
2497
1805
3983
7255
1028
2646
4879
5552
1730
5553
7269
2996
7965
8829
4849
3336
7895
1612
1210
1529
4431
8373
1834
1655
6765
8753
9045
6399
9926
6093
267
5832
4166
6223
7563
5704
6519
3496
3427
5112
4188
8608
91
5068
8009
6032
7409
8126
9733
6079
3828
1870
9277
1945
8476
4124
9971
2327
489
2274
3600
8479
5625
5637
5285
1437
8829
1742
1266
9145
6816
4399
8184
6098
7340
5822
8282
6765
3645
733
1344
919
6666
3847
2265
8397
6555
2221
7746
3438
5733
4191
3006
1153
1511
5709
2983
4454
9783
6571
7203
5666
6859
588
9262
9428
3686
3178
4604
2653
5842
3205
8682
9756
930
2681
1813
1778
3371
6887
4882
6607
3995
7827
3412
2625
1392
7030
4586
1631
2839
3828
6982
7074
3529
5677
4059
6077
4584
2836
4710
3376
7616
5093
7596
2527
5509
3250
223
8830
3895
1205
1082
2895
1689
595
1671
9032
7175
6637
8036
6655
8591
2973
9813
2013
6223
1608
6226
5252
8621
5735
7193
534
2176
1505
8991
8901
230
885
7116
8141
6807
5756
7736
1634
2745
4086
5384
2933
4006
5027
8901
7947
4800
8055
4784
4643
5279
5582
6304
3900
7024
4970
208
8159
4011
547
718
184
1604
2769
8801
6290
9520
9894
9848
2835
5236
8179
9267
2136
6223
3292
1246
3594
6834
9245
5734
4121
6720
4347
3621
4647
4581
3215
1117
1836
5548
9576
7622
2197
3367
5200
1329
1236
6226
2611
8427
4905
8206
1949
9406
7100
6315
4167
7677
3731
3724
6613
1325
4766
4813
6597
3463
7256
9147
4153
1709
6304
8776
8012
7286
5660
556
7070
8768
1023
1962
9
7367
4222
818
828
5915
4771
4941
6521
8332
413
5538
7385
8111
8934
8251
2856
7384
6770
1737
4072
2088
2072
901
2122
6129
194
4663
3746
6544
9244
5398
6653
1768
3714
9245
7102
3947
3985
682
8692
2315
2626
5820
1296
766
1391
9900
8351
7408
7700
9686
1998
9286
7890
7921
5294
3321
8695
4699
5720
107
1195
9977
9088
5015
8884
5617
4397
9688
1148
8908
3398
6088
3045
1757
9462
6252
9605
1356
4738
293
6311
6337
8844
9558
3400
7367
3878
5793
3950
3780
5252
9286
4961
8584
1119
2648
6732
6281
1881
5774
5503
8662
6259
8791
6287
5909
6240
6132
8458
9042
3716
7339
9961
5427
3796
4857
1133
9529
1614
1516
1738
8603
5737
7368
3656
4112
1127
4461
638
6813
9520
3323
9474
8963
4790
7648
77
52
3271
7490
1127
7746
7334
4908
64
7912
9325
9533
4787
6262
1515
7203
4666
365
4035
6899
2925
8891
5134
2174
4782
1779
5494
1644
9522
392
7865
997
637
6147
4779
1080
6257
4123
389
3991
1268
829
7304
5744
4787
1593
9673
4375
5297
2316
8657
9108
4928
7890
4723
1186
4918
1096
2708
9347
2252
5690
5386
9671
46
8327
8896
8639
1482
435
945
542
9976
44
5630
2095
1587
9390
7387
3189
2106
1118
6346
7205
1735
8756
6069
2746
1424
3593
6162
5161
1415
1042
1738
5578
5443
7632
5697
6459
2696
1033
2893
4862
1371
8114
9132
4883
2260
2627
9599
5527
3708
9518
7240
1134
9343
8180
7936
1289
2258
6150
7215
7888
4272
5784
9126
8933
8305
51
6652
3954
3692
928
493
1073
8224
1484
5833
3620
9624
1185
486
8797
3994
634
1452
1897
3801
604
6235
7262
9696
4407
4200
6546
3818
5004
589
5587
8987
198
6578
2208
5974
5644
1834
2780
9025
6167
2909
7859
2346
4315
1665
1073
5663
8418
3894
3638
4331
7229
5131
7700
3816
9390
4257
9285
6727
3947
7255
3219
894
246
4632
9425
4606
8278
2822
8349
8799
8671
2872
7634
7694
8375
4915
5381
2742
3126
882
5400
1109
6951
1255
1758
5066
8877
8391
6583
1387
2549
6052
5077
8912
9689
6965
2100
9682
2239
6467
7385
5595
5545
4838
5659
4357
7497
6
5441
4475
8876
6543
3601
3064
1855
2110
3942
8990
2874
4358
5728
9886
6239
6961
6250
2619
7794
8722
8004
1410
2815
5698
502
6659
3496
9804
5564
2113
5595
7401
7569
8871
2949
2108
2511
6006
2451
2013
7057
7579
3022
3109
6808
7880
738
7498
9356
8583
8587
3040
6562
8774
2001
4030
1659
3177
6040
6941
9567
2050
6545
1829
3395
5472
6789
6857
6936
4130
4450
244
167
5781
1665
424
8388
9706
8889
2621
5920
5998
448
6981
3525
2555
838
8794
6870
8919
448
9333
9965
5509
2445
5006
1034
1192
9714
1335
1091
3881
561
5225
4132
8342
2872
781
7109
1576
5642
1953
4288
3419
1021
3569
1601
9564
8304
839
4633
7994
9986
8017
3681
5116
279
4658
3335
6658
9390
7196
9991
7553
1529
2039
5436
5222
2848
5182
9682
57
1685
5293
3276
8495
5045
6546
4488
8876
3404
1470
2888
8874
6702
3097
3894
2543
1544
9016
8063
8214
7445
451
2185
8446
1961
6734
1889
8981
8132
6379
6716
3121
1157
4575
6308
4692
4740
5186
71
3732
169
4459
3253
7920
4308
1117
851
8431
8144
2892
3677
3832
7118
1468
2612
1234
3107
4830
6533
8311
4657
5506
743
7025
4753
9766
7717
2126
6789
9202
7803
6358
8945
4330
8044
2985
7197
4265
4138
844
5882
3457
837
5239
2701
2884
6002
9688
1963
5074
1584
9910
8652
1759
9075
4663
3716
6228
3166
4541
3400
8725
1642
8942
5089
7319
4886
2788
3423
9627
4036
8842
692
5689
2428
1199
4669
5503
4323
1869
3763
8028
163
1714
7617
7892
7706
7185
5255
3381
9268
969
1098
9596
7443
7157
1814
1894
150
5381
7997
3214
6265
2335
1037
2742
9217
2962
9331
7876
9993
8212
1904
1297
777
5371
8562
9928
1324
7196
9613
7701
7532
42
358
3067
7743
1095
8245
5271
9384
2774
5353
8941
3872
549
1763
7827
676
4875
8675
4743
7854
7378
3388
1056
9064
9801
8818
2072
8595
1886
570
2953
5768
295
5681
6222
1976
7970
4998
8121
4716
4060
8491
7218
2859
2962
7424
228
3608
734
9251
6449
8521
4870
9847
154
6654
9302
4003
7941
2277
6173
6676
7498
2204
2399
3173
3576
4867
5540
5850
2706
9876
553
26
3793
8887
6169
8196
6102
2377
8590
8464
7860
2635
4120
4431
898
447
5527
9568
2674
3967
7056
5844
8543
7384
993
5013
460
9789
3847
5360
8067
4884
6544
6572
7968
4843
6053
1266
484
1106
7900
5564
3686
7709
8815
4863
8084
7967
2275
3128
9340
5971
3176
8739
2820
4708
1483
6409
7894
1155
7736
6313
8529
3229
397
2976
6090
7547
6463
6054
4394
4260
9084
1567
6066
1491
2157
834
8568
6130
6929
2492
7513
719
6020
2095
1707
7804
3752
3259
3360
9643
3372
9329
3370
1587
7035
456
7312
5839
8772
536
1504
6220
8734
5079
6887
1608
2673
1328
2550
648
7841
1764
4225
5243
8799
7810
7209
8301
1268
8285
3795
3203
2694
4750
887
9755
8197
4478
4456
1700
3522
2728
7357
6393
988
1293
1984
940
5207
99
5131
2424
709
2711
1802
1608
5103
8126
2788
9225
3247
9010
4570
487
6740
8300
3526
3984
4191
7132
3410
8195
6871
849
7126
5112
4406
7831
4255
7506
5825
6268
3093
1169
3154
1370
2494
9982
2948
9279
4651
71
1689
5231
8453
4511
8158
6870
9652
2687
7766
8000
6748
8075
6688
6935
5552
9859
5585
6689
7201
7271
3871
5282
3399
6978
5917
3401
7332
5370
5806
3544
1035
4912
2480
3339
6506
1640
2396
2614
6954
7536
8179
1567
9739
7825
9519
5017
4481
6218
5817
2634
4396
6258
2077
7380
6199
6407
1831
1474
8594
4756
9537
4282
6880
4222
6964
1836
5594
3348
429
3912
7462
2971
9735
9665
9092
2304
5543
5574
7458
899
8919
1113
9552
3171
9147
4777
2835
5100
7140
98
9808
921
4019
2197
7999
3896
4686
5517
860
7683
9422
1132
5789
1905
5172
1425
6523
2412
8288
3895
864
6257
4015
7695
5837
8423
4730
3708
5074
2187
9001
494
6208
330
4103
6540
8951
7537
1666
5195
7617
25
4713
9775
1476
7787
5324
7646
7999
7722
8253
423
6812
3245
9234
3551
6906
6324
6360
9575
9166
977
442
8673
8682
8928
4924
5458
7802
8631
2474
8985
745
3092
6277
838
1543
4240
6219
8049
3098
7083
5709
7351
3933
8578
3682
2963
1095
551
9634
2626
1176
2090
6029
6639
9583
6040
1092
2547
2862
9866
9844
9368
5248
9267
9677
3719
6967
8396
2007
2665
105
8310
6477
2082
5268
3091
4739
104
5246
1961
4362
7250
8996
9847
7809
8655
7063
9638
1255
5503
3147
3671
5187
3232
7239
6340
2102
4665
8901
9962
5995
2699
8544
6968
2521
2866
5613
3946
1370
6491
1300
988
7301
901
5503
2593
371
5401
1458
1021
6656
7329
7141
6503
9517
6434
3123
3244
4843
8928
988
73
1203
5283
5965
1663
8706
2027
7325
4943
3041
3116
8267
4763
4202
2159
6369
4285
7728
4646
5968
6701
3207
7879
3305
8666
5557
2040
7451
6087
9742
2368
9103
2442
5503
1227
9785
2017
4935
3840
3887
8344
8075
6515
7979
3539
9061
2378
2301
7358
64
8838
5516
197
2959
4286
6866
3324
1978
7299
6105
6666
4576
1238
5200
673
4013
5825
9259
2975
2374
4351
9350
3888
759
7624
8625
6691
9899
9765
9604
3179
9738
92
6023
904
6852
8906
9482
1217
4360
6461
39
7635
7734
7220
3767
6837
1315
7306
9526
3236
3118
9325
4984
5712
9487
1628
9438
5335
5660
174
3424
2212
7694
2926
6927
4484
5215
4296
3820
5107
6343
8042
8614
5912
4312
1714
6153
3538
3856
1788
5376
2592
239
6368
60
413
5107
310
1416
5224
9468
4146
5556
4185
3036
7827
9940
4808
293
9283
1621
7018
3486
4419
6892
5076
711
9071
1400
7773
5475
5899
1479
3872
4798
832
1972
1326
2865
6514
9376
4904
2880
8596
5638
2196
2485
4428
2876
6484
1773
1344
3244
4572
166
8357
9106
5820
9475
4983
9701
6035
8910
3642
9749
3568
2666
1684
9387
2204
5854
8614
1943
3779
9907
6716
4138
4889
8780
4696
2590
6283
6195
4915
6000
4130
2655
6906
3705
6440
1725
6152
1851
7881
6812
3340
5994
9237
8847
2070
9530
801
5041
671
630
3158
9400
9464
4665
3450
4219
4217
7040
4779
2393
3418
9840
3994
7642
5618
912
5759
7979
2946
479
9701
6763
4061
6966
6566
721
4900
6042
6709
5165
1788
1242
5523
4284
2841
4729
3190
2241
255
2221
7508
9112
7071
5488
3394
3500
2000
1595
3228
1157
3770
2822
2094
192
929
6395
5339
2497
8098
2728
9318
8174
330
9613
604
2176
4316
9709
4800
888
7722
3518
7724
725
2970
588
9691
8572
3572
3066
8721
3305
2813
5552
1395
8966
9147
5330
3355
6446
9390
692
4142
7526
2902
9333
8782
7457
4884
1218
9183
2290
6794
2340
3435
251
5098
1368
7221
340
6703
6766
8925
5032
4006
6013
5360
4778
8218
1637
3028
8985
6354
8354
1498
7029
9376
197
7823
3636
1806
2233
3687
2354
3883
6431
6511
473
2116
1143
3867
7779
8108
3015
9742
2623
1767
9109
3520
6889
3973
4003
9239
3247
8190
197
5936
8439
842
6405
875
4901
3545
3585
8533
4469
3078
6571
1149
7575
9502
4887
2661
7074
7770
5248
876
3338
8611
8874
5262
266
6676
934
9663
7802
2994
440
4164
3685
494
8071
9631
5711
268
8966
4234
4523
4481
5273
9544
5196
7960
5945
7387
9085
1342
2165
5477
2941
9320
2597
9827
1967
1143
609
8224
2610
3921
731
1475
2638
2406
7463
7080
1430
5255
6950
6806
8803
1014
6352
8857
3338
9329
66
2305
731
3547
577
6460
828
4963
1223
4365
7897
8243
7663
4567
9659
741
1623
602
3750
3798
6906
2789
497
8864
5956
3830
4391
5359
6673
1926
2967
3740
6489
2637
1077
8303
7493
9063
3343
4270
646
7674
1183
3098
9183
3187
7591
2382
7146
8062
9391
5750
5106
9540
2423
7277
1807
1866
7591
6747
2068
5469
8290
9296
1397
4157
1753
5026
3490
1355
3247
2560
7259
9479
3151
9232
1605
7399
9681
2768
6239
2009
8212
8610
2535
7217
8633
6948
214
3799
6495
5626
1472
6595
2202
5176
9383
1887
1700
5025
1433
2565
8892
5791
4814
6830
8490
5626
6388
3190
5671
4408
2185
4822
508
58
7257
9680
6761
4180
5523
4804
4811
9690
4860
7621
1088
663
7277
7975
9848
9717
5699
4655
1335
3673
3117
2421
3795
5704
8726
3007
560
7024
8128
2087
3441
6650
6087
2143
7918
9703
5125
7520
9502
6628
7754
9201
931
7193
5742
7826
8349
8413
3342
5953
8708
7529
3486
6834
6941
4836
5884
1056
5453
2516
4244
7786
1562
2772
4179
4437
4576
5133
56
144
4592
8179
5153
4707
5919
3915
1490
6601
9961
900
4657
2146
3681
2174
3378
5912
3163
9252
5201
3082
3819
4068
2066
6986
2383
9967
7638
8158
3014
1305
3249
3215
8356
3197
1361
529
2375
8779
915
3025
3346
9282
1095
4553
7858
2097
4105
9388
9394
8267
1274
5324
9931
6973
6325
523
6112
8167
2323
5952
6277
3331
3587
8656
7650
1442
3789
484
812
2848
3536
4384
8336
2176
9736
4536
2973
7513
9127
285
5862
8250
8764
4747
30
7925
3283
1383
6872
838
4417
4208
6455
4963
6748
14
5695
2438
6903
6415
8308
3621
8576
6545
4730
6889
6987
7755
7237
1789
7549
8599
9039
2037
89
8026
4567
8839
8625
9724
8158
2406
3611
9973
8431
9327
7928
3373
5427
9721
8840
534
610
2711
1977
2241
9673
2219
16
3141
938
5527
4145
5083
3289
5817
5169
4418
4873
8721
5447
6856
3813
7178
8256
5901
9
8603
8113
5403
8961
3613
2328
7515
2948
7014
7989
6327
60
7848
8353
2347
8823
5484
8786
2631
8261
8528
6684
2614
4158
3510
8499
6705
4274
1984
6721
3431
4454
6076
2231
1070
4105
4612
4179
7324
3199
6629
2134
6274
7828
8841
4357
7024
368
3099
8032
8328
8392
5625
7640
1480
1918
5499
1245
5451
5114
5623
3241
964
293
4558
1872
3983
5616
7282
8242
4210
1305
1461
9432
1631
6393
409
4785
5316
9152
1474
6336
1175
3951
8393
5038
8829
8435
750
9151
8606
3367
8728
2210
7575
3388
1169
5981
3270
6968
374
1408
3086
4857
3822
7023
6931
6193
6008
5087
1509
713
5928
6298
3639
9286
2066
7013
1899
9519
3043
5547
4865
8130
9636
843
2576
9251
1856
8242
5223
4428
1515
8347
8778
66
3250
6317
129
1369
8107
2635
2427
5663
7642
7892
7438
2429
8570
8289
1322
4156
4081
3750
3925
4826
6542
4955
5221
2978
4446
7679
4336
7765
9863
7081
9198
7580
7520
3572
6036
5748
6883
530
1411
407
3120
9201
488
1743
3404
147
680
3567
6920
1067
346
7765
4422
3952
3524
8295
1096
7150
6922
428
8299
4661
5800
561
8694
9858
4908
4997
2253
5573
7272
3551
2338
3517
1705
7340
4467
3477
9574
4299
6998
769
845
8796
6734
1433
3157
3568
48
7740
4652
9733
3607
983
2108
8459
3401
9926
3049
3546
5238
5683
1313
1346
3794
6795
5426
905
2247
6183
3827
7618
7576
2623
3429
7529
3815
7004
3826
7261
6700
1340
4948
4512
921
7539
9943
1354
1409
3245
3939
4540
428
6028
9061
1315
9455
9498
5002
9939
6006
2252
1321
3865
3913
7033
2157
984
7554
4578
4643
6396
6100
5788
6845
3898
734
6801
425
6254
6851
4071
9495
9001
2244
9287
7190
1547
3561
2113
8073
4317
2002
3886
1254
4447
18
1083
599
3888
5382
8959
3800
6830
8602
7542
8439
4639
9182
5162
581
2654
9073
8747
3088
1934
2756
2320
1620
4625
9842
609
7422
5440
6505
326
4394
2214
4533
2398
3879
9650
6202
6536
872
7892
271
2665
399
4702
848
2550
2365
8398
1532
5419
5244
3254
798
9319
1690
7698
9463
5973
4046
4772
1536
8359
324
8276
3147
6225
106
6784
1283
931
6451
2536
7875
5196
1663
91
1920
6918
3777
7291
8244
9023
3908
1085
5081
1140
1416
5214
707
6180
187
228
2490
6099
6355
1912
2340
2123
1554
4622
2444
5580
7115
601
8967
2707
5378
5601
7656
1599
5777
2545
2196
6754
6528
2513
4450
9239
3194
2007
4809
4891
6077
5102
744
6223
46
1776
8840
9750
7750
9797
5363
9154
4846
2664
1908
3307
2118
2374
5761
5814
7557
9107
403
7641
8032
5735
9571
3842
7461
3101
8928
9547
9813
7553
9503
2012
9857
2744
2660
3602
6761
7905
3849
5979
7181
3041
1908
3864
604
1143
7120
819
6245
8995
7334
6969
4699
3102
8190
4311
2204
4998
2288
4648
869
5815
9341
7293
3160
9895
3449
9374
9713
2158
9052
9651
5258
4423
460
4991
3826
5707
3237
6317
5980
8109
3301
818
219
2534
7312
6755
4553
8349
1397
1763
5617
9200
5110
1365
3699
4614
703
709
7694
7746
1105
4087
9942
7682
1711
276
2641
3198
484
6497
1760
5971
8667
2760
2513
8523
7074
626
2583
6694
4820
1364
760
7289
4034
6057
9312
9094
1292
9212
5003
2528
8623
8234
7003
9214
875
2536
822
7035
4113
1355
7864
4900
2
9646
532
2350
8852
5175
7540
77
8125
999
2926
9741
3326
2652
3647
5653
963
3547
1906
1272
1494
9232
7347
433
5756
3299
7648
4537
9803
5547
2580
3465
3499
5860
7287
4388
5525
6962
242
6116
1671
4926
4402
7623
5308
7262
5887
8222
8889
5169
6071
566
9448
6592
3405
769
2298
99
6593
5552
7527
3002
273
2578
8418
9460
6241
7466
5365
9258
128
4001
3305
5789
9600
6568
4829
9723
5124
8494
7411
9425
5648
4633
9475
2014
4016
6907
2454
6517
2089
5425
368
4689
8588
8668
4652
1824
9205
5847
1020
8421
2857
9630
5041
2070
7260
3658
6991
6837
5940
2575
4974
8098
8140
8102
7354
5640
3102
6404
5444
9333
5011
8847
7169
4702
3632
8615
7201
931
1916
3005
518
9277
7474
8990
6567
6018
9591
7405
4753
358
9915
5617
577
9514
451
2270
6549
486
1314
9011
8721
2800
403
1686
3410
4009
2461
339
8437
8645
6457
6060
4921
2934
2057
5697
624
9150
1534
1336
6048
5697
1650
5085
9418
9393
8269
7654
4250
1362
2066
6714
9617
2904
4283
7717
8873
5787
5580
2558
3556
9252
8967
6108
3900
3855
696
7642
7457
4754
1645
7398
8952
9977
2963
3024
1150
5317
2268
4016
5739
4806
6089
7074
6579
9742
6442
2017
8651
4339
6823
4837
3570
8976
7779
6795
6729
5541
1185
5563
8697
627
197
9495
9717
4667
7762
9639
9940
1258
6566
3555
3519
1563
6818
8750
3163
1893
9529
4157
7413
8679
8990
3117
7931
6808
3828
9975
2198
6167
6295
5609
4132
6704
5319
5112
4609
6593
7357
1911
1980
6802
2076
7393
7773
3267
1318
2006
2158
9029
3632
4836
6012
7027
8150
18
1636
7079
1564
2908
838
7786
7441
3772
4963
957
9423
6814
6243
1705
4140
6569
4535
7617
2177
610
6602
1597
5344
4663
5490
1821
7817
3168
2535
1458
9596
7105
8554
5301
3476
7530
5028
4448
1072
4193
9360
8304
2429
6815
3844
4503
5763
452
4888
7062
300
8394
4849
7539
3415
39
1734
6900
7418
9017
9968
4272
1237
3504
1360
2317
8259
942
8229
6610
1541
87
6544
7983
1249
8297
9167
8528
819
986
6058
7365
8280
5472
1158
1202
2255
1015
1885
3437
5795
8127
7029
2055
4225
5088
7067
8925
5455
1526
6244
4820
2223
8278
5521
213
1850
6866
6289
5117
871
3205
6081
6432
2959
2603
5992
5764
2346
158
61
7244
9056
4792
814
3413
3057
4489
3758
6161
1230
242
3073
9292
4742
1237
5141
1
9950
945
9351
5389
4725
6767
2565
2590
2045
597
9096
1621
9095
1302
6578
5296
1464
8999
5764
7430
7464
2108
7155
7360
3108
128
3887
629
131
6789
1689
1721
7461
5991
5813
1401
806
4672
2519
2289
2226
8223
1367
2460
5393
2136
7065
9928
3663
7776
7827
5742
5473
7710
2536
7842
3789
1991
2281
4596
2880
1936
2458
5256
8907
7374
4159
3104
5488
5177
4490
6792
6480
3474
5204
9241
741
4694
1967
971
3062
3959
6965
2354
8962
5947
6248
9751
3454
7971
7611
8815
2391
7922
9409
290
5764
6111
3552
8018
7976
3961
4439
8485
3286
1034
9262
1998
2506
3295
7101
9095
23
1309
1534
8921
4970
103
6293
2960
1126
4408
9649
7517
7566
5674
4400
8557
4065
4913
3476
4629
1142
3949
2995
9101
9519
8479
9068
7927
6684
4249
7244
158
869
8516
8791
1082
6388
487
5319
5661
9817
592
6892
3567
4311
6921
919
7611
6634
705
7932
7592
9819
2471
7952
6074
8314
2433
9401
6491
1035
8365
6275
6876
7164
9490
6647
9050
6883
3318
2168
3577
9594
7814
4811
549
7056
9427
4789
2597
7560
1456
1293
5979
6316
9651
339
8398
563
2717
2767
3955
1086
8828
4625
1452
4316
15
6403
4820
273
1868
728
3315
8536
4354
7998
2004
7659
7403
9017
8887
7643
6803
8930
9578
7071
296
559
7512
9151
8249
8487
4165
550
8213
2491
765
3189
3359
6233
7041
3023
9968
2323
5691
728
7978
7443
1961
1653
8334
738
3160
3700
3880
6311
4282
9897
5046
4380
4020
9455
8891
5669
2024
3381
6562
2764
322
1863
7232
8815
4300
1169
1975
5863
7675
4479
3239
8850
9093
2852
8598
5858
816
7511
5327
465
6670
1902
8209
868
8142
8978
2212
7585
4132
4299
299
2309
4165
5213
7120
98
4420
9519
6437
1990
1724
8017
8636
9803
6658
6195
5286
1167
857
3032
4852
4512
8054
6097
6094
8420
3654
6364
672
5321
8957
4390
1731
3375
4179
929
4685
3880
5731
8499
1437
1297
1073
3336
8741
8653
3265
8405
4209
1947
3692
1044
6728
1099
9447
5787
4254
8068
9119
8700
6444
8056
8847
1115
3032
7334
6285
5260
5623
5728
1510
1406
5435
2357
1594
3554
3438
4717
7355
7441
5154
5248
2154
8725
1629
7912
7661
631
3928
8392
6674
6616
4761
7031
2055
3381
2450
9957
303
1407
2367
8005
2782
8481
436
2285
5608
4370
9504
5892
2348
9537
712
1677
3545
1195
5902
121
9486
5120
9672
5653
1332
7230
9053
4893
6645
8404
302
8213
1104
3481
4413
5948
5073
7149
2465
3672
8288
9344
2303
3291
1126
8035
6044
7137
5904
3083
3486
859
7479
2328
471
5183
1734
6714
6672
5552
9428
5543
5640
7204
4068
1291
4788
8866
5123
4763
6604
6395
8730
2229
1833
142
2816
6381
4526
3296
1185
1915
8989
3562
4917
9442
734
8776
3009
9230
4214
8359
476
6913
4244
2745
3703
5099
9223
9835
3247
7177
2014
1140
6478
7091
2129
5249
495
329
2366
5353
2187
3376
4366
7512
6554
2078
2287
4625
557
6012
5857
5892
549
8244
5918
1817
7984
9087
6438
7717
7158
4691
48
4007
9900
7848
7083
7826
7313
5484
8280
2680
6863
8860
6172
7100
2546
6732
6191
1625
2811
4597
9277
7235
1320
6122
590
8234
1172
311
7264
1407
3890
4649
8195
7495
3327
359
7611
8705
4995
4460
7311
5072
7731
3176
9029
1688
2072
8817
9271
1252
2896
4813
4905
2560
5413
2813
2687
3778
7257
8848
6654
7002
8220
6873
8790
2214
665
8676
3773
2186
9120
7485
6630
8351
7286
4205
9504
8144
7093
8902
6161
2354
1040
6011
8510
9077
9743
5634
2082
513
7672
3833
1448
6146
7806
309
6852
857
4386
6815
1022
3396
5044
7084
2132
5410
8182
6554
5274
1208
3309
4542
6685
8355
2687
4299
5961
2208
8362
9713
2470
5031
6593
3259
4514
5286
6037
483
544
6976
7352
8646
3758
277
7879
2765
7310
3955
3878
3100
894
3188
360
873
7204
3129
7148
3092
3459
3507
4347
4643
2494
4673
4344
5991
6802
1784
2569
6846
9372
7699
6010
8297
3855
4662
784
6407
476
9922
6989
2005
8330
5262
8818
9281
4670
5720
6055
1385
8138
2945
7024
7037
2628
2709
6151
9084
5933
1887
5962
5525
1386
7032
3727
3195
7178
2062
7017
2541
2344
740
2616
3537
6518
2342
6313
7232
5854
5062
1321
1082
5729
1184
8708
6427
674
8972
5668
1146
8510
1699
474
8588
3959
1463
619
1298
1535
5623
2102
2607
8702
3513
9040
7397
328
3487
519
286
6396
8919
3230
870
566
4880
9796
202
8323
7299
2521
8206
6394
5871
4031
644
266
4027
9577
5054
1722
5015
5697
231
2960
8713
2379
2215
2143
1310
6098
7186
8453
5382
4750
9591
8469
9603
8022
9079
1666
417
2974
4235
3102
3896
6213
2831
9482
8395
7130
6301
3910
5464
8563
1380
3222
2999
7910
1852
2500
7581
8058
7012
1200
5334
9752
1012
1120
4439
2175
663
6005
498
3388
1305
2040
1461
7128
9063
2499
9548
2733
3747
4180
9797
3276
2989
6818
3369
6368
5470
1693
6169
6578
4085
2358
5961
3034
7767
4144
5201
1710
5042
6220
6467
295
3411
2075
7257
9340
1760
5870
8847
9353
2952
4848
4310
2832
1403
2058
6763
4193
7751
8071
6705
8970
9835
3919
9303
8947
6079
8427
9360
4918
7298
7838
7690
7527
7712
9501
9864
913
9560
4029
4607
9599
2845
6816
3626
9236
8048
3128
1631
5709
7381
1007
3958
6971
9514
7497
460
9492
2772
8310
3260
3333
6509
3928
2055
5113
7157
6782
5119
1901
2193
5849
4632
3722
3463
7106
6124
3019
292
66
898
2951
6796
3651
7537
6290
3879
718
8013
215
9041
371
8141
1249
769
1274
3089
8917
4761
8513
2079
1265
8008
9729
3515
1531
6374
236
3508
2408
1372
7441
9199
2705
7411
308
6537
2858
6390
5764
1233
6438
8769
4904
2860
1821
7707
3383
2953
2188
4016
7207
8258
1779
7987
9633
4942
7066
135
6006
9915
3643
7210
5604
8842
1600
1172
5436
3837
460
4737
231
2526
8996
7279
5640
2495
3103
6869
1693
3824
2991
7283
1319
8392
4165
9183
7419
4718
7778
5366
9470
2722
384
5849
7590
9228
3165
6062
1259
649
2271
9545
2493
7451
3784
4680
9261
4500
2346
7138
1838
197
8441
2182
6923
6360
5890
7211
4676
2417
3752
717
6059
5093
5266
7508
2142
3147
9688
6411
9329
7041
5609
1044
1552
3446
4789
3868
4607
9485
9921
2919
2371
640
3527
9273
4281
8202
8925
1229
3337
5953
1385
8842
6897
1553
3486
7399
2184
6275
2538
6114
4812
5935
7808
4796
4587
7397
629
3477
1570
2022
2603
5191
2495
833
8346
5419
1566
5993
3227
3939
4221
8458
3074
3376
5656
6766
4146
9998
9960
7390
1683
8332
6946
3806
8107
6436
2832
8730
4685
6884
7572
5447
9659
1314
3349
6193
6346
6064
3207
8067
5832
6190
3048
8598
1892
6353
2860
4432
9140
7820
3250
630
3517
4179
338
4271
8244
8689
2726
1910
2587
2836
1308
6343
6366
8773
8799
1759
26
9463
419
8082
6791
1893
1558
5493
5283
8348
1913
1753
3575
8399
9590
6864
3633
6941
1930
5479
976
9078
7949
7657
3338
1297
5479
2996
4882
6705
2232
3119
7553
1101
4405
9677
7400
5167
3839
1624
2621
4845
8988
9896
6775
972
8334
4187
3245
4443
2709
9424
6843
3319
783
947
1513
2762
4744
5494
6413
8561
610
8578
6115
8794
4199
2474
3994
9913
9463
8465
3102
305
2857
6130
90
8052
882
2365
2962
1292
9750
439
3995
2807
6276
4234
317
3457
8163
4638
423
8345
5211
4060
4234
409
3780
7980
6772
5860
192
3332
4979
4244
6322
6537
462
4652
857
3461
1879
2378
2531
5120
8810
171
4583
3308
2518
9965
2156
536
1749
4824
8042
4756
5094
8797
1895
9680
4272
2901
5593
7102
1099
6417
5459
9751
6485
9739
3771
5664
2600
4701
2759
8044
5813
91
5249
4063
5826
472
5462
6806
3703
9656
1582
154
6201
1565
1442
1665
2757
1177
9189
8977
6785
5429
4020
2392
4711
4832
6823
2779
6194
6492
7936
7048
2065
9998
8943
5003
3547
7832
3854
3799
7439
8786
3399
1443
4835
5305
3549
4919
8296
2106
2907
1423
5512
3781
1258
384
6070
2856
9351
994
3649
2683
612
7210
1720
4534
8089
6203
2622
6439
8117
4924
7322
5389
1538
7999
2029
2577
7557
9406
1282
1903
4482
4087
3584
6512
1535
8283
8739
8558
8933
691
8480
2859
150
4755
8174
6188
9722
300
7216
7345
2297
1856
3989
7983
4100
122
2243
3259
8354
3493
5298
9945
9711
1746
8200
6525
3626
5207
2999
9805
7464
4063
7506
7426
6443
4462
5239
6783
9824
5841
2854
7257
2189
3937
9605
2625
98
5601
2412
1412
6040
5479
204
5439
5392
8535
3148
8404
6554
1649
2561
4515
7301
7410
9880
8234
4350
6563
1539
9637
4883
5460
3434
2512
638
8040
7755
5773
2140
5575
6426
8024
2794
1586
3765
1985
3859
2066
2033
7907
1314
6835
228
8175
3279
8339
9956
4779
4056
1371
8275
3534
4061
2775
6529
579
2044
7691
4801
7351
780
7374
6263
979
5222
4536
1720
5715
3645
7895
4374
2284
4529
3631
8322
8048
5231
5258
9233
2298
8084
2976
1717
769
7299
2891
3963
19
5056
3185
9940
6168
7264
4681
7127
3940
571
9249
2953
8742
6618
4241
1133
6160
6996
5991
9004
430
4452
8480
5348
6785
8457
2502
9267
7803
5657
5493
3679
2330
573
1700
658
459
7955
8206
5019
9848
6503
4382
7476
5981
2305
490
5679
3843
1842
5556
3773
1308
3886
3533
5567
6576
7836
3154
7710
4761
5414
9323
8283
5078
5569
623
8168
4918
3583
674
8205
8789
971
9156
3926
70
1004
9366
4480
7967
6822
5423
5961
100
1720
2371
8443
7040
6133
4082
2623
4801
496
257
4433
7180
6099
2398
412
1682
2321
761
260
1168
7350
4983
336
4730
9607
5497
5571
8470
8674
9743
7939
9991
3362
8182
3357
3198
2179
1128
8784
9500
8051
3404
8293
713
4722
6746
3970
8605
8954
2798
5645
6061
5162
4793
2750
6736
2034
3712
7433
636
8510
4152
6127
753
2318
4442
3817
7917
9040
7213
9502
1193
1977
759
3117
3946
6690
9622
8
2861
1526
6966
9515
5875
4097
1878
4828
8568
5432
6621
1164
8467
3695
8147
990
3898
7277
7540
8395
279
2928
6053
9565
1740
3296
4452
4083
4403
1675
8803
46
2411
3704
4572
9110
1543
4637
251
6655
440
9614
5248
2484
2419
6049
1035
7498
3829
9768
9219
6669
9149
1227
9728
9932
5472
7401
7775
2579
9645
7794
424
6892
6628
6574
8752
4762
9122
9037
9446
9261
7026
885
7954
664
7679
3568
7145
5690
2260
6954
253
4634
2456
2134
896
1183
3976
4639
3637
4142
6861
7671
7009
2646
9190
8355
5856
5845
7296
6272
8375
4792
321
9958
9643
8264
3272
9064
2253
1904
255
2084
318
2691
7540
5790
4436
4493
5677
7569
786
4483
5399
5303
2399
9354
3875
5308
1474
9323
7712
1300
8394
5987
8578
5461
4312
2498
2491
2632
7910
4912
2386
1733
3887
4777
7352
4318
5105
3399
3919
1362
167
9727
5486
3892
9392
5018
7559
288
4389
7964
7589
2930
4191
8955
3690
4331
4112
2079
1477
1937
2002
3045
9658
5874
2097
3666
1416
7621
2001
9556
203
8074
5403
6349
1132
8666
501
4686
6068
9294
4939
2202
8243
9946
7322
9455
7541
4931
1087
3021
205
3026
1922
1982
9360
7122
69
9612
1795
5726
3601
9937
8287
4832
7760
9514
7526
7841
7822
5023
3829
9426
6010
2183
6997
9799
4802
9711
8551
2641
6124
6485
6533
8979
9350
7176
6152
3420
6989
4010
8597
888
2891
341
5693
5001
3915
3410
2185
7807
1929
9699
7109
6064
9191
779
7015
9738
4984
9560
2320
358
1060
9153
9601
7115
3404
9307
5481
584
3362
4105
851
3812
6426
2941
6534
5668
6489
1995
5883
1391
7525
744
712
6425
9376
469
9788
8570
161
6413
8436
7429
1690
8239
9827
3737
740
8577
1597
4608
7928
1601
4445
7823
8847
3296
9638
6250
4245
1346
3249
2988
3676
928
2832
316
8441
3176
7739
2934
9519
6910
422
6949
5669
3422
2122
8186
3113
2796
4928
7912
398
1275
3462
5923
6299
2888
7577
6079
831
3537
4325
8815
3164
5447
3752
761
5406
9510
5296
7564
837
8663
5089
1017
1179
7496
2153
5425
1174
1451
3136
1448
6417
5336
2590
2401
7465
6909
4017
5552
5598
1660
2103
5981
2585
1607
3784
222
9670
1360
2780
3602
7500
7364
7075
1734
6185
2445
4744
8802
734
2152
4904
9380
400
2877
2397
7827
2856
1350
3295
8497
5492
9743
1965
9176
6559
9107
8432
9571
3711
1931
5755
9813
8670
9533
3947
9053
8261
855
6215
5020
2165
5214
4817
3446
6756
2723
5580
9707
9210
5956
7365
8319
8065
4283
8109
7757
5399
7898
5175
7077
4013
5172
5091
8803
6397
5090
709
866
8930
3344
9566
2000
5134
8275
6332
278
4925
8518
2419
3836
3527
8724
361
7754
4566
7435
1748
4387
1424
6190
3653
362
5680
9138
1007
6993
123
6014
7048
1666
2014
4713
777
5866
6390
5364
3184
9790
7950
7831
2831
6880
5478
1338
3550
5288
4810
7336
4237
8961
3341
6321
9442
2739
9690
9203
6320
5996
7267
9339
154
8910
1470
753
1822
8813
7947
4495
1364
9201
4251
1958
6436
3592
3358
6773
4884
4341
5587
5719
2182
2786
1777
8087
8324
5692
5271
8037
6176
7187
9044
7187
2522
8611
7676
3920
5410
4725
9516
4737
7340
314
5972
5036
4709
1383
9884
5850
9381
2916
4319
1978
409
1548
7156
7368
7133
3382
2428
6129
3541
9909
8319
4176
156
7063
9435
7825
5915
9437
1363
159
4824
849
8378
1867
6813
6741
3377
6941
5808
9420
8655
3259
2868
7066
6777
973
1455
308
6787
2027
2296
3387
1196
7431
1995
1795
4880
7646
1947
2059
9935
9944
1552
4160
7153
9560
3170
5288
554
392
5
5487
321
4120
1253
5059
1308
3089
286
8461
6369
5606
2649
9335
7862
1437
9653
947
9872
5018
1861
5731
4993
3749
9485
8711
1706
8708
9913
7217
7803
6166
9754
6395
2022
6808
3066
7075
6177
6935
487
1790
7360
3485
5689
4328
7294
2217
6297
5715
9907
2223
5415
5536
8530
4273
494
6572
4635
2542
3353
2600
3176
3068
658
203
5852
6254
7313
1053
8371
2577
4769
2937
4530
70
8371
1507
8059
5157
1417
9489
2410
4197
7310
5580
750
4217
7864
7748
6314
6494
2440
3635
3581
7886
8614
4291
2827
5486
8475
1039
4903
5243
7344
7329
7453
2478
1005
8459
5902
8986
8512
9477
1124
3863
189
8978
5758
5077
9452
1634
8389
9564
4739
1877
137
1134
9355
6644
1456
4079
8680
2573
6681
377
4585
7167
6852
9980
8126
8272
3212
9404
1845
7328
7981
2962
2510
9718
7696
9635
8533
7749
6033
6841
2649
5338
504
5467
7191
6318
3122
4361
7003
1822
305
5938
2795
746
9278
3022
2126
5777
6950
1180
8422
8984
7718
7410
3895
7175
8623
9637
8947
1821
5546
930
6539
9840
7727
9246
6662
1385
2789
1807
5149
8850
2401
23
7022
2042
166
1763
440
4674
7509
2755
798
4853
8418
3665
7619
3094
1571
15
7695
3485
5413
5182
6276
9375
9398
2955
3018
31
6360
740
2988
5142
6030
9571
6583
7695
387
1853
7008
6859
9197
4273
4311
2791
131
1686
1422
4062
1626
3568
9814
2773
4112
1664
3437
7218
3746
7647
2643
7211
8745
408
8314
6769
9767
5655
8823
8846
7081
9924
2706
9718
3007
835
4288
1140
870
3485
9243
7712
1533
8956
8404
2791
925
214
1030
4366
6134
9364
3948
2740
9209
9797
8114
8788
5959
7542
3023
4475
2863
2575
6981
1702
861
96
9766
3277
7375
2297
6348
261
8403
4931
5677
9788
2004
5522
5843
9552
4625
4456
2712
7716
5975
9965
508
3209
2720
5499
5180
3327
461
4767
4849
8957
1974
6701
1929
828
448
7752
6990
3836
3016
3687
4337
4278
4119
8326
6784
437
1699
3470
9850
8406
9863
9264
5727
896
9587
6557
557
1875
7116
3020
9800
3635
81
6720
7814
5302
3592
5014
9104
6873
7465
8875
4700
2288
5628
6230
9089
4394
8715
4743
1628
6990
4917
6442
9093
2709
973
1033
1241
3891
7194
5114
6720
9995
3886
701
4196
7399
511
1481
6844
6684
4366
2977
940
988
4564
3439
5267
3356
7467
6163
3160
2373
1392
2809
8718
3639
7626
5104
4328
2558
3773
