7591
4508
5583
3957
515
6185
3412
7068
8978
4582
3916
389
701
4547
1282
8982
1026
5614
3134
7048
5621
2789
4318
4828
9799
8298
3798
2255
4397
276
7879
4659
4664
5261
1437
5782
5533
4373
9020
1311
5939
763
838
8380
6288
7750
9726
8845
3455
2660
9943
9293
5216
4439
2188
4802
189
754
4158
2216
2387
1157
2671
8702
6703
9256
5724
5439
3110
5500
3448
6652
6594
1823
1109
4857
1950
5937
8539
2049
8572
4953
8800
1736
332
8585
9442
225
3073
6634
5592
4778
215
6803
8924
4781
8092
2136
1677
7031
2025
4286
5734
7955
9212
3291
2699
3393
3329
7331
2852
4252
2215
2109
3644
7434
2356
935
8369
8117
9814
5499
2366
6476
9907
8669
6437
9790
2899
6327
6764
9814
4260
1508
23
4285
9218
845
2523
7041
5886
6048
6895
5741
3782
1340
2563
8106
3158
1489
2425
7156
3766
3559
7217
6525
1920
9258
8047
542
6853
2908
494
7002
566
3037
9991
707
2085
9359
8215
1511
8411
1328
2231
3765
8604
6624
2693
8567
6105
8331
6631
1409
3902
9607
6047
701
4290
3498
2365
9960
2798
1980
187
2978
5553
9893
5174
744
1348
1856
6020
3799
3274
914
8745
2438
1327
3451
7921
5295
6564
9479
4437
8522
6276
9085
3099
959
6990
9290
6416
8586
6994
8255
8712
6430
1140
9252
8211
8711
1450
1949
7219
4249
2310
2832
8134
2987
862
3608
9373
839
5577
7069
3395
3319
7543
1665
6701
6468
6793
4215
3753
2058
5440
7433
6805
5019
2201
2314
1298
2075
5239
9209
3845
4615
2259
187
6212
3444
950
112
96
3381
9916
5577
3009
9924
4859
5393
8886
9474
2551
1743
1918
7234
8195
5161
8808
4876
6026
3115
786
8547
2310
7298
5599
6367
3224
8780
1059
7355
5453
3257
5517
6681
4119
372
2141
9863
4424
6880
160
6808
3427
1823
9524
3496
7291
6610
6419
7098
1379
1335
7417
7834
9325
1548
1071
2618
9977
6642
6700
6078
4334
1531
4021
9294
6225
5236
3115
7823
3019
8945
452
9146
2955
3978
5120
486
7774
2102
9075
6613
2360
3960
5976
4117
5839
7683
7355
2570
9300
9523
9885
7781
180
4081
2474
1896
7802
229
7271
2054
3495
8596
4079
2434
883
8271
4879
5347
6428
584
4843
7875
7567
86
3717
373
5554
9903
3454
8542
7881
544
8522
3495
9059
2671
8965
8873
1503
3223
2684
7544
4831
7020
3118
3764
9881
3542
3234
7567
2803
2007
6142
8715
4680
2010
213
93
364
2101
6342
7898
6775
8729
4173
2950
73
583
3374
8211
9305
6005
3843
3204
7899
7299
3044
547
6968
9953
491
2012
6668
5887
5738
5874
4402
9806
8815
7049
2457
8872
8509
9402
6881
4785
769
6102
2846
167
3690
9297
167
5022
8261
6798
8163
2937
816
7380
8966
9666
3124
410
1609
4330
1229
887
2990
8299
8548
267
1768
6325
5754
433
7496
4441
6323
3113
6529
6941
7700
6801
6263
1193
1844
1646
7625
8940
7710
1464
8990
1434
8082
2791
5747
8098
7793
2551
3556
9881
3111
4547
1618
3423
7529
3842
9268
7828
9301
3722
6613
7702
851
2024
1965
6322
4147
416
2485
9583
3261
4050
588
7083
1276
333
8242
2962
4685
9397
6647
3772
9557
6647
3830
3152
5182
2840
3664
8001
2377
9797
9638
3987
4850
1288
583
6058
826
9424
3950
7377
65
3972
6620
9061
3958
4535
2146
7195
5600
6305
3142
9903
7074
2841
8144
4203
8193
8812
1140
1307
6751
4483
7205
3464
4411
6601
2232
9987
9750
2183
2136
5260
5447
9270
3706
5585
27
4768
9193
647
693
6468
2401
6071
6654
9734
6912
2009
3144
6380
7864
2013
8284
2642
625
5581
6766
3155
4650
7357
2302
2158
7445
3416
4169
7882
4456
7804
9134
2558
4175
3424
9618
492
614
283
2082
1134
6809
4676
9688
223
6843
3369
4318
123
6975
2804
8645
8125
8819
6871
118
1836
8345
8534
9023
8985
1902
8771
5278
9108
2874
585
2205
4439
2394
7792
2028
342
3499
5632
6346
9974
7669
2078
5315
4075
9097
4046
907
1651
9158
1009
3739
7303
3306
7782
2147
2079
1259
3097
9231
8037
9397
579
7349
6257
1164
9879
7728
9183
776
8303
4626
3186
525
144
4166
6266
3218
4947
9887
7856
7864
3626
9950
1865
6846
4901
1133
4611
5644
9948
9082
401
6400
8308
576
7089
4729
9058
2910
9218
6317
1723
875
855
6382
552
6777
3161
3615
5880
8860
6311
3209
1375
173
5771
629
5484
9410
6262
8745
3116
3538
827
9221
4224
6786
2217
9568
7076
1537
4160
2037
669
1538
6141
2750
9094
5482
6294
8124
7971
996
9764
1087
2770
7192
5025
8135
4804
6460
9244
9647
6647
472
3201
8184
47
1634
2158
3766
4560
3593
6539
4342
4700
4274
2540
9837
4031
3020
1534
1
3116
8138
773
2120
3774
9740
6450
7032
1761
4081
4763
616
2292
4513
5389
196
8336
7956
2703
7460
3323
2527
3563
4378
4457
5422
6387
8495
4651
5187
4103
1784
4925
9242
6530
8509
9698
1080
4410
307
5183
5126
2004
478
8830
5922
2049
186
8885
2343
1500
6075
317
4074
6678
588
4574
6395
7663
8352
3352
7955
2380
6573
9978
2978
5690
3049
7982
6879
498
7255
3545
2395
2276
8197
522
3085
5548
8534
3372
6200
9610
2308
3686
8028
1467
851
2564
5941
3934
3303
3417
6058
6954
7228
2745
5431
500
5851
231
8999
2203
2005
1845
4245
2529
7921
1797
8480
65
1489
847
9129
4979
7151
8344
71
2887
1950
1511
4839
485
2041
2945
7194
3838
7487
5440
5048
5452
5091
2585
9696
8302
4372
3996
7604
463
9441
5498
3545
9053
4084
5875
2445
2455
4288
1079
9802
8883
2673
2544
8549
4340
5392
8514
162
9060
4650
407
5042
2480
6748
3028
4974
8904
1150
826
606
3155
740
9608
3445
6451
7965
5786
6400
6165
499
4739
9549
6408
5638
6165
2778
2547
4035
5356
2910
5858
3834
8544
5812
9034
456
1065
2304
1056
901
3541
1305
3461
472
6647
8143
3065
9098
2098
6374
9605
2113
3997
8560
9911
857
8634
6842
583
249
2426
4868
5793
7916
4747
9321
2195
3795
4411
5994
6899
3481
5344
5264
6958
3433
6087
5935
8990
8022
9713
3448
1937
8981
3304
3745
9836
9983
5901
8176
1822
4222
1721
806
8474
8672
5512
5545
5724
7326
5947
9269
4687
6103
9474
6124
6768
8733
1602
6477
4769
2698
7852
2561
536
8977
2931
6811
4611
1002
9484
2212
7894
6234
4172
2677
1760
4538
6789
8285
7921
542
211
1663
2074
444
8761
5833
9507
7179
6976
1103
8381
9423
3407
9124
6370
9159
270
9496
5741
8700
933
4721
7842
3734
1375
8452
1930
6797
4364
2230
1943
3316
8556
4227
2487
6188
486
91
216
7097
7304
7432
4026
8380
3831
8470
2827
5048
6306
2600
4267
7293
2544
9220
9608
5489
3821
8340
9069
309
3902
2709
2815
4745
9160
5064
867
9179
6637
182
8672
178
9280
8643
1396
3501
695
9461
9903
2905
5624
6882
491
1763
7963
4650
772
9335
4618
6997
2366
2146
1022
9906
3195
4595
4616
9280
9220
8766
7602
3647
8411
6124
3928
4088
8012
3901
7824
6107
4793
4360
8436
6163
4685
7020
2218
1052
6782
4509
4292
1531
4561
9639
7815
6526
9155
9374
5447
6801
8885
1414
240
1136
5302
1976
8471
4366
7835
3874
6637
6870
1511
8510
2204
8006
3709
4859
5220
6175
2376
3563
2498
4711
4474
6070
9086
8772
8309
7401
4933
8638
8453
1023
7221
3378
4119
7300
861
2709
8548
7851
3217
2908
7871
7421
20
6050
7435
9808
2816
4296
4153
9272
4424
5321
8916
5529
6662
9231
2890
9699
6057
433
8941
7999
8417
488
1288
8825
3886
6409
3997
2511
7626
4525
345
9589
6839
7052
6050
3035
1337
8500
4585
636
4485
9180
6599
1900
4462
8590
638
1629
9819
8849
1793
2784
3967
9872
9004
9532
4761
8609
5922
6406
298
1641
1645
9898
4975
9327
8689
9609
3181
9854
8362
7557
5847
8304
3514
9236
3888
9388
4363
5296
5771
2368
2692
8777
2731
7561
5622
6967
8048
6518
8273
2727
2578
8179
337
2843
7535
6700
6924
5134
9900
1028
8447
9964
487
4236
6936
5662
6357
9767
5643
5373
4246
625
634
7930
8949
2868
7166
7414
3705
1721
1560
6663
1581
5634
4979
7668
7967
671
1701
7188
2464
9228
5395
4742
3921
2728
8289
8495
625
9959
609
8280
874
2900
8480
1952
7544
2407
3894
4666
9533
9509
1429
8179
9468
1784
8382
4852
9256
9268
7695
5686
8066
8455
2908
5018
5230
5891
4009
6220
4579
8670
6788
3745
1112
3279
5788
8680
7154
3027
123
5560
6776
7035
7654
2954
7798
7216
5274
2136
4345
3437
9239
1357
2264
4923
214
2419
9992
3462
6721
1653
8397
7673
87
862
2720
7683
7066
6188
5995
9702
7698
6229
9144
2134
8909
1031
800
9953
7219
8014
616
1872
1875
1141
9431
5431
1481
6189
3065
3369
8688
3692
6305
8470
7162
9103
6948
6791
233
115
149
9086
6141
4643
5738
3009
2212
129
6013
9183
1618
38
6242
8707
1036
6525
5797
8945
1431
7289
6202
877
3123
2625
1013
4006
9923
673
4971
9806
4083
4009
9719
7104
7864
1530
5730
7232
5403
6422
3218
1351
175
3882
1751
8650
7449
7598
7434
636
3305
8002
5360
2944
3912
9271
5963
3516
3629
1732
3085
1539
5158
6206
5100
7608
318
9138
842
9505
795
8565
3542
5008
4070
4850
701
9241
874
2363
6556
2325
3239
4335
6500
6080
8649
6775
3191
8593
5567
2214
3602
3670
3336
1679
6193
3968
8781
4142
8331
8311
6755
7928
9841
4740
4460
351
8874
9061
8569
6721
2641
1266
5176
760
8299
822
9706
9020
8959
3543
5946
2249
3938
8581
4962
9871
1672
2390
8657
6733
459
6731
4031
8245
5569
5310
4493
1759
1619
8298
7901
4130
23
8845
9572
2336
8494
2575
3379
5370
4262
9761
5182
4788
2365
4506
3990
1260
9777
4589
8678
6483
404
1836
6262
5909
7234
6930
5190
2989
6329
7946
7400
661
5641
1816
2225
5092
9008
2625
1377
9096
9010
3287
2470
697
1549
9243
5879
1063
1320
3233
1981
7030
9619
1417
3725
8187
2583
3662
5102
1563
7385
390
9041
6315
2360
4521
9146
549
2281
8898
2251
7152
3211
9581
7473
7117
9365
5564
4360
7991
1050
4127
1669
3095
5964
370
1041
4224
8090
4038
2509
5346
7523
9813
1711
8620
4246
6155
8336
7027
96
5330
8782
2421
982
4829
3818
37
3944
6608
8821
7018
9301
7111
512
3257
8721
5945
350
1990
3479
4921
2458
8242
6389
6904
9628
3397
7870
8853
2871
3210
7227
7333
7894
5720
5345
9247
2112
1135
6552
1004
280
1481
5217
5490
6045
411
9301
8453
9898
8300
5804
6346
3548
5174
2871
539
6032
4078
5201
420
2167
5090
3737
5610
9790
1968
9217
4792
7912
9473
3832
9215
5438
2475
4641
977
3025
898
859
9216
4096
9416
8954
4570
7405
881
3784
2719
2848
4806
3214
8034
5934
6131
8837
5189
7743
9606
5699
4076
1194
4508
540
424
4467
6589
908
1073
533
1894
7513
5133
3218
5984
6324
2750
6136
9167
8204
8909
8183
6497
1944
3106
6258
5797
3281
9307
3638
9451
3233
3419
5198
6782
8021
9587
8876
8529
102
816
9972
2711
2185
953
7292
8081
4816
9949
9806
6086
9053
8576
1401
6790
5892
4697
2564
7434
4165
8670
3308
1601
7434
1082
8661
4094
9935
6435
7962
6737
3874
7606
9064
7388
8936
5471
4311
990
5813
8177
981
3331
9500
7551
398
4656
2017
8408
890
3324
7022
1441
4363
1432
7508
8371
5276
1103
2292
3198
8146
8380
1987
3069
2212
1446
9512
4013
7853
420
386
1574
1621
5987
7688
9976
2100
9883
683
4004
2076
1527
5545
4638
9714
2432
3242
7631
9879
565
195
3207
8697
2614
31
2601
1344
6431
5338
8951
5143
8003
554
469
2938
5448
9820
8375
3744
7531
6270
5393
419
8288
1121
6619
2834
7349
3354
9779
8203
1881
4133
7287
225
7178
2876
9006
5956
5086
8632
5669
4544
1732
8860
4072
972
5076
1699
4266
2612
4866
3886
2348
4295
4801
2787
409
1493
3412
9766
3994
3077
5558
748
3262
3869
3266
243
5760
2571
814
2419
8657
8899
601
848
8687
9427
7048
5646
7758
5649
9088
7167
3336
7994
1785
2992
5424
4390
2467
7513
2543
5320
4638
2592
8985
983
5597
203
7706
4832
5939
1694
1797
2447
5229
3449
3694
3952
4100
981
4444
7766
2008
8344
3988
8391
7411
5268
2084
273
4819
1369
104
3301
9876
3337
4260
8009
1863
7703
3830
6845
7940
2925
9710
7394
5369
889
2765
8336
9298
1471
289
1486
3068
4777
3311
6293
8603
594
3572
329
8118
7432
12
4569
1589
8496
2570
1891
9188
5685
2089
6396
7150
7598
9826
9082
8634
6594
3021
6521
2503
3747
975
3348
1079
8618
232
5099
26
7967
9405
1268
4131
3500
8726
508
2912
5140
5804
6873
8318
873
9148
3612
9381
3893
4335
5470
4951
4228
7658
2008
7572
7050
7826
4371
6456
6664
3489
2971
8264
7471
1865
1220
6279
820
2265
3650
8871
9317
6170
3493
790
6148
8202
1629
4598
7362
3966
7186
4283
4761
147
5797
308
7396
3696
7080
5674
4355
4051
6248
1650
2832
8608
846
9007
7928
7333
8561
1628
685
6599
5633
8058
4164
1218
1424
8847
6196
9772
9093
2697
6303
8688
3502
7324
6068
911
8882
7124
5184
7975
4516
5266
9922
1843
7957
7539
7356
2622
6670
29
5405
5558
3597
8162
4514
7739
6143
6178
2271
8232
9478
4582
4957
3550
5347
4144
5106
3522
2939
7016
8450
1436
6443
2709
2082
366
8136
2321
3260
3885
1491
3574
3102
9064
7292
744
5090
5339
2809
8328
4767
2704
4852
6951
8496
9933
308
6371
6495
3813
2432
3833
9682
9653
1578
3968
9115
887
6080
4147
9603
3822
2917
8386
6741
5904
1479
5893
6258
4602
9053
9766
713
4610
2249
5745
6583
9491
4213
2149
57
1764
5825
9447
1452
7658
3891
3448
7485
3323
1629
4202
9259
8661
8725
945
9787
6466
210
2592
8453
4415
112
1893
4760
2665
3119
5071
7404
5833
7384
9623
6674
3930
4090
7838
7996
3469
6933
9082
2012
8031
8407
2935
2973
4850
507
2052
5885
1303
5958
117
9281
1621
3695
5642
1651
3932
4687
8786
4538
8819
6044
1652
5938
2006
7528
5328
4571
887
2948
6317
9532
1127
579
422
6007
7177
8920
9909
2158
1067
9186
6100
9874
7267
342
5053
235
8447
6186
4063
8782
8147
4544
3193
1986
6755
6997
966
7322
5178
7480
4997
8354
9640
585
8154
1042
3272
9634
4474
5012
4777
6628
3471
9633
9943
1777
8670
1663
2474
5092
6123
4700
8885
7535
1385
6583
7386
8436
9251
180
7953
2586
6979
3587
4188
7745
233
6682
2187
4011
6963
8812
1711
9050
4004
1519
1073
3559
2042
4977
8326
9302
4847
85
1356
296
9469
2105
9199
1571
3656
4836
383
4294
7059
2191
9648
9883
5444
2198
1543
1988
9475
8463
8129
7311
2988
9834
3530
9866
5510
3826
6393
4274
1853
8650
7738
6893
2230
3891
8276
8128
7482
616
355
2126
8429
7417
1991
1813
1870
1189
8114
9844
3433
6338
9826
6384
1955
4045
7307
9634
8575
9333
6060
9829
8442
6108
2440
8409
4452
2754
7653
1553
3922
3415
4505
8858
8108
6003
8881
5571
7843
1716
7995
4320
5712
6549
840
5515
8823
1354
4937
8185
6583
8641
9552
8149
4556
525
3683
2320
4976
3581
7361
9115
3535
6561
5922
18
1832
967
8276
5952
5163
1736
1791
6858
1337
1740
4117
1893
5268
6925
9586
3098
7816
9468
4969
5280
3862
6356
4302
7582
2319
6561
594
4261
4355
8879
785
9150
627
821
3682
7855
3078
8985
3022
4847
6849
2694
6811
2815
6408
1790
7052
8051
3995
4263
1299
4067
1591
641
6155
5476
6664
693
3633
8602
1142
7530
2503
2458
954
4966
1266
4446
3243
1730
19
8831
6446
122
8430
1168
9545
1487
1174
528
9508
2543
265
92
7580
6717
7559
9985
4666
8206
1190
2384
5351
4419
3705
9319
190
4353
1861
1441
524
2605
4807
2265
4243
2467
7621
1469
2210
4986
5931
5177
9519
3105
9093
8598
7264
2410
4877
4237
7407
1280
9780
5037
540
7635
3480
2026
6417
9111
977
5191
9625
9732
4
6903
7735
8000
5849
5112
9096
6089
7775
9679
2275
6012
2865
2246
5326
5106
2054
7780
9475
7623
4034
9243
2825
9770
1724
6608
8987
5595
5052
3098
4009
739
5551
9786
3100
2189
862
9264
6561
9765
5141
1317
3505
100
2761
4528
4769
1234
6699
1310
7057
3197
5716
2002
5697
760
4077
7965
6275
9241
6125
3500
1037
4676
5670
1535
460
3078
9145
3136
4243
2789
1218
9710
2482
2716
5738
2724
7008
7196
1838
7753
8895
3741
6041
811
5022
3549
4089
2340
8112
2897
2988
7320
3640
1640
279
8829
4430
1225
4067
1691
2089
3562
7066
4267
1979
6005
9519
2981
5021
1352
956
9079
7402
8371
4604
7296
8634
4859
6512
6910
8989
6804
5024
1346
9801
3897
6070
842
2436
6909
8294
5782
3128
147
5664
5333
6674
1774
8831
9017
4030
1107
7318
6759
1941
3909
9918
5268
7035
2983
194
9570
4713
7157
2701
5284
8537
5720
4465
8082
9935
8676
544
8112
3058
5173
5950
7255
2707
9271
621
6859
6027
7495
2879
7881
9485
8265
9404
5892
3979
801
3807
9453
6714
8723
1069
5971
7445
379
6795
953
7308
749
9081
5354
563
9206
3700
6767
7958
2662
2560
7764
2361
3335
3543
7217
4277
4820
5798
272
6315
8573
4102
9133
4869
1090
1398
4334
4103
9979
9809
2327
2476
9667
9550
5277
8414
7525
7318
279
4564
2636
7934
1316
8241
6043
7091
3379
5180
3852
1694
2625
4581
6523
4637
8735
6647
9948
484
9472
7808
9366
2664
7978
2852
233
5287
2693
3784
8266
8803
6751
7502
5518
5707
3679
639
2786
892
8826
3999
8018
9154
251
8285
7184
7746
5952
5030
815
8630
8465
7041
7845
2471
5198
9972
9955
8463
8007
755
4397
9594
6913
5049
4942
5123
9062
815
958
8095
3860
9055
1658
5473
9789
212
2412
9693
5668
2486
9335
7663
2969
9635
337
9710
9656
3046
509
3706
683
4322
2884
8071
9601
8424
2240
5201
3342
2060
8683
5137
4071
2719
4769
9410
5382
2371
2682
4985
7559
262
2795
5521
1420
6734
6625
7277
4712
5232
5466
6015
306
7252
7411
9538
6171
3586
5872
1364
7972
7211
6350
3607
3803
4197
3592
249
4866
927
4327
7284
364
5524
6146
421
1527
7363
6651
2867
1799
4962
489
8110
6594
2668
4830
6818
5307
5231
3239
1795
6499
1317
7013
348
3911
9187
1717
7222
3141
6375
2411
3785
904
8181
5651
4782
1106
6990
8010
8807
6935
3005
9565
3009
6721
8240
7013
1135
9366
6774
4942
9635
7687
2531
785
9046
8511
5797
6510
2340
5645
9428
9725
5423
2550
6704
7205
8412
7016
48
5712
8317
7220
4431
4860
3494
1752
4003
3627
5670
2174
582
7855
6367
1433
2776
6097
8372
7396
6604
6271
5308
479
5670
3161
7506
3279
4141
458
17
1034
8600
4118
9318
1062
6624
2414
3256
7671
7290
7294
4507
2170
840
165
5062
1573
3358
3990
9774
607
8832
1016
412
3777
403
7837
1549
1269
7353
214
7610
3544
3609
4635
3573
6464
8536
5305
4808
361
2840
701
105
9310
1763
3137
9639
5504
8099
5933
9921
150
684
9409
2201
7584
3706
5540
658
8787
864
1986
317
7076
9683
963
8560
6204
6592
8598
3036
8053
9182
9413
7766
8131
910
1101
2014
7265
8198
6045
3170
1420
293
7460
2859
4200
2433
5988
2758
2996
4646
6021
9496
853
383
3029
9627
799
4576
3435
8912
9501
2896
1868
968
1270
1642
4070
6674
2604
3526
3392
589
4819
8816
8897
6783
2223
8103
4360
3770
604
5839
40
3406
3161
9916
6913
7748
7881
1473
1214
2689
4762
7133
3668
8524
8424
6491
1589
2557
8363
9314
153
9469
1253
5432
4676
2036
1485
6245
7404
2695
216
9665
8307
3661
2855
8461
7807
1354
4729
6321
8792
1131
2312
703
5826
7686
5147
373
8358
5731
6514
1802
5406
1290
5686
571
2153
7729
5239
4876
6262
1635
4069
8518
2472
5097
8825
7
5668
9963
8684
235
7828
2041
521
9022
7157
549
9605
6990
6889
1112
7887
1672
6181
8413
4258
7017
7975
2284
6308
78
6114
9852
59
7157
7062
3793
8231
728
8861
5140
4704
8395
7047
6279
3973
3364
768
6663
3413
1603
8123
8249
7987
5149
3748
2396
2337
4058
839
1807
2031
3384
3655
8605
4121
7975
1982
3363
1960
3364
2318
8877
8128
1748
6407
9492
4625
9901
4440
894
6249
1311
8870
4704
1954
7864
1865
4909
3409
4665
1455
4172
9889
7053
3109
1320
4740
8441
2158
5997
1382
7404
4703
49
9285
9245
120
6239
8742
4255
7771
2435
9618
9945
5558
719
4513
8950
6650
6256
6110
7072
9954
7294
1908
8145
8988
1075
8639
5087
4751
6183
7743
8442
9511
8844
6607
8820
5419
2709
7743
5626
6167
9153
6894
9019
4554
9944
1495
2389
6806
5789
1790
5901
9887
4309
7450
7409
8141
1139
257
9045
7599
3654
9503
1587
4692
1176
433
6714
4112
5692
3530
3941
8512
484
905
801
399
2888
3591
9043
9579
6250
8280
8962
4393
1841
8554
5202
1394
9198
679
4280
2451
8698
8026
2512
9649
5307
4327
3378
9510
4781
8277
1114
2258
7848
7388
9403
3404
6648
7010
5252
7547
1213
9465
1349
5374
541
7194
2850
2621
5230
5319
4913
5013
9250
1490
9814
2457
8392
1151
5092
8560
213
9532
4798
7973
7166
6703
6544
4452
9151
1798
4745
2188
5426
6732
1237
9232
6677
7137
9107
8112
1476
756
4279
9461
3363
6100
3008
6358
7574
6945
5011
5496
1917
6691
7333
1680
4667
3376
8208
3838
650
8397
3469
3432
574
2725
9586
2517
252
582
5780
1255
2044
6979
7083
9456
5253
5337
4609
1065
3694
185
6878
2206
6786
9248
270
8734
9398
9556
4565
3300
8929
5268
7462
3078
7287
847
8886
637
6514
490
6105
6991
1164
3756
3452
4938
9608
7877
6427
9329
8766
7143
143
464
1519
1263
6645
1326
2455
852
3119
696
6017
2479
2325
6775
9516
4004
2169
4405
6450
3972
4551
3204
4079
9886
1041
3030
5795
5332
9126
1521
3128
5235
4534
1786
5125
6997
1559
6024
4201
7560
8181
5661
7371
5409
974
8685
1430
6677
5421
5603
5707
2022
2879
4793
2591
6939
6384
1632
221
3615
5530
7123
1725
1597
7567
781
7944
539
1650
2519
2445
6145
204
8889
5790
8889
5833
8670
8912
2356
1599
9118
9910
3523
5814
1106
2356
9740
9194
8186
613
9927
5802
585
2030
1058
3936
5773
7842
192
740
890
5026
2902
3157
9561
1817
3989
9003
3702
1105
7714
2719
7865
2015
6411
7212
8201
5783
6460
8425
8204
1345
3464
1906
2517
342
9618
6859
4731
4952
59
827
8720
1615
