1870
2166
9126
6304
4642
6647
3139
6924
6775
7678
5927
5455
2797
1104
5002
4341
8741
4651
8903
5364
5544
4974
274
1061
7021
5947
3078
1948
2222
8559
279
3409
4311
9818
5368
5882
3419
6043
51
4606
4043
743
8255
817
9208
6904
3560
3185
811
1465
3640
3547
1452
9329
8522
6895
1891
8065
9283
8695
3568
1191
4702
8215
7399
2517
1143
2978
5736
9120
922
2697
4599
4297
1321
4801
6719
9457
1852
117
2386
9893
1136
757
4919
6731
1957
4981
1296
8472
3990
5353
6760
1356
1037
2852
6040
39
3417
6690
5760
581
7448
1691
543
942
8948
7154
8008
3720
176
2434
6212
9166
6308
3674
54
3945
3296
667
560
6162
1682
7264
5130
5568
5937
3243
3259
8468
8760
6679
6039
5162
4357
1805
2444
9445
213
3977
7783
4802
6972
7575
8295
1556
9141
7594
5047
7363
2797
2095
6743
2750
6129
9597
8899
184
6561
4974
5004
5705
3894
9539
4959
3497
6394
1049
4809
4503
1229
609
3731
9319
2883
5758
9189
4106
8968
3573
6427
8343
8195
5896
5671
6665
9935
3289
9033
4759
2905
2260
2883
5239
8972
2078
908
7432
2616
4798
5162
8091
2784
544
6133
2188
8364
7424
9866
371
408
4793
1216
2987
8546
6661
7509
7997
3868
8294
3561
3104
2016
50
1597
8969
7725
8491
346
804
4849
1756
1490
4170
8411
8336
5558
7651
9763
3483
8300
2511
3422
8661
4350
8112
1044
9896
6692
2310
4569
2910
3564
4321
1236
2057
6074
2734
8946
7163
4462
9873
7077
9061
5521
8651
3302
7046
4575
210
1103
9858
8234
385
9994
1049
9682
3354
5699
3485
7925
7829
1798
8036
6235
1939
8192
7168
2933
6354
2262
2823
8705
2599
9020
8427
5434
4360
3140
5698
4809
3998
5320
6482
1207
4710
4676
3179
4327
186
2374
2719
7035
5461
9238
6633
8074
9041
2826
3581
459
6134
4112
8220
7947
8279
1153
5634
1364
1566
5615
5321
214
0
8675
3926
2508
5315
6828
1524
7263
5013
2840
2746
3980
9542
5788
3244
3360
2386
352
6392
1534
9558
5239
8675
9885
7100
8534
2927
3557
9041
1814
2760
4570
7052
2505
7034
6785
5311
4125
2758
2212
1301
6318
5445
3293
1366
4240
8405
2491
7908
2274
8977
1213
9223
3787
655
4761
0
4041
5407
6781
3900
7966
8221
3199
79
8175
6927
7037
8753
6458
8048
8261
7594
4179
233
3240
9793
5381
8518
2859
129
436
5649
6767
2836
1547
5347
3265
1849
2273
6785
1270
8717
5977
8312
3334
8096
2246
3213
3191
7313
1367
3737
1450
4225
716
3619
5043
3554
7415
4967
4618
5522
2548
6651
3464
2317
1454
362
8532
2827
3662
5187
6480
9672
6778
9543
1617
5867
6899
5143
7546
2168
5327
5546
8761
6698
4198
2541
2120
7927
303
9710
4434
7305
2167
5747
6169
9326
4847
1016
6642
1884
4680
363
3650
6180
7257
1777
7447
1172
2002
9176
6655
2272
7421
2449
195
7002
7889
6766
8119
8913
8242
604
2524
3951
753
9174
7505
1031
3374
2290
1019
5882
8501
5662
7487
4963
1895
2581
9440
2420
5094
947
5925
1127
3055
2162
9884
9717
5551
9166
1436
8081
2897
7729
3641
4075
7839
9699
5426
8082
4272
6416
7797
9711
8156
772
3771
1758
4962
5231
5106
5307
7325
5698
3818
7294
4679
1397
895
8591
9290
7788
5479
4208
854
2938
2985
772
2020
3411
7124
2195
7155
1357
8148
8678
3150
6214
2970
2283
8391
8125
4755
319
4059
6129
755
7198
3910
6347
9396
6442
8804
6835
8792
6484
936
3589
8857
5218
7787
2999
9738
1551
8107
2911
8152
5967
7549
5140
4144
8465
8426
8612
200
1164
3033
5159
148
4725
2183
5786
6861
5673
4015
682
3391
319
2565
1664
7741
9560
7357
7752
4495
5392
8387
3203
2212
1148
7976
4787
9649
8769
2202
931
8015
191
6635
7627
3451
5776
3441
4131
3034
2000
6137
4064
7535
7424
9519
7832
3402
5884
7398
4583
1108
674
4116
4808
2777
9829
2947
8999
6748
7395
6137
8091
3470
3084
2667
3199
3684
4937
8213
1964
6119
3225
4717
2495
9254
4322
5668
4787
1628
143
1385
3764
1371
7619
9822
7340
6075
1827
4850
3621
2829
4441
7383
5639
5863
8045
594
4451
4757
6319
4148
8464
7670
5433
8464
7882
5957
1621
5553
8454
4160
8159
7370
6604
6010
2372
6720
5851
3261
5326
7124
1857
87
4591
9135
1677
5842
9078
6632
1209
3728
1216
30
5309
5995
2920
6093
5937
9155
1940
1382
4454
6273
6395
9460
4670
7071
778
9628
3490
1324
4742
1190
9430
9195
2290
8376
3079
6298
6786
2040
6879
4988
4344
4725
2944
8129
2061
609
3090
6279
783
6696
1321
3943
2670
5583
