512
412
4674
8550
3373
4939
5128
7690
1752
7955
6976
4615
5902
9220
7830
532
5407
4719
9555
5406
4787
3726
9249
7127
8111
4677
1094
982
4490
2996
5093
9411
6039
351
8247
247
6331
3987
8865
1775
1900
4233
6887
3114
6456
9598
9047
7439
9549
7642
3082
4036
8671
4666
8390
6785
1162
7547
439
8695
3844
4145
3199
8755
2861
7564
8575
5551
972
7582
4201
1419
5854
7780
3506
553
6838
6134
670
8512
5630
3655
1432
6848
9913
1056
740
1372
1961
1462
9084
8783
3548
170
7930
7754
1034
8132
252
8892
1023
3496
6466
1966
3441
1663
8182
891
1160
7836
9947
5027
6876
1926
3065
189
2713
6351
8841
1805
6824
7202
3589
9510
8498
5417
7870
5683
9849
5751
9519
8706
5882
1778
7488
2133
7188
9465
3407
8250
2874
9849
212
4125
1514
4056
1907
1621
7105
7741
5040
4683
9290
8447
2067
3820
9907
6955
3468
8023
3792
2498
1041
5408
8316
1240
9145
5097
4437
931
3000
3247
2943
591
8930
6975
6990
9464
7995
4441
3509
6248
8578
2108
710
4836
9416
7434
9710
3667
2226
232
5996
5383
4457
376
8807
4803
5808
274
4910
6809
7183
6173
4740
1793
1739
8698
9517
5092
6830
442
8960
9027
4514
7543
3919
8932
4697
3480
1823
1711
5386
769
8705
2768
7250
7560
6134
8554
8167
2186
3655
7721
9530
6699
9065
2405
7367
8917
3096
718
7917
4618
6837
1783
1272
6969
869
6913
6456
9875
105
2328
8451
3199
1423
6413
7467
1972
4542
4179
2563
962
6925
4643
6786
1239
9496
7814
8478
1513
1564
5780
383
1105
3793
768
3932
6922
1496
280
6690
9221
2098
8292
2081
1327
9269
6331
5276
2651
4938
5395
4374
8917
8155
6954
7692
2193
4996
33
7473
3054
8434
4942
8310
4325
1944
7346
9406
654
2481
544
475
4262
7488
3341
8864
8633
2562
5459
1969
3165
2538
5827
6574
6168
1405
1466
2949
6838
3076
1739
1926
1463
2807
3636
787
7155
9981
7756
9382
1923
6924
4622
170
4394
4920
112
1428
4813
8090
9059
9630
9536
8063
4308
516
2606
8368
2141
2919
478
4396
2567
7578
741
8618
9012
1454
3852
2554
1709
8651
4806
6076
45
6240
7915
5657
2180
1248
1293
37
8136
8748
4016
2108
2389
3399
8499
3120
8180
8786
7840
4836
8904
7527
4357
7043
9428
5775
5907
8657
7576
2258
6380
407
4824
3460
8018
8067
2600
6949
6187
892
1625
440
6259
3819
3561
8632
6228
5613
2955
731
4374
2922
811
9969
7172
2517
1883
872
6228
6404
5341
2636
2461
5878
2367
3609
7284
8929
5380
431
520
1230
2599
6947
3210
8464
1268
537
3482
795
9547
293
5702
6844
7883
3458
9596
4854
6288
5501
6184
1728
720
9782
5551
8989
7978
380
1452
9952
1348
7299
232
2523
211
3144
323
3863
6759
8707
1249
1345
7390
5433
6857
5047
6934
5616
7995
8908
4012
2430
2641
9879
4247
8792
509
2816
1396
4221
485
887
9085
3529
9447
2247
60
3178
6633
4738
3135
5732
8095
7580
4251
4838
4337
5287
2925
503
2055
2361
2385
2543
5939
8917
4658
353
8276
1419
2634
7506
2467
2537
8222
361
2260
3860
5986
4609
4987
3755
8983
3256
5773
8280
4335
5060
5627
9408
4454
5222
9891
893
2165
8123
8501
6541
7589
529
7589
9707
4902
5213
2104
5629
3264
5557
9357
3889
2578
477
9300
8315
5516
8299
3377
9129
6770
7659
4582
9597
4725
8867
6965
7412
7614
1574
372
98
1860
5718
6270
5457
7020
5279
8853
3770
1151
144
5016
8777
5703
1737
6829
3976
5921
1576
5376
3865
4745
9371
9771
9930
5946
7991
4982
6035
8248
4692
8014
1689
5185
9259
2029
6860
4206
3843
1294
236
9446
9607
7977
6626
2643
5804
3894
2987
2037
2988
1490
6038
6197
6506
5352
2488
5947
6339
9510
9029
297
2818
5522
6459
2129
3326
3592
6443
9708
9969
9769
2077
281
5140
4419
5138
1393
3145
7287
141
4096
1994
3997
5259
3201
1976
5492
8679
3906
9540
913
7867
4333
2265
9939
6628
4085
1518
4496
9316
2212
7450
3279
2067
3218
9412
5756
1057
2086
214
1094
2801
9052
9368
4932
8302
8820
262
3258
152
7834
4913
2537
167
9056
1902
7744
8016
5200
7791
1053
9875
8648
7970
7929
6646
8715
1929
2040
3789
6220
4434
6592
3691
8446
8111
8814
4964
7333
1636
7807
3822
8260
4343
1482
7298
4913
3111
3011
1316
1667
7739
5856
4295
9160
1219
4153
1081
1438
8286
9586
6890
8222
9469
3932
3399
8320
8845
1721
944
3087
2780
683
3563
9983
7231
1615
4304
6487
630
1733
5603
8918
724
2121
8480
8577
2297
4531
7226
3957
7733
3525
9047
2050
916
5599
8791
411
8083
8978
6067
1390
2066
8228
8887
7056
2292
4311
1929
9603
9848
4593
807
6552
3982
7972
7498
7347
5452
4822
6023
4314
4494
6987
5354
9254
1636
1513
9067
1631
2824
3893
8404
1652
5665
4213
6851
2495
3233
1423
6284
7985
2601
7623
4108
3139
2718
2494
8067
2943
8101
1443
4958
3260
2954
1752
6896
5079
2874
9633
5420
778
5244
297
6779
5955
6188
9155
887
9769
1121
5002
4114
4028
8537
8038
1713
6871
2878
2214
6536
9141
3446
6123
3530
1381
8934
5143
8697
3913
7317
1771
9621
3600
6003
5505
2740
2303
843
8153
6951
3562
1607
8297
1822
3098
7329
930
4723
4916
39
25
2201
659
3097
6278
7332
9121
6767
5398
7020
1044
457
6973
2452
9349
5381
513
8024
3032
5297
9409
6027
4725
5263
2973
7534
5149
4301
431
4051
8003
420
3781
3873
7292
9570
8961
503
9724
8173
3619
5536
5444
1132
5906
3105
4633
5844
2472
7717
6815
2906
1691
9618
629
3997
7476
5396
123
8744
2182
4819
6335
1346
9016
624
6675
3099
5160
9778
6419
10
8300
4858
1678
3873
582
3592
9357
9867
2901
9304
1828
2714
7236
5097
8729
4163
3244
3294
2094
3564
379
980
5990
8799
9200
4098
2116
5282
6429
1533
684
2693
1297
6805
4605
6832
7939
6756
3414
3883
6039
255
5842
2878
2991
3621
4110
3918
1894
2512
9855
1865
7684
2855
9630
7319
8867
2879
4673
6484
1476
4075
3438
1367
8619
9135
1417
431
491
1896
6223
6487
9880
8210
7525
124
5137
3112
5808
5579
9988
8197
3387
3917
1677
8818
5009
8442
7174
7286
7965
5060
2083
6930
2407
1964
6817
4474
4258
3856
2203
3678
3426
9997
6288
3368
1985
9473
5330
9506
2181
5754
7071
9093
6495
3278
687
9520
9690
9800
4125
2975
3256
3205
3931
1163
4404
2950
5803
5560
3306
662
8854
1952
3375
6309
4770
3390
7628
8309
6833
5536
3112
7668
5105
2210
7989
2989
434
9128
1276
7296
4784
4457
9730
9228
421
221
6065
5125
8963
9034
3670
9769
6199
1518
6900
5119
5718
186
8508
7297
1891
1380
2967
8589
9862
5588
8100
1720
3174
1415
2516
6674
4283
6009
5878
4397
2221
4146
5888
4548
7324
2503
9346
7798
1866
3342
1468
3586
5310
2869
7270
248
620
3979
5405
3404
1490
1141
9366
4832
2121
4344
1950
7547
6518
6995
5485
190
5640
2502
2897
1572
4297
3959
9972
9387
2034
5168
6723
6519
4120
4513
6410
304
4145
2268
6053
304
604
2473
2907
1080
4780
1055
2427
2979
553
1798
1280
4870
7857
1278
7945
2807
9972
5697
5950
6660
4006
6017
1369
6321
4418
2846
712
7607
7934
1646
3402
4250
942
5180
9585
3166
9595
1817
6792
3242
1532
6993
8834
235
3887
1852
8662
2842
6567
3602
332
8447
6318
9392
6297
4587
1104
6585
6661
1934
342
4819
5045
8907
8395
7030
3927
2676
1692
4779
3211
8154
8905
2707
5128
7013
7182
1133
2434
2565
4183
7870
1039
4331
1313
4955
7932
1549
8883
4998
2062
3010
5155
4858
2900
6712
1948
9927
1840
6857
7925
5985
1149
1788
391
2177
9541
3610
4264
9284
7405
9970
4151
4096
7750
2472
3780
713
7593
3440
9097
2378
3793
6694
2717
200
2998
4047
9807
8416
5065
7254
9293
5576
4640
8198
6720
9251
3940
9136
5413
4321
7285
9598
7592
2091
8859
1059
7108
427
2932
1234
2334
8400
7759
5546
2191
4455
9071
190
9178
5494
3803
5847
4219
150
676
8574
9456
9551
5751
4529
6772
8456
8026
4776
5093
4195
9101
625
1341
1939
6938
9379
5484
3830
4920
893
7816
9093
6006
2265
179
3750
9957
9919
517
1437
5379
7442
1414
284
1603
7556
4675
8402
4461
3877
373
2983
453
7996
5353
8446
8848
7239
8555
4424
363
388
5230
9783
758
362
3545
3486
4349
3022
8499
8107
4259
3656
8815
1659
9210
1056
336
9382
4703
7081
9368
1042
519
4833
8640
8010
6911
1733
4901
2718
1363
6093
1073
4990
2211
1631
9526
1240
4011
1188
4053
1439
5378
2266
8724
6797
9180
3694
9236
7792
6902
9172
9721
3282
1019
4188
9263
5924
1721
5534
6575
2616
8120
5780
6743
8165
2582
3825
9447
7578
1529
9095
5371
3514
3027
7929
5663
8253
6109
1843
8829
3217
2496
7109
5815
2190
6371
7790
3971
8023
2368
3602
9519
8476
4613
1436
3319
9598
5522
558
4214
5355
4246
1657
6262
7807
3801
6206
254
3090
8524
1009
9815
9878
6705
3358
119
1010
9964
4552
1794
4792
9853
1423
5210
7927
9576
6894
8901
1591
4609
6065
2730
5551
7629
3474
8970
839
847
8008
8388
165
7535
880
9499
1358
3786
9640
1771
1254
1316
2309
9633
969
8764
9422
5501
2822
6447
8334
8230
6907
7305
8663
8480
2458
8279
4263
2249
3231
4388
9280
162
1955
6163
1628
7256
8973
1924
3852
4140
9935
5123
7646
274
2300
6432
1760
6787
8207
7972
6147
4392
2512
9778
1481
2859
8872
2399
7040
3078
9522
7391
8540
6866
2036
2146
7677
4805
7135
2165
6528
898
2594
4193
8294
1783
9659
8388
6180
6026
6518
7476
4041
5258
8240
4888
7650
2177
4682
8769
8384
6574
4883
773
4617
2544
6583
779
8237
154
8754
6954
9651
6041
1444
5249
1797
8319
1483
9698
3200
483
6218
1014
6560
2046
3349
3281
8626
7148
4496
5500
123
8366
3781
9954
6014
1821
9575
5750
5200
8880
151
6026
7271
9563
7824
8000
3814
2991
3090
9331
693
4983
5569
7900
355
3869
4213
2571
9194
3301
2153
1089
5657
3254
6831
1285
2260
1490
9234
9976
8743
5733
4497
4319
332
192
3742
6997
4221
5349
9466
5634
4058
5165
4806
5139
2797
5880
9598
2145
7608
7004
6555
1898
6726
9061
368
4017
2732
6539
5739
2324
3756
3114
587
4960
486
1249
7568
162
126
7215
8350
3844
3835
6518
7031
492
8448
1691
8488
6379
1891
7089
2368
1738
9177
2599
7593
1270
9823
9725
4264
7682
9609
7142
1877
943
4577
9845
4653
1547
8312
9436
2019
392
8653
2711
8063
208
2030
9876
5568
1041
8050
9360
432
6667
745
8848
5783
7887
3656
6298
339
400
2950
668
4235
6692
4641
6087
5915
8603
7037
6940
8067
2455
5070
1976
3085
6466
4535
7384
9239
9947
4157
3223
9631
249
6709
5209
198
5728
4061
6766
7891
2013
9096
1618
7441
7985
8475
1370
5567
5943
3961
6965
4003
1109
1292
7977
1597
8769
5763
9317
3351
6271
7058
392
6243
9727
1036
3985
9982
9431
5888
186
4541
271
9049
6054
3358
3451
4534
5100
7990
3164
1817
3295
5985
7192
9220
8522
8957
8731
3612
1428
9964
4744
3415
1620
4954
8704
5375
7714
6948
4490
1388
6135
54
3774
2423
3732
2060
5238
4619
8145
4234
663
1327
186
4453
3762
4406
9050
506
2514
5028
1251
5818
4459
221
9797
6856
7428
1099
4653
8076
6820
8151
3500
1776
5681
3241
2211
4768
5487
6462
3719
4112
5466
7194
9301
3417
3228
7167
1191
4298
6324
7207
4434
9462
136
317
5594
3553
2626
6876
4631
4139
9965
69
7414
2512
7826
8410
8771
521
2195
4282
5018
6051
1309
7138
352
7265
920
6380
3627
261
9907
355
1751
9612
3716
4038
1639
5364
7646
8658
2142
8611
1830
9579
4147
5396
9780
6789
5590
4818
8395
669
2103
2042
2188
8382
8152
2998
9964
8329
2632
6245
3248
4370
4231
9610
8317
7801
8795
3788
6770
3406
2875
3537
2139
6407
4221
1729
2990
4955
7485
4130
789
8809
1865
9237
8251
9709
7423
5333
5885
8641
5399
9316
6025
5896
5362
7459
5348
4537
7078
1979
7993
1801
8047
4988
7794
8566
9902
5781
4161
6423
7
5009
844
8502
5455
4438
2505
4994
1358
8608
377
3461
7903
8129
8006
3559
7511
6242
1044
6762
6381
8453
7876
5505
6136
8988
762
6876
1443
9685
9806
1642
1172
9461
8633
390
8472
7523
440
923
4954
353
3179
8470
1601
4532
3897
9918
6981
4234
1054
3660
4737
7398
42
1553
7132
5338
2365
6467
3676
5628
3551
1672
8802
8734
2288
8442
9496
7616
5087
9988
5801
120
1808
6027
5274
9406
3903
1604
5090
843
9894
7208
8631
6146
6905
3773
9418
7079
3258
3133
5157
3973
7247
9325
6801
1506
9667
2867
2243
5455
422
9365
9147
1065
7858
4616
5590
4015
6279
7725
1434
760
1376
2832
5733
6342
3041
2656
1829
8515
9024
2416
4357
1953
4830
1828
2873
2482
9225
3767
9738
1036
9361
9635
421
529
8061
7565
8287
2289
8182
5403
799
5533
1698
4397
2596
4414
3592
459
8465
7011
1037
3728
6431
8005
5008
7193
6234
6030
1742
3108
4789
2511
7986
397
1399
1741
2410
5204
8281
5475
4368
9540
332
3620
1616
8824
255
433
9231
8459
8890
8766
5301
2727
9999
5632
3203
2416
5520
867
1331
2256
546
5074
613
8288
7546
1300
2997
854
2003
8387
2177
2990
2642
1496
3395
2810
6388
6184
6938
5801
6798
3283
4218
6022
7209
5259
398
5766
8537
9994
9683
7414
4144
2111
8994
5258
3006
3328
1277
8954
7435
8376
6456
502
6589
2311
84
8502
2236
393
6027
9336
3929
5529
5458
7263
855
4591
1078
2287
901
7230
2317
2008
8704
4762
8846
531
2502
8137
9803
3059
4906
7983
8365
8422
6827
3715
9433
4898
5174
1896
3529
8144
3966
346
3485
8614
6653
1731
4402
8415
2250
8989
8052
204
6059
4447
1798
1826
3465
9553
5999
4099
589
2967
4430
5945
7164
7036
435
7140
5157
6180
7112
9005
3700
4172
8042
8357
1277
231
3877
771
3735
1387
809
5917
9930
8160
2362
2379
1916
7606
1432
5621
5896
9430
7555
998
5916
7539
1450
9617
1295
7261
3257
6069
1876
9046
6503
1887
6405
3440
549
3233
5675
5228
364
9201
2158
8512
6015
9003
4673
8056
5223
7551
4747
1491
3109
4270
6617
7043
2441
3738
8781
4259
9476
6473
8130
4740
4040
883
1656
475
5974
8476
7057
8198
9945
667
9066
8353
8840
7403
1523
2446
4943
3239
2038
5706
1321
385
5937
2233
5270
9361
999
6810
4452
1415
5752
3890
1071
7418
4472
5131
7347
4198
2081
6747
494
6549
1545
2441
5203
8263
8203
5037
2214
6335
9315
6237
4434
2423
3418
3655
4946
9422
5204
6612
7476
246
3746
8529
4915
5175
7282
1422
2931
6392
5098
745
1157
5291
5211
4772
8839
3496
7029
7006
1158
5961
4595
8116
2100
9514
9456
8647
3999
816
185
7924
8993
5468
9270
247
2802
3016
7525
28
981
6780
2106
5822
1236
8570
5079
9143
7212
8645
4816
1450
2393
8197
5454
1514
5650
5629
6429
5400
5719
8634
7422
2114
6207
7174
1751
5688
6020
4963
1970
5822
5970
7001
6025
4378
3855
8773
6880
3529
4435
312
1435
5354
6000
8734
5531
795
14
7755
4597
7173
6586
2124
4308
2346
9357
9991
9614
4062
6819
9391
3123
2248
6675
8993
5479
5392
2172
1075
7658
6876
8749
2900
965
5407
7199
2068
6114
7472
1643
955
5673
8264
366
4796
9236
3845
2692
3678
5020
3864
9159
2817
6710
5043
7188
9187
8679
7006
3254
138
8623
8939
96
7720
8424
3686
1159
8901
5147
7289
3876
2141
2419
5863
3717
4858
1881
1878
9757
1634
2700
8493
6055
3794
7717
5931
6189
5921
8218
8011
3388
9108
4217
1504
2332
6734
8167
2646
6372
5549
2686
3790
8531
7730
9987
7017
398
846
1326
2330
7305
6801
7249
1620
7438
130
2883
6302
2
2492
7496
5237
683
7135
3901
4768
7924
915
3531
6982
6691
9234
5505
4207
8947
8909
9961
8325
3806
700
5533
5342
4595
5888
705
6587
1859
2597
4065
2201
3851
1865
2643
3880
8052
7449
3107
1395
3829
5219
9093
9483
7315
4343
5639
8070
1296
3041
2672
8529
168
4558
2495
9302
6959
2154
641
4795
6430
7313
2909
5326
6849
1329
3131
4825
6591
1624
6155
1498
5802
8566
4495
8587
1606
6049
8027
252
249
2634
5291
8818
9924
5536
2033
9292
9369
3341
6920
5898
6807
8312
4965
6515
2309
3766
2633
5986
1211
813
1479
9671
6885
1174
2726
1601
62
3907
7695
909
4126
389
4545
3795
2022
4091
5402
1313
9295
3838
5456
3249
4703
256
4691
7490
3601
7980
6278
7839
3416
2040
9040
9435
1155
5619
1932
8750
2809
432
9230
5462
5645
6011
1771
6418
3766
1170
4492
8217
8364
1320
6690
7372
5357
8229
4967
6629
6482
5236
8000
2082
7629
9855
7493
2086
1348
5109
2640
6403
2159
6651
8504
8863
4608
9993
7604
8692
8485
8272
3724
2430
3487
8060
9475
2096
5350
1668
4078
2925
652
5303
2267
7573
2431
7147
7833
5789
8517
9685
5069
8656
8529
8089
6058
1712
2815
7827
2763
5363
624
6274
8144
8210
1512
5569
8595
9568
380
5397
6736
9680
1031
9714
5750
6856
4384
931
6432
7461
2160
1815
175
8799
3203
5068
3901
5397
2001
7763
9280
7522
8904
8715
2300
4377
7159
4057
6060
6861
8552
8264
5408
3120
2949
5389
7624
8815
2338
9202
7327
1884
1395
5302
3202
8809
6099
9344
5006
6443
1668
3197
7566
2617
6117
9213
775
2315
7414
1373
9696
327
4870
9570
8909
3896
6406
7055
5850
7814
7443
5085
3059
2799
435
7395
6127
3602
5512
3491
8277
7814
9050
9617
5193
5355
697
2791
7002
3736
4613
5308
1401
965
9505
7000
7014
1825
6392
9306
2402
9044
3494
7192
9000
6582
138
4767
2181
8722
3085
7173
6803
3923
3095
1882
1276
5253
4377
3554
3198
3614
52
2113
3201
2134
3684
2093
3293
3434
380
4302
7209
6206
1088
9233
4320
1858
616
8610
5216
5929
610
8280
650
7439
8505
7478
7869
7623
5724
1761
7448
2838
6107
8788
8992
1380
3991
6866
2898
8044
1474
8747
8341
8782
9963
596
2835
3862
7561
9418
4636
5766
8337
7269
3004
1771
1463
5761
3628
6206
4224
5670
7710
8618
6854
4370
98
2299
241
2940
7867
3749
5712
7172
4455
1862
9939
1867
7475
7908
4642
4007
61
6306
7125
1681
4501
8838
5783
7220
9917
8229
3237
6691
3820
5804
1037
9723
1928
5593
498
535
3620
4621
1551
886
54
1165
2813
1141
1832
9595
8286
5719
1563
217
5608
1404
1493
5173
9869
1260
6516
3020
3023
9637
512
9020
3352
8651
825
215
9939
1882
7410
4107
386
5440
4754
6238
1626
3336
6025
4641
5387
321
9943
7518
5128
3602
195
9633
8229
6755
5723
9237
4019
599
1598
1913
374
1034
7812
4161
316
1616
9656
6403
8309
7455
9831
168
6649
5255
3546
6532
5235
1874
7632
2701
9694
2993
3892
9749
8455
1191
1986
3184
6158
8172
88
9786
3841
2841
5863
592
5523
1863
4325
3771
665
3539
9209
7672
3771
27
2984
2974
3208
9190
4002
2144
2967
8896
2219
7380
7141
8063
5705
9124
9630
6472
244
136
7367
44
6326
3808
9391
2954
1009
3371
7548
3861
2036
6154
3784
6220
5978
8428
8207
9011
9975
6967
4170
7943
6819
4944
621
8482
3450
7460
6157
5200
4141
4193
3294
9072
305
3726
3700
9175
3582
254
8181
630
4595
9105
6860
6064
3595
921
2085
7277
916
618
6496
3277
5966
9423
3225
1382
3186
908
9503
3549
7214
2348
9720
7842
2859
4712
5914
2251
4728
9031
5428
9720
8786
3539
3347
7713
8083
4557
4886
2528
5375
8880
4283
3522
7696
17
3106
881
500
2318
5989
2674
750
4632
3416
2247
9384
9017
3204
8883
5007
9833
2548
1884
5189
6775
4490
2427
6075
5511
3298
8629
6021
6975
8173
8334
8064
6197
146
2842
1605
5032
1750
2410
3042
2754
8970
4154
122
1100
8329
9065
1352
6002
7521
5541
6331
2398
8333
920
5526
679
4806
4988
9019
7360
6652
3775
6458
5082
4183
3186
8871
362
7278
9974
8083
138
8842
2434
7805
336
2304
4975
7182
4232
7276
18
9454
2632
2002
5665
7864
9225
7315
926
226
6761
3390
5681
6102
5194
7695
5040
6917
5142
194
989
8724
7547
7458
6193
3556
5898
3115
5190
8374
9831
7806
4786
84
6633
4321
3825
3079
8517
5321
9646
3047
6351
9747
1321
6747
3160
6332
2611
2641
7263
8058
2040
4038
6286
1294
1906
5174
5809
2109
1966
6110
2125
2551
395
8955
8604
5597
9468
872
3869
1961
8399
9820
547
7942
2372
7799
6136
9445
395
9565
504
2549
1110
1772
5765
747
3797
5339
2414
8651
7269
6408
3355
3536
921
3800
9352
2365
8143
7563
6864
1738
8771
5302
9658
2220
3491
8343
8921
4107
9037
6364
1713
2401
5605
9576
1440
8622
3190
7856
1800
4129
8458
5218
4691
1991
6465
7011
7020
8572
8447
3770
1301
2832
2701
8765
3777
5808
2114
3544
7256
5453
6417
8306
9614
905
4694
953
7930
1345
2359
729
9175
287
5762
2734
3280
3552
611
7667
5755
6479
1323
349
5660
5266
5062
8881
9700
6840
5798
5632
6508
9645
599
6346
7711
151
5604
3786
7296
5511
9080
5675
6212
7717
4595
1014
7069
9966
5485
224
5197
4447
7789
776
4130
6067
2646
4347
5842
5813
1253
1090
5547
6727
4221
9530
9687
9416
5022
3128
7948
6824
370
243
7399
5648
4137
7943
671
4047
1811
9733
1354
5573
434
2060
1856
9822
2216
1643
7505
1256
7943
1483
4258
7990
127
9484
3495
5065
1326
7653
4943
2357
2276
8372
4077
7545
3377
8481
1930
4703
3676
1795
4002
1519
9735
9973
6292
2160
7673
9865
7199
3379
5623
6691
8881
8886
5985
9408
5520
4652
4447
5606
2720
4157
4790
8997
3297
2062
7983
4310
6445
3734
9713
2801
7580
6147
7481
2738
8254
153
3191
1335
7391
1461
454
1564
6733
5584
9491
5190
1560
3968
2961
7277
255
8069
9074
9844
6729
738
6676
4230
4176
3363
3420
3464
3665
2821
9111
2733
1405
3246
1154
5366
1461
3111
8215
1259
3703
3225
2263
7712
2571
2793
2750
2476
773
2435
2545
9510
7073
7636
6009
7516
3477
8960
7158
4027
8041
6989
7898
3911
6472
6757
3784
8313
2814
7594
5816
7143
9854
7814
6141
3503
8474
8963
1659
1383
612
943
2691
1229
275
9600
5659
3769
7237
3638
1889
2500
5953
4187
3218
6713
5326
8352
1239
5813
9008
4437
9662
3178
6619
5402
9656
9258
1495
2506
9041
4513
7300
5774
3414
7097
4298
6668
3635
6872
1097
15
1075
9176
5705
3315
1190
5667
4596
9427
8176
122
7723
5845
2375
6175
1281
9512
4610
4873
9944
6401
2274
4731
4596
7375
5199
178
772
6120
2415
8658
4716
4367
4716
8993
3361
486
7472
3304
4211
3989
4662
2067
4329
8918
6789
1455
3399
7239
5815
4785
2058
8761
6928
4696
7741
6344
4579
8330
8115
1011
4895
8475
7012
9518
5406
3356
1129
3381
2814
795
2040
1305
662
5955
1738
206
401
5678
585
3744
6778
3532
304
7630
6599
5954
7438
19
1251
7016
5906
9142
5189
3200
9093
6186
5055
4811
3512
3433
325
17
4425
5020
2745
753
8099
973
2957
7534
5942
8901
7744
4370
4232
1362
8171
9381
2919
9451
5917
1110
2129
5797
4888
2897
6116
7462
6861
5552
5151
5590
2165
7152
3419
6760
9107
5284
4885
5846
7854
6465
7061
3717
1074
7005
1398
818
8967
7731
8014
5673
1892
4061
7515
9214
7887
8627
131
9847
4636
637
4112
7405
2383
351
6735
591
950
7471
2254
2887
4496
7072
1596
9452
4048
8412
4723
7882
1498
5297
8494
9129
7537
9477
3698
8104
9637
4205
8873
480
5152
5037
1209
7217
2352
9656
1333
722
270
807
9868
1495
5477
5127
1176
4819
2464
8063
5166
9475
3904
2248
8348
9339
2142
4983
9867
2905
6653
8631
953
6745
8598
1774
7734
9459
5862
4379
7099
4391
7078
4001
7612
691
5429
6999
3651
2409
8300
8879
5640
1574
9038
9397
6575
2903
6688
1870
5074
7369
9789
8428
4069
1639
9853
3122
2896
3703
7393
1717
8956
8084
963
775
2396
9903
4636
7657
3909
5143
1331
7457
4605
7773
2990
9379
7707
9200
5198
4830
2771
3992
9305
9729
4601
8650
9932
5973
838
2306
4102
9948
5016
6583
9923
7556
610
8263
7001
6672
8267
9031
7961
9930
6038
2331
3822
6295
8648
474
5415
3696
8505
2562
8946
4964
8778
1233
6173
3745
9971
8662
6819
1603
1041
1383
2441
8021
7850
5434
8768
9443
2199
8525
6563
3739
6031
9375
3691
2270
4827
3636
7325
363
6890
406
1442
2453
7637
4958
8777
9376
2090
3255
6701
9605
2212
6357
8889
4654
9890
5800
8444
3213
1705
5972
1496
9979
5999
5206
8933
9403
7542
3903
8917
6334
1337
6455
4712
635
9941
9987
384
2891
6657
9391
7353
8943
1824
6957
1527
9673
485
9037
2379
9027
5191
4111
8658
918
8909
1462
6454
2430
6025
9374
1834
8187
4337
366
8268
5756
1645
8253
4713
9903
5415
5552
6556
2314
8618
2552
8155
9041
3678
9259
8917
8505
1523
9890
1142
7225
7797
3793
1725
8478
3533
7954
6866
7282
7557
9165
4606
1457
8689
5770
8027
2232
4323
2476
3611
9639
7555
6343
2299
6356
3307
7412
8752
6765
456
3329
6663
4447
9224
1042
7959
7852
6527
6235
6369
7461
8686
9273
4757
9453
7946
6698
351
7907
1232
6685
4181
9047
6279
1503
9670
1453
1493
5369
5171
6120
9201
100
6825
4227
2502
159
2233
