2643
2621
1782
4584
910
8649
1963
5221
3682
3848
7048
1803
2995
4619
7356
2968
2045
2962
3707
5361
3800
2297
7146
3254
8147
1986
8552
3130
7943
8112
6475
4930
8556
9454
6899
3743
8987
1004
4566
3980
5706
8252
916
1027
2367
9994
1419
5896
8865
7383
6384
9918
3719
876
1800
346
5474
8528
6436
8924
96
8832
7277
5569
7372
2117
3247
3540
7719
3612
3980
1040
8395
9727
9654
5548
1380
6119
886
8152
567
2656
4264
560
1727
6556
1211
7679
7654
6553
8269
459
4567
5642
3883
6873
974
5346
3654
250
6747
7878
8176
5252
3402
5344
1522
3991
1221
6252
8965
9355
7642
8284
8356
7440
4568
6717
3842
816
906
5567
5886
1166
5343
3521
6473
2752
5844
2780
4573
6033
2464
636
1405
2689
4479
9012
7157
6383
5033
7219
6458
1401
7588
8913
2816
6282
7286
6442
2305
4257
1504
2838
9343
1179
1991
7010
9908
9880
8870
8769
8147
8441
1678
2931
6891
7005
6879
5667
2960
5555
9559
7458
5782
3686
9109
4484
3577
6429
704
190
5466
9401
474
315
4529
9625
1292
225
697
7469
9103
7276
7513
6263
9072
8017
9723
4656
2022
5811
9403
1618
3481
6749
4697
4046
7056
5657
2070
7507
3432
3479
9176
8679
3303
8745
7966
1363
8402
7265
5713
6654
4970
5490
6452
2283
9945
9518
4613
1091
4761
8921
4406
4893
787
3847
5920
3725
5617
482
2568
5634
8154
3190
4037
5624
8100
8833
2960
327
50
8359
6253
4756
97
2749
6648
7991
297
2414
4100
7538
1043
978
2745
4510
9072
4282
7892
9455
2825
4241
5745
7919
4697
78
8500
1779
1452
828
4182
1112
6557
4286
1041
6401
2668
9650
4796
8038
7198
7928
3427
3203
6382
5030
4591
7175
444
9527
6551
3818
940
3504
7501
5809
2614
8333
59
18
4248
4869
6538
9468
8231
2988
980
6757
9937
6343
1842
9421
9485
9854
2256
4896
813
2542
1537
9667
5487
1324
1335
1925
4276
364
171
3053
6784
5231
3787
4334
9590
4778
3789
2329
1390
3959
4971
3394
4049
7834
7237
4100
7685
7129
4332
1086
1247
2605
4996
72
6796
392
4530
2924
3533
4613
5191
7866
2816
7927
9972
4706
2556
7508
9831
4707
6065
9927
3505
6853
7570
8143
5617
7653
4086
7234
4240
7146
6032
9085
1805
4179
235
3715
7537
9198
247
864
8796
6777
8767
7104
577
6122
7861
2531
1544
177
7298
9625
5021
1320
9099
8142
2501
8653
4774
6876
8837
6299
372
8045
1834
3731
6122
5793
4471
8840
9970
632
4459
5200
1131
6727
8086
465
7566
9495
9791
1554
5689
4063
9847
6406
4063
484
5079
2092
1213
8884
4424
3370
2027
2496
6404
722
5270
6845
0
2068
8060
2704
206
6666
5165
9820
189
2372
56
2036
1087
5279
7084
7282
609
6309
8197
5427
9667
5637
714
2378
7627
1085
6208
1088
3173
8634
323
7364
5195
720
9494
7723
3494
2985
3856
3181
1241
4242
295
2707
2036
9177
7797
9144
6286
4744
1886
94
2524
9842
7177
4363
1354
5682
5076
9121
458
4076
6647
1554
2048
2692
6840
366
5784
9361
3788
7624
2453
5016
4186
5424
5341
8007
342
8449
3287
7063
4802
8428
6747
228
4839
5352
3542
5131
6368
7812
7908
4734
2722
7164
7595
8740
658
9343
2337
7431
3359
6924
955
4262
7641
7508
5656
1752
9021
3347
5339
6627
5834
3395
9274
8218
4807
1820
7852
1487
6823
653
2992
5976
9715
7719
2293
7021
7829
6601
7348
998
6112
5855
3703
7877
7472
2484
2586
7331
9696
1790
6110
3021
2472
1280
8900
9327
7890
9376
3933
8837
1491
849
607
2706
3932
4979
4547
9922
5214
8634
3923
2419
5998
4341
515
9978
9691
1397
745
2322
9233
521
1791
5033
4542
9970
3503
8434
8819
2965
9131
8453
2667
8511
9507
5263
5248
996
3944
2493
7937
2664
2116
1061
7866
3690
7022
8131
765
8921
9636
6493
8630
1611
9603
969
9058
5574
8164
3961
1475
6112
1103
2249
9503
5469
9752
7487
4834
5251
4730
8694
7452
8252
4384
6569
8405
729
7166
851
2947
5372
7668
9897
3329
2638
9822
1056
8907
8537
6205
9673
2832
9982
1017
1825
1561
9866
1558
2396
3938
9535
3297
5513
4191
941
9040
377
7227
3034
2564
8328
8407
7312
1013
6103
8443
1205
8920
6865
5647
8696
8579
6296
9046
5056
5862
7469
7235
2558
5007
8538
9170
4769
6913
3412
2075
2155
5706
2387
3597
9444
3828
5873
5972
7876
1265
5520
8968
4913
3382
356
946
4693
6749
5241
955
7000
6466
9134
5079
1571
3142
4668
8026
4026
9158
3638
398
7601
4028
6288
5499
6532
3267
6202
4867
2706
323
1170
3790
341
8500
2321
9176
4651
7591
4477
8019
1671
2456
5074
5688
6571
7308
2025
6302
9160
7846
1946
8718
7627
5121
1367
885
7093
4856
4414
1425
547
374
8249
6676
5296
5343
4737
3070
821
5491
3375
6434
4680
5618
8726
5144
8953
600
8927
9224
1241
9900
5706
4860
8377
2452
6163
5219
7133
1435
2082
9794
3176
3051
7472
1297
4207
8398
391
1227
2570
8955
5480
3669
4470
5511
4037
2009
6395
6222
1932
6493
5928
5189
184
647
4667
3388
8299
2844
9180
9518
5937
9385
3408
3580
3257
1629
8146
7428
937
554
208
7700
6654
2286
4419
2037
389
2865
8414
4154
8824
910
9503
5589
3866
7986
2867
6824
6630
818
99
7547
2047
3052
3017
6094
260
890
2253
2408
3862
8966
5285
1377
6285
8228
8535
7897
6227
2629
2999
5433
4429
5025
693
5026
9882
7819
9714
5270
8762
1321
798
118
455
2660
5652
3602
9269
8324
1776
9499
612
6006
291
9858
5625
8125
9303
5637
9451
4969
596
4000
7819
4666
3118
7021
2358
7990
6212
2441
1176
6982
3645
2540
8167
5166
922
3625
2576
4933
8627
7903
852
3500
4821
8422
4734
835
9401
1756
8516
4076
5819
3792
724
6798
2299
5789
9542
8630
1243
1279
2112
9335
8323
3629
2360
7751
1690
459
7203
5678
3061
4517
6342
2693
3147
4319
9845
4695
2287
1523
8588
4456
3925
7099
1163
9853
1815
1369
2866
5132
4082
3945
3690
7348
5791
1517
5176
1191
6062
6983
9145
8942
4552
2837
1014
1302
7450
8031
3650
7980
5944
4847
6342
9720
2690
7656
5410
1223
2466
2506
5935
320
7592
2071
1595
9116
827
8993
6902
1630
9142
8653
8632
5304
2378
9646
9903
1087
6085
9860
2403
3784
7719
4886
9188
9235
7603
3970
4658
8134
6106
3953
8725
3555
1047
8824
1349
2481
1242
1898
474
8456
1128
2020
8838
7291
6214
1037
7342
3043
7752
4323
5137
2605
102
2150
2601
2706
2882
2359
1512
6857
4334
8767
5523
5188
9927
5077
4257
3553
8297
7422
9844
4187
9385
3946
2655
5699
6047
1897
3021
6565
6628
1615
382
1783
8815
6120
3452
8897
6223
8643
9598
8882
385
3617
4122
2361
6496
3649
7363
1137
6780
3788
4745
330
4478
950
3219
6155
9495
6902
6658
985
9338
4947
229
2718
8385
3740
6373
3806
1624
5360
7330
9653
7823
962
3801
5768
9824
293
9202
2398
4533
1884
9785
2839
6869
52
7304
7865
2901
7296
9401
9320
1984
8613
9543
5438
3388
1404
3976
2755
7276
3556
9512
1420
6458
5092
2506
3515
7148
7451
6331
9201
7699
4259
6451
7454
5161
7389
5848
8332
6435
8507
905
4327
5958
8009
7669
9210
1418
8363
2379
8420
6317
6446
5122
976
2371
8364
6381
1777
7545
3789
716
5450
965
200
1621
7725
2161
2089
276
5999
5555
5643
6320
8768
2650
5185
5462
8448
7422
3296
2097
8785
5071
7911
2883
1252
9137
5474
5082
6797
1008
4071
786
2646
7791
5455
3362
5758
6388
9943
7048
9328
8086
6380
2865
673
126
6354
8325
7186
2902
7932
4354
4249
1691
1930
378
3053
7316
368
8587
6687
7006
3479
4991
1483
4856
3674
976
7195
1822
9703
2060
7478
6248
2768
698
8691
5046
2210
1126
2782
7148
7896
3894
3075
9716
6537
954
5860
5077
308
8442
6020
1355
360
2322
4607
1389
1381
5817
6452
5377
1130
5363
3198
5872
6875
8001
8923
1231
1687
8007
5106
9241
5805
9538
9110
9584
1915
1767
8319
2719
5115
2117
1514
1261
6040
6122
5887
446
6091
7302
3665
6392
4674
7405
6018
2533
695
7202
2840
8535
2031
4628
3390
2301
3335
6778
5550
822
3211
5022
9473
9613
7497
3732
261
9012
3849
1936
9832
752
2114
8476
5140
4385
4342
8713
4567
8399
3520
6577
8888
4713
8927
9783
688
487
8727
9212
7925
9261
572
5064
7234
1068
7828
4051
8895
941
7143
7005
8683
8758
7370
2087
6421
3554
9488
9005
7958
4622
2210
7150
7301
6634
6134
4760
686
7714
3044
9774
285
4636
4011
570
180
7049
1241
4071
6556
290
9818
3625
1256
6515
7893
129
7342
6839
3361
7133
998
9722
1254
3303
7050
3421
7763
600
4934
3068
3365
1180
7897
7368
6720
4047
4747
6799
1906
9372
2312
5416
2448
7668
4804
8585
5894
786
8741
6004
7417
3846
4352
5910
8776
562
3382
707
3519
6759
9285
641
9137
3488
6925
8637
5728
3888
9795
3845
5381
543
4932
3989
4821
5582
7273
3585
8498
8465
7527
6977
1859
8930
5650
9518
6827
1986
8592
6157
665
4040
3280
5147
86
1670
6279
8960
743
6167
2857
2005
990
4895
622
6874
8913
363
1089
3194
3288
9796
2208
5053
9232
2308
8782
207
7837
7406
1809
3741
5295
3637
3180
1341
7262
9785
3902
3150
9302
8313
2842
2331
5608
5521
5986
6963
8307
8776
604
6464
897
5398
2868
868
1831
8226
5914
7778
2888
6072
1122
3336
4357
9115
6710
7353
1714
9280
9611
9128
6461
7938
3891
4975
6953
9876
9445
3711
6322
1818
1899
9061
6802
5345
2843
9897
769
2311
9509
9036
3870
6124
262
3230
7191
9506
7974
6492
8811
8633
5249
9026
9164
1476
2
2959
1506
7893
3915
1954
8780
2203
1455
1069
4172
2060
6534
9012
6272
6812
6583
9402
9771
574
5257
337
7676
660
7783
7447
1902
2952
4900
7689
6569
2873
9897
5326
5342
9884
8390
2875
8396
7555
255
1666
4668
9192
9058
5131
2972
8961
220
1998
2049
5846
9255
8589
6218
9665
5283
846
110
6468
51
5828
7303
3766
4500
1299
2162
1207
3669
6388
8421
3708
1006
2215
318
3591
5668
8483
1602
2651
4474
2940
2732
2901
5640
722
3617
1307
9107
5677
4601
7544
2765
1928
7503
4427
4363
901
4692
7758
2968
1764
5292
3832
3577
8340
4840
7039
8270
2627
3996
6799
9243
7458
1993
7111
3096
4402
8126
3778
7681
854
2099
7992
1786
876
943
9077
4712
5891
9227
4766
3791
3843
9683
2710
7648
8899
9324
7299
5881
6577
3036
6480
1680
7801
8301
5306
9935
392
1331
9960
2775
914
77
2113
9664
7300
2045
2700
7397
5762
2327
2379
3399
9229
3008
5399
7775
9283
9462
4196
5078
827
7896
1103
7818
5619
6311
3985
2575
5636
9142
4320
4559
9267
1991
2876
3766
7569
3045
348
6854
6624
9901
118
4250
656
3081
2451
4792
2901
7531
651
929
7135
4882
1948
3018
8973
4295
4045
989
8059
124
1761
6620
8006
7820
4132
7238
131
1633
206
6237
9114
7342
8454
925
7777
6852
7161
2537
3860
9192
9674
8104
8490
3390
7424
4384
43
9858
4793
3273
9000
9359
8794
6499
8140
3498
6244
2836
8949
5212
4661
1267
7325
4413
1815
9792
6428
1022
5240
2120
7134
1507
7128
8866
449
3657
8129
4616
395
9747
7195
272
6840
6932
7237
9755
8547
1954
2785
4278
608
4324
3588
8647
4531
8407
778
4077
1575
7631
7955
9020
4617
2673
6139
7492
2230
9927
6050
4482
5368
1627
2440
9201
8017
4388
4427
393
7175
2060
1244
4474
8237
962
1511
2809
7919
8481
4335
2042
2878
4052
3040
2764
1792
8175
5654
4166
793
9745
7524
8620
5903
8302
8909
8980
1883
4387
629
143
3979
385
6901
9515
6386
3481
782
3655
1161
3329
9573
3748
5591
4008
1604
1316
8587
9676
7409
9842
8733
260
9599
7430
4535
2624
8571
9934
2052
2530
926
3532
7851
4192
8062
2493
7151
3525
6377
8311
7392
1999
3005
7464
172
3775
3028
1894
6698
7593
393
2207
6977
787
1409
3718
785
9470
4979
3762
4909
847
1603
8630
2403
6040
5897
1399
5946
9111
4165
5061
3298
9098
2449
6734
7255
2135
7258
759
9595
6676
3236
4458
2136
8718
6554
7063
2782
4343
1707
7680
8546
2615
3401
6545
395
4374
5060
4131
7878
1628
5948
7587
3428
5332
8908
7879
8338
4674
6463
8650
2212
4220
4166
8233
7611
7144
6494
3684
9486
8833
8616
1602
7403
6484
6515
683
5696
5904
6339
2880
7074
3126
2880
7966
727
5649
1030
6803
9809
8674
8725
8107
7880
3057
5467
4325
8448
5167
8934
3250
7880
1376
4644
9044
3011
4346
183
6943
8817
8225
2182
2433
8335
3582
1575
9085
1339
6200
7505
1961
6114
9690
3875
811
108
508
3722
4346
1017
2189
2235
529
6970
3088
5000
5698
8481
3835
4954
6381
5466
4086
7986
1584
6491
6291
9772
4297
1481
6381
2985
2247
7661
6972
7136
8189
7500
3832
8936
2502
624
5836
5926
6627
5989
1653
5463
5247
8581
5876
603
7503
1245
1124
6495
2027
1704
2291
4320
3816
736
9424
2864
4635
9203
9987
2867
9997
5952
6811
8197
4649
4899
2451
5757
9629
8160
1358
5594
4838
828
4525
5715
5605
5777
5481
1002
6537
477
5108
6485
5209
9512
5120
1766
1199
2971
1291
7424
6001
8785
5465
9294
1770
7678
5954
2604
8793
5367
6865
3866
345
6697
9481
2987
6211
3708
7259
8857
3722
8985
6330
9520
843
325
2988
5136
9778
685
4557
6657
6869
3934
9592
6053
5363
5230
3944
7926
9823
2877
2208
1169
3611
1241
6140
8512
31
2133
5555
7490
5712
2434
3701
7016
2454
5944
8451
1445
4689
818
2826
8108
810
207
6997
6411
7104
3428
7623
980
9764
9332
9034
845
6776
5161
5909
9601
4185
4476
5105
7645
5130
7066
945
4434
232
2575
3598
9419
6779
2499
3236
9004
50
4100
359
3403
4243
9728
1407
6602
4509
4574
7726
6379
3400
2856
239
7293
35
8849
7260
213
5713
5180
2978
3743
9261
2563
6178
4528
9830
8204
4201
7264
6096
29
794
2676
4802
2505
5357
4456
3068
8502
3135
555
9339
4566
1034
7375
2336
6305
9384
7929
5238
3023
3290
4869
1122
6615
4141
1680
3550
6878
6772
6305
372
461
283
3370
2062
7562
2491
7529
3492
2803
7144
7211
2045
2422
4404
4695
1528
8803
2192
3524
8820
6271
2025
3072
6738
5924
1554
8186
8363
3676
906
6189
1729
6830
182
8877
4282
7664
5312
4773
3814
1854
4437
2434
5878
6079
2824
8700
2211
9446
152
4746
4686
3247
7484
4101
8435
7210
6631
6138
6008
4304
9166
9815
1897
954
5481
5214
2239
5526
413
3864
3490
7418
9710
6966
1834
9590
7194
659
3099
2854
5975
8917
3524
6159
1503
8481
9346
6081
441
7071
1032
9174
8765
9510
2687
4622
537
4923
598
7609
6460
6684
9032
6288
1256
7267
3537
518
2266
8844
16
5972
3038
3153
8328
249
6291
5738
9451
6999
5868
6157
5084
3341
2831
4315
8653
200
4278
7212
9053
2270
60
5489
6393
9290
9884
7235
4902
4235
4944
8827
3814
1596
7055
5060
6135
5611
1181
2438
8330
4799
5472
3599
1741
303
1599
5691
3457
6940
8614
3337
6239
5054
9791
7745
5911
7549
6759
9037
364
9055
835
5215
2054
7040
2342
3488
6285
7770
8180
3041
9019
1839
8881
4254
6798
6461
3748
6090
7691
4192
3778
7962
5621
1607
2588
8759
1805
9310
9148
8586
8851
2143
2073
9275
3964
256
1544
4700
7960
8111
9406
5686
8760
5572
4318
4399
6173
5537
946
9450
3800
669
1346
6172
5277
2873
9593
447
4452
3582
1683
6974
8621
9594
4189
6875
9765
9606
290
6542
4916
9048
8129
9580
4786
8091
9201
49
7289
8188
2586
6268
8364
9698
4786
8182
797
5901
3997
1090
662
1096
247
4377
6428
2431
7064
9166
1382
7442
4634
6567
5246
4404
4533
4751
2540
1766
1386
7185
3671
9544
3158
6264
996
5414
8610
8923
4808
6007
6078
3864
5608
9199
5879
3820
8801
3751
3151
2354
1027
35
8666
9846
3554
6018
1021
3960
5165
34
5642
9030
4515
6812
7419
1118
7938
3982
3380
1013
3821
8141
4358
5374
1363
769
959
6047
8525
713
5950
8788
8614
9031
6158
3635
878
3311
2710
4978
4393
4650
3757
4773
365
7047
9349
8795
1779
4761
5881
4819
370
2138
8533
2885
5677
3291
8482
2784
5059
4974
5434
4452
4084
6854
416
5483
654
3784
239
4626
1271
8402
6620
9170
4384
9584
5009
4316
1420
2163
4267
3763
4831
1130
8417
6476
498
3272
7957
7587
4828
9925
9919
9418
9215
9304
688
3511
6631
3865
8141
7995
4521
1254
3547
1968
5518
9362
8501
6092
8282
4166
1364
2895
706
1671
9621
2953
8436
3940
4985
7381
5826
2652
9798
1345
8483
7201
9955
5079
8895
1497
7684
7554
4022
6272
9242
3576
7583
6449
958
1135
4771
1864
9304
661
8561
7023
8712
7544
9683
7735
5074
2691
8880
760
2168
1868
1456
2201
3484
8316
9407
3421
7197
6784
6482
3810
8873
4434
2428
6044
5369
1987
2982
3849
2609
3961
3347
9136
2784
1459
8488
2410
5395
1160
6422
4993
8673
3261
4104
7373
2120
5382
2964
2641
1728
1349
4667
2520
4179
4750
8150
4278
5115
3639
2365
3086
9709
5030
8150
8206
8521
2319
9416
2024
9827
6996
8026
6036
361
1489
5136
5611
329
5055
3924
9987
9023
340
2121
1259
9294
827
4957
8033
3309
4210
7295
1756
8794
3335
5283
3642
5110
5897
8852
9800
5965
940
2813
4732
3323
8630
2158
2689
9614
2538
3948
60
9714
2378
4063
9368
2909
6891
8912
7693
7362
1383
8714
5617
9701
6269
7242
7025
6205
1493
501
4432
6203
4124
4021
8082
7527
7389
7935
663
8669
2267
8419
771
262
7234
2042
6416
9272
5915
733
8219
6985
1158
2437
4582
2225
7196
5031
7054
1388
5132
6484
8120
2037
9515
3857
5589
8356
5980
1841
5520
8955
8248
9024
5094
2963
7943
5354
2466
4226
825
7753
290
760
2282
7446
5044
1686
9439
5857
330
2357
881
9275
3536
5783
298
8734
746
3377
6452
8060
3291
4073
5212
9263
8737
2133
7343
1618
4281
1841
2564
2827
563
7378
6194
7360
9754
2069
8812
3903
8917
123
1510
3162
8074
8973
5488
9311
2665
9209
4608
9088
7774
2765
4462
6216
5547
3018
8709
2910
4343
7820
1575
8489
9793
8053
8711
6157
9589
2938
8979
8677
4565
2549
9142
3167
2562
2050
1189
9763
6645
8031
8953
5072
7232
3476
5052
7797
2915
9977
1812
6736
3359
5901
9559
1097
8547
3021
3369
20
261
9330
9722
9726
230
5931
4522
5225
3622
1295
3653
3497
1828
8945
6265
6311
8866
6502
1256
6316
3000
914
3241
9611
1126
2242
5317
8664
2989
8045
4619
9541
8680
1169
9502
7315
8309
9227
4842
1301
8953
9827
4174
1620
6323
8314
4907
4413
9635
3247
2230
2045
1765
7052
7019
9347
6088
110
8600
7987
613
5858
2235
5577
6675
4112
4817
659
9443
8950
8001
9639
1660
9955
7362
3173
6739
1621
3287
2811
7334
904
9028
9741
5815
2574
7776
1627
4150
155
1226
8199
626
6854
687
3095
7591
8597
4945
2211
3497
4248
4970
685
5245
2590
384
1809
9690
3845
2607
4467
6822
5788
653
9708
6830
2494
9762
4100
6336
3189
6509
9287
7723
9802
9012
4805
9267
4267
5581
8141
6675
1076
9313
3085
5934
8342
4495
3224
2190
5966
1937
304
7547
6759
1376
4837
6201
979
6265
5097
8835
844
5874
308
7739
5682
2962
5443
3578
5578
2542
5422
8263
4465
7791
5746
6475
7567
3774
8487
7998
6538
1910
370
1251
6204
1740
964
8426
4174
8604
8288
8002
484
9306
5831
5201
9005
5346
252
5380
9052
9646
6611
3423
6514
2040
3081
8967
5629
8362
8634
7204
7777
7098
2297
8933
5504
9056
1535
3941
1997
7017
9403
6974
4254
7420
7779
5159
1960
545
7470
2220
3521
3107
8946
6891
5299
6946
4737
4163
8658
1996
2796
5812
9969
1083
224
3385
7009
6897
9696
9948
3811
6310
3382
2035
242
9636
9169
9094
4261
7922
7006
5084
892
6413
3683
4670
8152
5405
3634
8558
4319
7371
5283
0
4220
3590
7005
3170
7195
4393
8150
5063
848
7521
8409
7211
9724
6910
6649
5662
7777
5642
9902
736
4990
7711
4920
3555
7400
5554
5232
1603
3262
1138
5628
6439
1027
3381
7814
6652
2631
5998
1898
9867
9771
1943
4235
3370
8004
6472
4946
1241
8756
7971
781
8676
7468
4546
5010
6509
8670
3449
5770
1641
9160
6546
1800
9710
1892
1969
6183
6342
9096
9996
3031
1778
3744
34
964
3047
3476
1549
5551
928
607
3991
2847
5290
357
6952
8971
6480
8371
1304
7981
9181
228
256
707
3225
142
4525
1477
6034
288
8603
2145
8759
4940
9003
4932
7434
3582
1963
3033
7120
7898
4841
1033
5169
3698
6510
9353
4940
2998
9703
7970
7791
2014
3849
1549
3488
9327
7738
2904
8950
72
9516
639
2004
1845
4088
350
1354
2019
1536
2897
6408
8271
861
1283
5386
9222
5537
9526
3632
5171
6537
3036
584
632
4353
6744
1091
7453
1444
8106
5843
9058
4082
7048
8382
4201
9029
3323
9610
6159
7999
2920
1461
6805
1562
9520
1153
2565
6162
4265
3790
8212
9272
3779
3534
6480
55
1371
7492
7343
9259
3900
575
3430
7054
7349
4189
3812
2901
1184
192
2213
9915
7472
7172
3616
1574
3779
9070
4833
5590
8525
1291
7178
4316
7631
9785
303
3513
1902
4146
7658
5831
2267
6900
4099
2344
8031
9751
4213
5330
7340
9664
4977
4072
1576
8296
1800
6606
9917
4905
6275
2301
2659
1752
733
2608
3397
9114
9422
7563
3885
299
998
7038
2534
6382
7648
571
3073
1271
3543
4028
4856
9502
8249
8860
6313
3105
2740
9334
7984
3696
3595
6996
7871
5357
3172
514
6167
1490
8947
8917
328
6649
1444
7041
8665
7939
1538
5193
647
1229
3533
8646
1362
2247
7444
3156
3502
1872
6295
291
6373
88
9578
189
6703
4002
9166
7176
3210
7134
4404
1583
2324
4625
3699
8207
8057
1208
194
8374
1567
7546
8687
6755
163
4949
5633
5623
7913
15
7011
4294
5195
8656
2543
240
7070
1255
338
4663
8772
4362
1983
3513
6824
1950
6321
6737
8547
9236
5099
2294
1678
7920
8724
8827
1400
2823
26
1753
8369
3543
9263
3194
123
110
6388
3667
2082
3459
1137
6801
869
5531
9601
7204
5563
5174
9931
8212
8628
8896
7075
8676
4916
4716
2615
7274
9931
3716
8839
4247
1229
8585
6294
5229
5098
8788
3389
6714
5562
2653
4654
5088
8099
8297
1425
6146
8319
1519
3263
6226
2892
1813
3125
9472
6467
586
8278
5406
7494
9113
3735
8366
4619
6890
5572
2284
9237
4372
2106
6775
1784
3216
2650
5974
4241
1986
577
6619
3291
6469
8955
8412
452
2613
1354
9415
5460
6821
8761
4511
509
7983
9220
6448
8917
6288
468
1208
2724
9140
6908
3946
9413
6488
4442
9675
9162
7151
5230
4480
9
1659
2114
1024
158
5323
7913
2006
5535
6156
6824
2415
5610
7594
6265
3800
3996
6202
7056
7953
1518
9368
3894
4150
9560
5008
8999
3964
8171
1679
253
8309
1591
4280
4502
8850
5868
8195
6290
3594
8374
8461
5673
6567
2316
4493
8336
1818
222
641
5679
2960
94
7277
2962
640
7764
7964
1464
5150
6323
3949
3835
3856
5903
8515
824
1330
3091
7415
7932
5800
9912
3461
9579
3056
3694
7327
1833
5067
6672
7180
3741
7529
6000
7293
8214
4314
1318
3862
1085
7904
6731
1139
7271
4424
4626
1817
663
3801
3668
7006
8727
2806
2709
9878
3047
6633
7697
9905
6945
437
6130
6396
8477
9142
208
6305
7855
8610
300
6510
11
9229
6330
27
9069
8772
6190
5154
8430
1877
6663
8031
1398
9666
8453
935
4820
6121
4245
1580
6616
1412
6916
648
1774
334
2662
8128
4216
8320
3961
2053
3500
7158
6994
9497
6476
2681
808
4275
443
2543
1475
5068
3773
8098
4997
8811
688
9273
1484
1734
4365
8720
9894
8599
2313
5681
8253
8735
6110
8061
938
109
7915
4609
4531
4240
2671
8956
4458
2139
5313
9969
1137
4072
9936
1847
6874
3675
5336
3850
7439
4943
6835
2227
7688
4780
7263
8394
7184
794
4428
2073
8165
2381
1604
1365
7153
9164
3567
756
6139
1732
4814
9345
6421
4395
7582
5821
8662
465
8807
4577
3398
2259
622
5995
3274
5688
6921
9750
6977
4276
1771
3663
7711
3239
1804
8756
2468
8571
4694
7710
108
4579
7710
5706
128
7489
5806
3292
7197
1442
9732
6718
1987
9850
8674
5905
1758
5609
8091
1464
2242
3816
3779
1862
9961
1150
1634
3181
2591
8826
3353
91
5770
1096
4469
8818
4548
4915
5866
5784
9882
3629
2552
5534
4544
5052
1676
7860
4564
5898
6997
6858
480
3229
5468
6291
799
5847
5745
8978
5855
2624
700
8371
8089
9640
948
891
5380
9855
1356
6843
9742
2306
1582
8612
1264
8245
7318
4908
9474
3773
8616
6693
1829
6494
9611
2540
5628
8178
8019
8700
9169
6888
9929
7257
2929
4181
7445
4903
4104
784
2480
4709
4541
153
7116
8173
1647
6855
5027
2554
8529
837
9503
2082
4008
4007
6541
1594
29
8407
5262
7202
1836
2655
7673
2854
2377
4325
5683
7082
799
2414
803
8689
1293
3907
2151
1675
9377
1437
893
8772
3150
5464
171
8331
7384
7846
3249
8921
7640
5850
4874
5697
5522
5277
2872
1886
2479
4262
5796
7321
1171
7944
1754
6115
33
814
788
100
1856
4865
2216
8592
7513
6489
4051
6372
2484
9341
5469
4530
1076
6762
9442
4948
7540
5106
3167
6015
1035
265
9196
5115
5641
3571
7601
5206
3709
4055
8298
6570
7058
3148
7065
2774
3633
6281
8183
9032
1225
6500
9401
3137
8792
1265
6245
4409
8502
6805
8574
4927
7646
4773
9065
1591
5669
7100
2951
3941
8888
8845
2662
8428
1043
8899
7472
7927
9696
6667
1314
1258
6922
4135
4789
4535
863
6058
6323
4375
7325
3191
6703
6903
5480
3370
8923
2284
4083
5473
7104
6533
3330
4242
143
2380
3837
972
2093
9892
3793
8318
4713
1834
5491
7316
8005
3511
9983
4530
727
9611
777
8575
6615
5697
2142
5758
2947
7673
9976
5187
3844
4222
9563
4781
7928
2680
3991
2409
697
9891
3964
6430
581
9007
8478
4868
1412
8164
5365
5411
2301
9553
4746
7492
5755
4754
7626
4446
238
8079
8024
4420
9916
8605
4474
490
2271
709
9388
5324
9519
7573
3832
836
5647
4346
7993
7608
7219
7273
4345
4783
2308
4564
2885
4290
9476
2070
9026
3173
5054
9545
2171
2618
1866
9543
6514
1976
4532
7987
2596
703
8776
40
5892
4728
5720
3910
1845
1408
6760
17
7226
2964
3733
3241
2112
5352
5720
183
1013
201
1683
6214
270
9974
5402
1213
8970
6103
7832
6017
3075
9231
4676
3642
6006
2267
8672
8157
8570
5566
224
7617
6412
5036
2319
9207
8885
8624
7431
1161
6256
4349
6973
2395
9020
2561
9769
5917
9325
4506
4939
5742
3576
743
6941
7994
8287
91
7235
9844
6680
7562
1613
5447
9976
4065
9802
5234
7655
6195
2328
345
8671
6671
9761
8726
2257
2281
4621
3444
2498
2754
8831
4063
626
4481
4041
5669
8095
4324
919
8794
1389
7587
4481
8693
2735
1526
2418
4954
2759
4535
8262
3130
2177
4594
7071
6905
981
8214
5737
6006
5469
3790
7346
3926
8730
7550
4821
5495
24
4133
7138
3331
5275
3534
8956
1084
2189
1067
5990
731
9862
9667
685
7962
4491
5701
1885
6032
7410
7135
4687
9880
8587
4913
3324
7598
240
555
9962
5185
6705
6923
4930
8625
7396
4931
7854
8643
5637
5986
4715
9913
2224
5005
6143
5802
3104
9383
9434
3029
5664
8788
8084
2888
9446
7258
4743
362
209
1357
843
1634
1105
804
4026
2938
4737
2059
565
9560
7846
3242
395
1423
2420
4773
7655
3581
8770
7522
4493
857
1121
6933
9521
7916
8839
2041
9179
138
187
7492
8433
4279
5143
3080
8808
1419
979
3204
1065
1044
8817
9873
5183
2422
8393
6660
468
4672
9602
1162
1591
2687
6863
9986
513
4171
1283
6109
4099
2695
2880
427
9372
353
4809
6115
6280
9339
5964
6236
2602
5565
6457
3448
2039
1247
1749
7098
9523
2178
1572
4506
535
9025
5901
5746
7415
5156
2567
4636
135
4869
9104
8369
8164
8389
500
4830
7613
2278
379
1128
8708
3365
8560
6026
6229
3414
7947
9266
2422
4185
6586
1920
1123
8373
9892
347
4452
9062
8699
1124
6772
1327
6101
7732
6460
8088
5284
3649
746
6919
9485
7245
1799
443
5798
7169
465
9875
9517
4000
7209
3300
2214
5950
8283
7184
7245
9790
8497
153
378
8550
3578
9255
4356
7380
7264
827
9565
8140
8130
4297
8520
5502
4700
9340
121
679
2575
2722
9882
4577
9545
4698
3915
3471
9113
151
9448
9276
842
5494
5151
593
6541
934
3666
2544
6087
8418
9904
9637
309
1376
5870
2911
4780
6711
1249
8943
7062
6566
7215
5774
270
5801
9004
8879
5340
884
8266
7113
1379
288
7297
2636
9145
7927
8961
3765
5673
7576
4591
4156
2818
245
4267
8169
8828
1003
8691
2401
8901
505
2213
4276
8278
9377
322
740
1929
4787
7204
5203
152
2790
8257
21
4079
3234
3765
6853
7750
7484
3269
9485
1974
3058
2956
25
1533
835
51
4336
2192
5864
8212
874
8074
3020
4357
9768
7604
8221
1836
886
372
9387
4004
27
1987
4245
4089
5594
7237
1837
4651
1417
7235
2728
2301
5219
6420
296
9206
1093
4736
2867
3011
4287
4578
7383
1947
1058
8876
3997
9248
9528
5647
2383
9113
2587
9054
2929
8038
7288
6745
4456
7099
355
1213
6795
3638
5346
719
9137
3348
7308
9014
742
6149
7505
6376
9717
5448
4603
2298
3031
6717
3240
2588
5122
5769
4852
3614
9714
6165
3490
2258
1918
4347
279
5768
2656
3074
7783
3744
6600
339
9738
648
1940
514
4905
6233
1608
6210
9337
7481
3434
4989
3714
7739
3858
7766
6090
1025
8786
1731
1004
2972
9858
5050
7096
6394
5870
1736
3720
6643
7665
858
5697
2692
6979
2591
648
4608
864
8619
2006
3504
6827
6009
8823
6928
633
2540
1909
4890
6983
6757
4958
4869
9334
6765
790
6890
3417
8510
363
9871
2489
2694
9815
2575
9292
1022
759
1266
7117
1482
161
166
9724
7500
6145
3849
6226
168
5761
3329
9826
8830
9659
907
5900
828
3357
213
1801
3758
1190
2353
8256
2135
1014
4133
6193
6247
7636
9611
1780
643
7772
5501
6595
4792
5144
1833
620
6941
663
3249
2749
7033
45
3659
3034
8907
6675
8463
7664
546
9465
3358
291
7808
1910
7589
6486
2011
7655
9978
2531
6149
1548
9183
1057
4158
4312
1107
5684
1523
9592
4860
3095
7941
9604
1222
2090
7354
1098
7285
9572
9172
1947
1234
1177
4413
5209
8787
2881
7554
5347
8608
9285
684
717
6599
5484
861
2601
8876
4595
5567
2779
6140
953
4604
263
2350
8204
687
5499
9131
912
370
406
3359
4202
314
8005
6644
8948
5525
8225
8129
6176
983
5574
2410
7223
3004
5737
1228
4753
2222
2689
4004
6393
5806
280
6572
4149
2859
582
2194
2055
6216
7695
8914
277
7358
2396
5170
2856
5957
9927
9070
7342
4650
9964
9969
9030
7853
5127
5199
4949
4270
4377
8690
7681
6402
6965
8396
33
1432
2494
6089
4942
6031
6073
9959
3288
6660
2133
9864
608
567
8372
8796
2295
3619
6661
1742
5842
310
7542
6296
7732
5383
7244
7784
1838
9005
1233
3874
392
4000
5136
1423
3462
3837
4127
1310
8576
4
6681
2370
5719
5262
4591
4382
5898
5581
6394
4061
9740
5222
2553
9723
3889
6197
8357
9559
8786
8289
8121
4282
5426
8258
9471
6608
5430
6948
5333
8457
9491
5351
3166
5837
3628
5172
577
2469
792
2861
1886
6257
2610
7171
4133
5169
1446
5413
7533
7265
5480
4568
2524
286
1883
2399
6943
7461
5790
7982
8952
8949
247
7936
4569
4389
2056
6716
6094
8716
5620
5887
8766
5924
6403
1864
1671
8254
4124
4301
5162
16
9415
8068
2977
4923
2827
2879
3954
1229
8229
3115
6679
2809
3909
2936
6009
4674
2602
9744
3113
4730
9319
8816
1645
9593
5801
6599
3883
18
728
8688
3336
1488
2820
8935
9534
2179
4959
9646
1562
9176
2761
4864
487
2504
9208
5957
2015
3466
5854
6997
5652
4380
1188
432
696
598
6423
3383
9121
6227
8996
3936
501
9540
9779
5190
9988
4973
3402
3830
9714
2955
8181
3937
1968
4454
8329
9140
385
9843
4583
416
4164
3730
3036
8956
300
2388
8239
8936
5756
1575
525
5334
179
8825
4363
947
2725
4017
5969
7041
64
2024
7282
2697
6198
7250
8463
6242
2268
7282
2998
9277
1643
8579
9771
6770
6503
822
4889
7599
6734
4466
8073
8138
2430
2847
3757
3143
91
7382
6414
6367
3874
7542
352
2139
6447
339
2757
3049
3925
1997
6667
8473
8576
1247
3690
1600
9053
7592
4443
1903
9128
8369
307
5597
3951
9144
266
3351
3493
5319
6150
4886
868
6631
5402
4101
8227
7632
322
6164
8064
1839
3674
4737
7799
9599
9561
1182
9156
2157
4090
2498
2938
4511
7239
5505
7234
4754
8188
7303
72
9406
9555
8605
5846
1780
7605
1945
5844
9588
3372
1421
7270
8279
3838
7288
4695
5570
7798
4351
9582
9083
4194
1336
1229
3652
1947
6356
9392
9897
6866
3472
9443
3018
6091
8657
2283
5068
8890
6018
1994
7616
5338
9567
8784
2668
5228
4659
673
9950
809
1664
6956
3837
7721
988
5212
8219
7376
2194
9832
1249
2552
5946
2722
9899
1977
4251
2187
5180
5004
9627
6679
1779
2356
1965
3745
4626
2552
8560
8423
7288
5683
9441
9088
5202
6516
5605
5297
5102
3445
4064
7692
6696
6185
745
5063
9391
6845
8884
690
976
2471
5492
4946
1182
4985
5176
1480
5756
7243
586
5667
8815
3770
2544
5566
3110
6858
7519
3382
6372
