4371
8036
4947
8490
5828
8508
7136
3325
1133
1202
9082
1324
888
1482
2234
1498
3453
2268
649
428
1857
3517
2641
9256
5123
6210
3459
8794
5084
5893
8529
9986
7973
9611
7276
1528
9613
6382
5952
5666
218
6135
5839
2163
7655
6927
229
8141
8993
5660
5013
758
2497
9793
8537
853
5394
5691
3366
9618
5049
8341
8240
5240
2672
9095
3350
1276
4205
706
1884
7071
6315
4983
210
5722
7678
478
1600
8196
5980
5317
9801
9424
879
7771
7489
8180
1074
6422
6133
3922
3016
6333
617
1876
7894
598
9491
8560
3576
8952
3935
8287
3775
7942
4442
7514
9582
2814
3175
4916
4090
5169
3637
9731
8540
8816
4360
4900
1605
5170
202
7783
4572
7962
4054
9982
4366
8333
7827
7079
986
3040
4620
7028
1382
1513
5648
2936
3329
9974
8597
8259
3247
1217
9831
7846
2696
885
3336
9078
6238
4590
6954
8405
8750
6152
3715
5813
3888
4459
3148
1249
4987
6095
3929
1049
549
6609
8349
7026
3167
1424
1570
1630
6573
1943
4535
3355
8130
6207
7285
3480
4997
8749
841
6396
6086
6214
8278
5230
7798
9835
9048
8869
6826
7348
3272
7151
7287
8781
7297
6087
2535
6309
5910
4814
3019
5323
1832
6806
1616
359
7682
7680
7174
9667
6251
6237
5254
7533
4963
4334
8331
3119
9228
3332
2375
2701
4804
9225
8670
7383
6068
9349
8909
1198
945
8688
2839
6027
3376
763
4382
1471
3613
7438
2153
1368
1695
7158
1096
7034
1897
9753
3818
2963
7756
9416
7080
2577
2438
318
518
2607
8135
4232
4291
8333
8770
5976
8722
7563
3397
9227
4157
4199
9951
6859
9505
1790
1179
1006
1005
7645
8128
1635
5486
6314
5530
5946
3442
1528
1607
261
3588
3057
244
1774
3335
9381
3146
3819
2598
5719
8436
3533
3637
2670
5595
9619
3011
896
9911
5289
1398
1432
9312
2872
4478
6499
8745
7976
2802
2824
2534
7193
5955
3136
5638
1099
3954
8177
3524
124
8644
7359
8408
5286
9209
4595
7998
2816
719
5911
2934
2545
1617
6318
8863
2156
3745
7371
7296
6835
635
5169
1016
9773
3185
1242
7577
500
7031
4496
5664
4834
7372
9787
6645
4038
3023
4025
3663
9883
8501
5929
7257
6891
9889
9988
5576
9637
4273
3482
7354
6582
881
6688
9488
3474
6342
8634
2101
7966
7017
7497
5785
6222
246
8100
5173
1829
9672
4824
9132
9719
3707
7412
8334
4706
7911
4124
9884
3196
5666
7940
6227
3548
7142
9081
3953
683
298
3171
7696
4388
1924
5697
2866
1003
143
1035
6645
1789
4815
3746
9964
9449
4350
7634
2875
3468
8353
4782
5562
2217
8750
8905
2299
9076
1270
2237
9080
1165
4146
4489
1531
6501
7127
4744
7795
8009
4546
7331
4562
6876
7479
8094
8381
1919
7976
6778
9197
9507
6206
484
2330
5515
7608
5478
5637
3018
3398
3789
9733
7905
1954
5479
7642
325
2215
3462
2321
9606
9839
4865
8922
1022
219
8685
4737
655
523
380
1100
4491
3040
9572
4958
3661
2159
6015
8893
1649
9106
4776
4611
756
7598
6657
4922
2000
452
8055
9704
4513
4457
9591
9668
1341
1562
1307
5296
8922
740
4981
2495
3017
2689
5241
4865
2382
520
3980
8166
6199
4569
671
500
5062
253
8165
3424
3562
3763
2737
203
2468
675
6586
33
3448
9904
3617
2099
851
719
9970
909
4124
2281
1593
8067
2356
1791
2540
1479
6471
9888
3504
9944
3786
9091
4605
1088
3397
7883
1733
5159
8002
4778
27
2342
6102
5207
1416
2477
6903
1881
7315
5480
4598
9761
6375
2781
8659
97
1067
1771
1223
1258
3732
2579
7170
6642
6247
4357
5298
2529
8702
2967
8986
4811
2907
9346
2253
9251
1964
7149
374
62
4575
4590
2573
8024
5345
4024
2715
1824
2429
3299
6816
9961
3935
6743
1045
7447
5171
9460
8959
7059
7179
4374
3178
4347
6493
9787
6854
7029
527
9407
8132
3917
1397
1161
6683
9141
6
9146
1296
2223
1642
3474
99
5403
6151
9024
875
6163
8300
4806
4080
2504
8189
3315
2882
200
1411
8225
1531
5557
7169
5686
1296
3021
5166
2898
8564
2774
60
1903
7441
6025
8164
6736
5417
3705
4274
7775
8196
7469
8911
691
8728
5721
5327
5628
5728
8082
8278
6482
7730
1780
7614
5738
5053
5955
2177
7078
236
3252
460
8101
6102
6396
7364
8054
4339
1453
7897
9177
5926
3636
28
4062
6645
6478
6957
5575
7694
9537
7170
482
4495
3578
4173
5660
8410
2425
1682
9461
1528
7196
7538
4944
7009
810
4588
2331
8356
7272
1288
4275
184
9101
556
4094
1751
3552
9093
8574
8998
6601
9383
699
6082
9977
3605
2524
2223
1703
9644
1914
9770
8436
7649
8729
6097
5084
7052
5835
1890
4625
7219
422
8248
2895
298
5394
3022
79
3909
4857
3332
3107
463
4926
7813
6839
8861
7031
7204
2063
108
6652
7627
9374
4504
1747
1451
1826
7996
6666
6499
3257
6684
4372
9382
8960
2450
3187
9679
8211
9502
2144
7794
4786
8582
6662
7973
2722
916
9257
6222
21
8630
9826
4517
566
2795
8874
8390
8550
3942
1195
2082
7242
8357
74
6423
6090
5544
8852
4388
5674
7352
8993
2561
7963
8858
2840
791
7842
3774
8729
910
8739
444
6478
4627
6857
9854
8816
6165
3576
4796
1129
4268
8306
62
552
6429
8508
239
1882
7177
2063
4868
547
2669
9636
7264
6553
1708
9954
8082
547
4775
5213
285
3343
6798
1879
5447
9565
6236
6728
2686
812
877
6223
4724
4255
7901
8305
6411
2283
7603
1892
1551
8847
3870
9896
3809
4990
9592
3300
7107
6211
5494
4249
6353
9055
8021
6718
3754
4550
3061
673
5646
449
9376
4056
9670
6446
4911
3009
8651
3402
3542
5798
2944
2883
3661
1437
9472
6901
8069
456
9972
2935
9620
6475
5317
6628
9869
5669
6233
1182
4551
1861
9222
6929
6245
1102
9470
9813
226
7363
78
6583
4648
3705
2668
9696
1304
3470
5394
6583
7246
6852
6480
2604
701
2710
829
2900
8738
3041
6576
9242
6775
7468
8851
1681
6575
6015
6637
2559
1967
9659
6675
706
378
3389
8286
5915
3807
5621
5324
6399
275
9650
3936
7698
5381
6618
6228
3535
273
6569
1074
7184
786
836
9807
7179
4853
987
3120
5289
6832
2834
4616
7586
176
5774
2226
7311
4424
4913
9093
3117
7717
177
8967
7125
3532
1152
6300
9956
9787
3102
2286
5397
8585
9491
9919
9541
3582
1106
1061
2819
2500
35
9566
7440
5034
6350
7522
9607
4391
8916
9110
5359
7476
7957
9467
609
1868
2681
3647
3701
4687
3163
5501
3730
548
9218
9001
685
5854
2684
3729
3317
3852
6274
616
7681
611
1526
2091
7181
3630
6692
5564
871
3991
6927
7921
627
23
9310
7672
900
7458
7359
8132
9336
4533
5835
6892
5815
7348
6836
3752
1707
5186
5792
1506
1202
7340
1785
9998
342
590
6465
71
7994
7599
4630
9739
3621
1297
8373
661
6544
5011
2828
5859
6492
8141
1279
3148
4775
4634
6275
9833
6793
2940
3857
5684
8198
5420
6719
3287
8238
9311
7330
309
993
7288
137
1737
9903
6096
3271
4518
8975
6175
7208
6695
2357
9933
5014
3060
6061
8637
5222
5708
4315
6632
3277
5054
3741
8945
1540
8200
4577
5086
2423
7232
7681
2519
4866
9203
8003
9541
3244
8679
1362
1756
858
618
5732
7161
3326
8265
405
3658
7225
9600
4089
1621
5994
4360
4011
5083
7996
957
4556
5070
9940
3888
3751
9975
9014
9838
5067
5810
5056
6519
5392
6543
4345
2558
5774
2659
9322
6579
5619
3275
7794
918
7860
2822
3143
6059
6524
505
5192
2920
1545
2287
4123
6292
1816
6969
6866
5756
8147
3487
3197
4595
8602
706
4208
7546
7276
3436
8586
1351
5761
1416
5338
1281
7275
9021
6028
928
6832
2955
3314
4562
618
2136
4973
3105
2420
8053
742
8804
5792
3565
8432
2131
77
3199
2316
7153
8614
5596
8783
3088
1919
3840
7158
129
6949
2841
9016
2794
941
5937
8924
5191
173
8635
3976
6465
5732
1102
5126
9222
2693
9781
5558
2195
2983
3206
1203
4075
6704
8874
2313
1235
4171
226
2643
6777
4978
4844
6155
9578
9036
7948
7862
9855
4641
3240
1957
1442
9222
5851
1421
7512
470
9560
394
2137
8281
4962
7145
3742
1638
4941
6089
2067
3624
7688
1020
9947
5992
7199
1487
887
4947
5547
185
4745
1918
5703
7554
9743
1248
9761
4852
853
7452
4801
764
4611
9831
505
8496
15
7699
2413
7940
4095
1858
5795
6231
6952
2220
2010
5449
2023
4364
533
2564
4923
9374
5648
218
2578
7408
7402
2493
1876
88
5236
4614
8822
6924
6408
115
5486
8703
1471
3187
2534
7607
6090
2886
6123
9472
601
7522
9238
4311
2828
6488
6918
2236
5841
5236
4182
287
5917
2606
297
9919
6063
4006
6622
1180
7408
28
5811
1894
9963
3320
2892
7345
30
7315
3284
2761
4094
3105
6807
9879
3255
7565
7259
8747
7695
6585
1083
1172
5932
5198
2785
8865
2890
2614
1544
2083
6264
4943
2063
573
1710
7343
4348
9508
3596
9573
2205
8525
1951
1420
6193
2812
5799
417
6664
8498
6747
7875
3484
823
8945
4639
5961
4764
535
4027
4455
7416
5771
1201
6497
9151
1042
6233
8169
5911
3217
7751
5150
8122
4379
2557
9220
4512
9005
9972
3065
2472
5950
3045
5336
8389
1458
1240
1627
7071
1381
9583
8972
9568
5117
4789
2753
750
4923
7041
1770
9565
2248
752
5281
8995
2724
5362
6443
6387
5418
1449
5759
562
962
1982
1466
2725
5865
8108
7692
9801
4606
1098
4530
3634
8778
5582
3004
9590
9803
8470
9588
1963
8202
3499
224
5197
7764
6340
5664
6096
4796
5240
1652
9931
3823
8409
8606
3134
3323
27
4885
6815
9348
1968
4959
1150
6222
1647
216
7142
2357
6853
6584
6948
1861
3796
2359
7462
1758
6268
4961
9524
2443
1596
5005
9366
9445
4598
9810
369
6975
9870
6266
9775
3584
2773
2614
6234
8539
9073
8975
6117
6123
8522
3739
7943
8655
4704
8070
27
6050
1144
1376
7055
5066
5360
4371
7752
6963
5593
1705
1623
1836
9847
167
2486
586
6808
3363
9087
1181
6125
8922
2684
7292
8844
3401
3921
7857
7062
710
4740
6528
9783
4319
5831
8493
9211
4709
8224
8402
4862
9271
2946
7368
7352
4280
6275
8355
1252
7356
1847
1341
8982
8845
9924
2221
8691
9763
6221
1959
449
9895
9901
4883
6964
5095
2053
5528
4335
3992
1375
2098
5139
685
6319
6854
5976
5315
9940
4564
7125
5566
6604
9705
8862
3399
7545
937
4394
3609
9802
9447
8487
6264
7952
4966
9370
8063
404
2256
2226
746
4019
7259
5980
9749
6201
8297
2526
3070
6244
3375
9823
1657
4833
4883
3290
195
6020
3565
7550
1116
1134
725
4190
1928
3610
8874
2733
1352
7483
7913
4911
7683
2337
6379
1547
9344
3725
9113
7197
9248
8410
1323
7364
6427
9624
6830
1431
3068
1675
9175
2042
6839
4706
1110
9612
3293
3069
4051
6138
7327
5564
1174
5586
8331
8464
2139
9320
8454
3336
3945
6469
6907
6367
8302
2705
9810
3361
7763
2303
6780
7443
9664
9676
8308
5871
8071
2976
1226
6766
8254
6275
9673
2974
9870
3683
7236
5737
9033
7962
7484
7509
2977
9732
7729
2705
5134
471
6404
8405
9801
9932
5305
1748
9357
9884
5899
1497
7278
2460
392
9163
8094
1687
5082
7670
6795
3933
6497
4618
5469
4073
4327
9800
4819
9271
4465
9931
1946
5602
736
7600
6571
2821
6964
8321
969
7925
3616
9985
7783
5739
8458
6572
7570
8321
9415
1289
4650
59
5910
1201
3974
1786
2935
5728
5604
5505
6929
86
5418
5968
9550
1675
1723
2791
2591
5272
4722
6760
6700
8869
316
6511
6834
9729
5614
7755
2229
6497
9855
3175
5281
1887
9691
9535
3625
4785
9885
1236
2717
5464
996
3529
4567
1815
6188
6783
4848
4778
5729
4142
6567
7889
3359
7040
884
7462
4952
3206
114
7849
3276
431
231
2242
686
7663
1983
2188
9166
7805
5387
3486
4042
1236
7873
6786
1944
5018
3541
8831
2906
7450
767
5713
6608
7391
8527
2651
8650
6163
9833
6679
1121
4868
2187
565
3298
2324
1129
8525
4799
2660
5612
7924
8755
3080
3847
2123
9167
4098
5518
9933
9665
1283
4942
5825
9663
4518
5633
3295
9135
9332
3537
3002
7972
8708
2364
9174
9048
7308
3488
9619
3889
5015
4031
246
1837
2843
6957
3527
3544
6404
3483
4552
644
9899
7014
9838
9925
6362
901
8780
6691
7834
9390
5467
9123
2610
9951
46
716
4672
3074
1859
609
5898
6044
4649
7251
4696
3988
6819
7560
2105
9750
2730
5848
8984
2357
8073
1694
2525
9248
2686
6406
4707
2928
6054
5624
8564
1123
9227
2892
6911
2811
8872
3329
1624
3943
4745
3854
2364
2586
5229
2373
4081
1220
4585
8083
6660
9618
138
252
1878
8352
8190
5423
388
5453
5902
2970
9989
9024
8687
3573
4760
3927
648
9294
878
9400
4224
5041
7612
4218
9329
9939
4019
312
2324
3487
8342
7971
8964
8946
984
8975
1013
8558
4621
3448
2941
6170
8040
1775
3864
3339
3899
1655
7613
153
571
5291
7205
7259
5393
5097
2640
7660
9023
8251
1403
76
3128
2414
4627
2018
60
9741
2589
5785
2914
2090
4672
7429
6459
8053
7000
5836
353
5989
6039
2364
2699
2170
2916
3051
765
1705
3552
5887
6335
3353
9535
6370
2044
2864
3042
5626
7147
1846
3279
4158
9066
1828
7239
8480
618
9775
800
7339
8096
6803
7306
3033
2211
9039
7377
957
9497
1575
1252
8355
6188
6701
9449
9560
2554
8302
5384
3594
5011
1373
8689
8507
2710
1881
3297
871
4931
4435
2433
990
904
6213
7790
9532
6047
6502
4159
3005
5487
2084
6128
5571
593
4924
7969
2364
2378
7678
5926
2315
4390
7205
2328
6722
8113
8799
322
329
5741
6506
6026
5061
9142
262
7450
9975
8911
9917
3513
6052
4143
2379
8106
2926
5245
3117
7913
7786
3912
933
8492
7252
8509
117
6599
3698
3884
1067
1418
7247
6180
3829
7264
8981
6058
1067
6429
330
7473
7994
3453
2460
4164
9874
8172
2011
9099
9401
1477
4996
885
2535
6417
4808
8013
8773
6552
9024
3663
3751
6090
7843
8499
6266
9871
313
5114
9124
6868
4177
6688
7582
312
5918
7479
6032
3087
8635
1945
4587
4599
4483
9590
6422
6361
3644
7412
2456
968
7284
4515
7404
6667
3722
1903
5610
3961
7898
2
7858
6896
9974
2533
7299
8307
3303
2223
499
7328
1981
5685
7916
7079
9075
9151
1606
8252
2076
9904
6227
2900
2658
8156
9583
9662
9284
914
6589
4014
1868
2070
5189
8633
4086
7690
4625
1950
2290
8114
3058
1421
6913
5127
8987
1599
6598
325
7592
4570
297
7357
1884
7994
3775
4958
4237
1817
2949
7636
9023
2388
5633
6484
5460
9910
496
9283
2992
1384
4526
9656
5962
3961
6845
4806
5987
7531
9169
7984
3064
8958
3322
2019
3717
4511
186
7194
4858
9128
3453
2807
9000
4653
9091
669
5787
428
9667
9076
1102
7314
7332
6207
44
640
1395
7922
1148
8968
8971
6706
2648
4965
4572
64
9065
3614
2767
949
9723
3302
4425
3864
7931
1719
655
1309
4870
6176
9018
5558
7864
92
6881
5749
1626
7115
1974
3076
3115
2263
6046
5889
157
6746
158
4034
80
9026
1603
2173
7661
8718
9353
7800
2889
3467
8275
8324
9984
86
3051
4972
9950
3412
8841
2556
8084
8823
8438
1950
1639
9691
7833
7459
7256
8536
3707
1184
1560
6621
1228
5843
4572
6844
7897
9146
739
9080
2859
8158
8839
3649
3091
3029
9211
1073
5938
6744
7905
7602
5950
1257
588
9653
534
7969
884
1893
544
4353
9760
7090
6763
3363
8857
7208
400
3106
5515
9695
1817
9003
5963
279
3111
7989
6599
4803
8247
6182
2598
6962
3279
3958
671
9970
5255
4919
6310
9927
8261
8846
8536
8506
8398
1748
6886
9728
4171
2003
673
2831
1228
8209
5785
6946
5294
309
6541
2544
1370
6081
3645
4362
1755
2797
3811
2805
2692
8887
1953
5480
6796
5588
1433
2971
467
7456
1881
1363
1103
6870
631
6244
5508
9766
5734
5069
8173
3724
4675
4946
8377
3765
8557
2180
5200
4173
6751
5600
7937
4081
7036
5284
50
5192
6035
5640
6776
2814
6479
7838
8427
5178
1441
4499
5449
7400
8853
1988
7063
8741
4631
8967
4211
7007
7103
3031
7030
9252
7770
6293
704
6280
3425
7022
9834
5347
6193
315
3730
93
8293
5359
7245
6836
6518
3199
2323
4057
6731
7799
5320
4762
8537
9196
9449
8068
1072
3043
8089
3004
8609
7523
5043
185
7134
2147
1752
4419
4664
102
1207
8537
8258
6970
447
9271
1722
7374
488
3903
707
2972
2521
9970
973
5941
7743
4229
7572
1765
4274
3150
2225
725
1483
769
315
7060
9702
4371
1446
7903
9393
6628
6592
6782
6504
1567
8748
177
6346
3697
2554
4185
2296
5636
5002
5073
9212
1192
4403
7523
6847
2898
5828
8056
6312
7532
5486
9677
8956
4661
7672
6117
2457
2804
3579
5892
3377
4190
9436
6176
5481
7394
5419
576
595
8039
8429
5846
5767
5241
7847
8509
9967
3923
1056
6494
800
8536
470
8971
6080
9070
1221
1684
6025
6437
1728
9492
2057
9109
1696
5021
1755
8227
2041
9452
7479
5251
7460
8272
9103
9640
3910
3714
6814
9162
6150
8534
1747
7084
5092
4841
3720
464
95
6410
6173
3734
4550
4158
6311
8936
3789
6658
3545
2826
6754
1739
1881
1603
9015
5548
1075
2198
9868
6440
5160
7506
4870
6863
286
3194
7744
4972
4016
6855
1300
1290
8131
5631
3279
3745
701
3301
1960
166
5850
7251
168
3987
2408
4410
6652
143
8069
9543
3765
1522
596
3655
1250
8666
8863
7686
3871
3117
1192
8816
2641
6690
1525
5463
3607
6250
8324
5270
4847
7773
237
9702
589
7908
7337
882
4455
5876
6541
7600
6902
4472
3089
9778
694
4476
4380
4612
4881
3014
9430
8843
8974
7033
4609
3478
2462
6944
802
402
1818
2799
4696
5991
1285
893
3065
3341
1329
7980
3230
7995
6575
3591
1914
8169
3600
1746
4768
9131
1869
3712
388
1832
8343
1393
728
3555
3298
3859
8420
7510
5073
6139
5781
4103
9775
7097
8493
9800
1410
1039
3283
6900
9784
1434
2267
5382
5119
6440
9877
715
2176
1671
8532
8106
2410
2864
7648
9891
165
9509
42
7469
9559
5719
2922
436
7809
7810
8393
6503
3253
4967
7720
830
429
3488
2048
6909
9125
5345
8436
6857
3981
7705
5334
3401
7606
7675
1692
6911
9449
8601
9635
1900
996
5813
7340
4064
8512
1831
7573
7308
8047
3374
7461
7208
3950
7702
7677
8922
816
739
765
4820
1073
3184
3488
1854
385
9520
2829
134
6118
1482
7053
4651
5332
5820
9833
4615
6147
7983
8397
7294
7772
1127
8810
607
243
8125
9451
9904
9998
2770
6094
8710
7836
4815
826
7811
2325
5486
3678
8991
9002
7438
1190
6565
6320
2809
1876
8130
7868
3061
2774
2832
2341
3471
7047
9946
4374
2881
1610
2259
69
2925
136
3348
5387
8343
6815
517
4993
2022
2290
661
4305
9405
8292
333
9937
2245
4286
7433
6249
1321
2035
6936
9995
3261
6368
4364
7767
880
3437
9444
3875
1418
8922
6076
7302
7842
1177
7977
5994
1359
3136
5846
770
2113
8527
2936
5179
6713
8
2129
8594
4176
6010
8747
890
3199
3352
2126
1975
2451
2749
4112
8585
2846
6786
2886
482
2215
3030
2094
1067
6309
1439
4889
8184
6188
6165
7882
4733
3431
9184
1053
871
1307
849
9698
5408
174
5186
4103
4489
9051
6001
3543
8609
9023
7261
7924
5327
5641
2454
2964
3683
7913
1061
2285
2736
1120
563
4701
7033
5470
7392
8543
3266
1695
3240
7277
1997
7087
7478
307
7028
8927
7605
2016
307
7896
6279
9160
8926
8241
2555
9092
977
6220
7370
2958
246
8563
6962
4287
9611
485
7070
9019
1658
7458
276
6914
5782
9984
5927
8239
8163
2146
5935
4756
308
9045
1978
4840
4840
1402
5775
8791
2914
8299
7565
7045
4325
282
7030
3433
124
3191
696
6543
1856
8585
357
2848
7619
9365
3378
8941
2313
4315
929
8831
284
2614
2649
1201
6585
2121
9446
8208
4709
8278
6105
3358
9892
3231
2588
5500
2953
2494
8115
4971
1449
9392
2899
1723
8687
9129
7220
5474
8024
6833
6478
8599
7370
8734
6760
1710
7633
5829
6848
8003
3745
2487
1833
3577
2480
6998
2956
4388
6777
7878
5987
9819
6200
5957
7381
892
9714
926
2513
7455
4901
3971
184
7876
1800
7505
5988
1157
6470
877
7866
7124
5645
111
1226
8962
7558
9321
9242
1688
6173
2832
8697
146
845
6658
2398
1413
1353
5868
1995
6706
3315
9392
3101
9773
2303
3956
1777
4974
1010
1798
7917
5899
11
8863
4173
6088
4730
8419
3333
393
1683
824
1281
2069
5273
37
7031
5142
5106
4575
9804
601
8881
1159
3809
6253
7010
1452
6658
3602
7544
4268
678
4375
4914
2798
135
1982
2484
6310
6682
2933
2535
1602
5023
2490
8110
1032
4500
2265
6925
6635
9867
6434
1993
7315
7017
8851
5054
7920
9078
3278
1760
9731
2849
7415
146
6906
7154
2475
9902
5049
2657
8796
7892
6870
8066
7279
6136
1318
8142
5977
6952
4392
6676
909
4400
4243
2381
7598
5780
1283
6927
4563
7232
3404
1172
2804
8753
7607
2344
1203
3878
2025
2363
1876
3977
1071
8541
5122
9249
9738
2714
3735
9778
3100
6326
7368
3054
1940
3014
5902
4525
9555
6694
8618
8121
8093
1564
4488
5698
5262
8526
8528
8974
6938
2099
4926
2029
4799
6931
3329
5701
7258
8349
6042
8569
3192
4785
4131
7078
3804
9749
6813
4593
6442
6678
4323
5331
3744
3755
5883
9506
4053
9424
3986
1212
4186
4761
2839
1001
1399
5338
8255
5008
9685
200
7267
1205
651
49
4928
3308
7432
7410
1893
5513
1712
3935
2532
260
7776
9595
8284
1044
1048
3822
1648
7833
4363
4830
4382
8430
1946
3129
5678
8465
1493
1805
4907
6241
9410
3117
4679
3695
8826
2575
2073
6642
7531
8473
9499
250
2229
2579
3225
1804
7053
7211
3959
5862
8551
9433
6842
5821
5666
6498
1361
4303
1732
3427
4019
9907
9027
6290
849
4658
4916
4589
2217
8473
1748
5006
302
5889
5330
4132
6201
9367
9904
3874
1411
4282
7845
9044
7690
9977
6275
8857
8028
2328
1213
7770
4909
4103
4454
9591
1222
5939
1729
8567
6887
2464
4993
5486
4114
3544
9130
952
490
1534
296
1994
4399
7857
2015
9736
2062
9983
8599
872
8383
6058
6561
9889
7259
3977
96
6199
1435
5739
2909
262
7637
1337
6986
8947
9288
2359
4930
4145
846
5322
8366
6494
2031
9218
3371
7051
2087
4717
7529
1239
7339
857
183
829
5902
5104
8226
136
3447
2931
9516
4751
8624
34
4357
3061
871
3067
447
9703
5052
4454
25
3060
7691
66
7857
8041
606
3044
4111
6718
8209
1670
2922
6780
1153
6157
3044
4184
4132
4794
697
7915
5805
3614
7870
1997
4861
309
6180
9020
4269
7826
6186
2885
832
7123
3137
5835
7246
185
9530
403
8820
2798
6542
6953
7111
7577
1908
4713
22
6263
5570
258
3756
2110
7254
4077
2196
5859
3180
296
6864
5090
2448
382
5483
37
5948
4029
3020
7208
6937
3947
5263
294
9094
3007
7072
916
4886
7284
8401
1467
8997
8006
2256
5928
9128
8721
9868
9060
3639
1386
7005
9234
3538
3729
349
6159
1470
7073
1629
7878
1693
2813
9325
1622
4994
3461
3015
4247
7004
1280
973
5896
1894
5397
6093
4442
8126
9554
908
7226
4161
3960
3569
5550
6942
6029
6755
5364
2657
913
9446
7812
5654
522
9773
6183
8680
633
934
5666
5705
5621
2055
2359
413
1108
7339
8141
7636
5906
8032
1915
6165
4402
3717
7733
9244
3774
4680
8964
6706
7651
1589
6091
1833
3161
241
1372
5623
9910
5761
7493
8620
5241
1520
8539
1904
1210
5137
5833
8690
8613
7728
6751
2880
7531
1646
1251
6805
2040
6939
4906
5952
1969
8960
8054
4032
5964
525
7251
867
5966
2518
7726
144
539
3294
923
2882
5177
5828
8033
8636
8847
274
8092
9923
4838
3211
4302
1514
8989
4567
3582
2970
855
1540
6650
6280
3465
4507
5940
685
7886
4965
2723
6095
1
6606
2341
4236
723
8369
1627
6212
8905
6269
7105
1695
868
8131
9193
2752
6222
5736
1878
1399
8935
4755
9289
8998
6644
4642
9416
669
9887
7348
750
3881
7550
1996
9921
8231
870
66
791
620
2939
7370
4065
4585
4435
4955
5412
5334
5313
3187
4462
2149
3087
1323
7159
5246
7317
3342
7592
6080
8952
957
6324
1556
5519
3224
4144
8871
8209
961
1882
6156
4945
1257
8460
1565
689
4703
4562
1688
9229
4081
5356
6700
2886
8600
793
6227
4837
4674
914
7527
2474
4710
1667
1981
1045
2508
9066
1210
811
6541
7125
4351
1304
8305
7204
1829
2863
5594
4557
2613
8779
5903
6850
4870
5601
9624
8670
6919
2431
7916
4033
3535
47
4355
3682
234
9590
6478
519
8181
5637
3351
877
2688
6956
1004
5395
4580
1395
8963
3364
9243
117
8300
8747
6570
7860
6797
6379
1421
3838
2146
8779
2894
2507
3590
4304
6948
4623
6970
2239
6384
5074
6376
6976
5427
5026
4162
7913
4597
4228
4089
5523
3467
4552
4790
3417
1746
5608
7111
2374
2793
98
9098
4342
3490
4571
7983
181
3366
6699
8446
9957
4425
6724
6979
4169
3741
1324
3319
1544
3697
8883
1782
7192
9748
6622
5312
8341
7716
172
2558
1340
7511
4595
9446
6285
5975
2033
3485
855
7043
3980
4547
7897
5781
4132
1098
6743
7573
621
9676
421
2288
5567
8676
3910
8316
1905
4593
6868
9259
9641
2464
3194
4141
7106
2445
9830
7277
694
8193
1708
7838
2463
4500
9716
4335
3884
1410
5616
5524
8569
768
7095
496
2136
9051
1944
5918
5536
7968
4069
7439
6617
1596
7401
1516
1353
3756
8675
1687
1268
9465
6878
2427
7967
2583
9825
1066
8959
9574
4432
494
8977
1344
690
8873
5369
2697
2005
8054
500
3911
1741
2725
4123
4268
1221
866
7099
8200
2982
128
2735
3928
4255
9103
3889
4667
2528
9553
9226
877
6959
5962
3536
3575
8461
5273
906
8528
6147
8655
1750
621
1186
7357
7724
4153
8304
3699
1361
8958
3967
759
6591
4303
7759
5048
7088
1586
4983
701
169
2452
8828
9623
6951
5779
9188
548
5807
5948
9960
8570
2053
4327
8377
2113
2742
6898
1379
9735
6363
8829
8191
267
6910
6200
9370
9233
5815
3412
8184
9320
3544
5445
8485
9298
1792
1563
405
1944
4964
7755
7892
5413
8998
5396
8705
2264
5926
5646
2306
189
206
5247
4338
1340
4260
8561
2712
751
6409
9955
4733
2394
7763
640
5026
6608
5841
9078
320
1179
6493
9435
4771
8607
937
2777
1268
1514
7494
7106
3306
169
1106
7995
9113
8296
1107
7145
5038
3231
8850
9653
5535
5009
3022
5497
7650
8358
369
2097
6422
6847
5325
1126
3695
771
476
5730
403
1482
7292
1198
3257
9302
6648
4564
1288
9767
1526
6729
5500
8695
4040
7089
2329
6840
3899
9761
5585
5439
5127
2910
1144
5397
683
6458
4843
9979
4300
8341
7820
5377
6742
3555
5939
7651
6396
6232
8360
8458
4209
7882
6831
3640
6596
7727
2807
8236
8797
6854
6871
714
144
4963
6355
4381
54
7860
8619
190
9720
1308
5467
3184
8909
123
1953
484
1149
4677
444
7667
1401
7127
1230
7245
6079
7503
8800
2955
3651
6607
1182
7445
1470
7105
5232
1778
7200
1557
7597
8535
7612
8170
8737
2900
2415
3646
4730
6472
5774
2323
7086
4119
6410
9204
9313
3016
3732
9110
8302
2550
9059
5664
6539
3113
126
8021
1714
1804
4891
174
3284
9592
7080
1908
54
3231
8389
8330
4829
2432
2773
2327
7181
1328
9520
7062
1035
2265
7791
2215
8046
8090
3254
5046
9475
1948
1631
5624
2773
4393
1931
2926
1581
5600
9038
7494
7039
4501
9149
6082
4627
5402
4280
5869
9777
6732
8482
5211
3592
3064
6986
9449
4012
2675
2128
5193
6337
2033
2432
8105
1599
2765
5557
435
501
9846
745
1581
2289
2026
22
6534
3115
1709
7588
2643
3809
7385
5269
2743
3466
6420
2032
9708
7407
2482
8913
8906
3472
3844
1157
5005
2068
1043
4482
1861
9845
3844
5368
9931
5987
6901
2921
1566
3041
452
6333
2303
5087
9484
1384
8951
6764
9689
4639
5179
733
5848
3028
8019
932
1839
8108
8444
869
5016
4465
2071
7226
5726
2798
9965
2017
5338
6756
6564
3498
465
6666
6955
6148
6610
3818
3987
2460
2205
8241
2379
6404
9303
1128
3996
816
7348
8998
4147
8792
4477
697
8024
5986
4261
5077
9360
6685
1418
6934
1426
2933
8075
1680
267
9182
6072
1870
4322
8020
4120
5983
8663
6775
2086
5667
7922
4598
8802
9148
4668
6339
2608
7772
9021
9768
8641
968
1886
1533
4458
7302
1041
5270
6814
9445
8328
7622
860
4813
4743
5478
4676
6127
4671
8493
2033
1249
3900
8594
7154
4762
7883
2269
2266
5086
324
303
2659
499
540
5104
9983
2789
3561
6818
4942
3393
9960
2640
7338
300
3737
3988
4405
9190
1663
6481
3100
527
7735
7392
7068
3292
4378
9696
9418
8771
3003
1728
9120
8025
4962
361
4272
9639
5494
1886
2565
7852
3551
8639
1288
1259
1255
6854
1024
3894
7864
3076
3423
3843
7202
2131
2764
3148
8035
6691
8410
3865
7400
6170
389
8232
3520
9312
5337
3375
9715
4765
3695
9776
3916
5247
6976
9095
6103
5808
2036
7524
8671
5524
907
9927
8304
5277
823
2831
7597
1124
1603
8802
3476
8700
452
7380
8250
3056
7739
1942
1516
7649
4178
3098
9380
3646
9927
1955
5155
3668
7045
2226
4654
886
5193
1876
5263
462
9927
8243
8489
2506
5777
8591
3162
4893
6300
5215
4795
9595
845
3046
8069
94
6007
1022
1345
7808
546
4657
5349
8868
7675
3928
4078
9377
4147
2590
3506
8576
2117
7787
3128
9496
3452
9010
1871
5586
9936
4487
7346
4711
7159
