8653
4128
2813
8288
5134
8348
9134
3023
5923
4334
285
565
8813
1706
7893
6114
2195
7335
3180
3529
943
3882
6789
8368
7083
5841
1400
3591
4206
9867
8263
3847
3963
201
3208
8270
5180
4303
7617
857
8765
9683
280
7661
1183
8769
6530
9634
922
8577
5781
2237
1742
9054
2363
4770
7338
4444
1204
9293
6948
5542
8816
6055
6070
6437
6601
8612
8497
9622
934
7892
9717
2322
4763
1259
3602
9128
7185
8314
9311
1765
2668
5628
4086
6026
2104
4909
7837
8437
932
735
3098
8324
3909
3223
866
4224
1590
4746
2167
7918
1137
1300
7643
7888
2519
9420
4290
1103
1168
8210
7259
2890
9981
5182
2873
3188
1968
43
4333
1691
774
59
8690
198
4793
1393
8412
1540
393
9377
7537
2438
6146
1392
628
1368
7984
6197
3507
2684
618
6734
7269
2722
3475
208
8342
8727
349
7678
2255
1546
412
476
7144
1077
2610
7444
3095
1126
1007
2750
710
1791
672
4820
6743
8589
4553
1505
5203
5770
6536
1648
1073
4039
2790
5968
6723
4585
3050
9685
1191
2714
7121
5991
2026
5670
4248
9550
8758
539
3102
2380
1676
7868
6023
5477
2049
8654
3464
9753
4173
8843
2474
6485
5009
8763
9402
3104
8287
6641
721
8509
8076
1322
1558
7995
4669
4681
2794
1073
4340
5003
2747
4663
2667
4156
9972
3205
8016
7312
3918
8068
1120
3296
5511
2348
240
636
981
3262
6267
1143
1263
2116
9818
4593
4304
354
6309
8027
808
7368
5860
2391
5412
9170
6095
7810
3817
853
8791
6197
5088
974
2723
2653
7389
4779
5810
9210
7755
4033
3700
9532
4806
3196
3739
631
4845
8074
9851
9618
6896
9988
6504
6550
2208
8729
7883
6341
6252
2429
6819
127
4470
70
6055
288
9392
7164
7203
9524
4543
7098
272
6774
3668
6327
7585
2215
5430
5464
2965
5742
1002
9173
9301
5099
4469
6173
445
8659
6895
9469
2958
5326
7214
3572
5061
4735
7141
3450
1238
7680
871
326
5075
9797
9716
9729
2881
5880
1144
5667
911
787
9463
1076
9125
5297
769
955
5818
3219
6719
8543
2629
5074
4139
4945
9560
95
1266
2849
5074
1979
4226
5285
4871
675
4098
9503
5383
4740
3291
4564
7515
1228
8557
2171
5862
6137
4447
9764
3966
6186
7632
8018
960
2327
7697
0
5658
4770
169
2786
4614
8295
593
8931
6560
4178
6205
8449
1199
1265
5572
1078
9928
2155
1028
1400
6516
1968
9083
3423
5648
1502
8882
8888
4347
6208
4324
2543
2977
4097
3844
612
4571
505
9950
9220
634
9626
5610
1683
9931
5997
8564
2700
614
6553
8090
8805
1298
6296
3484
3690
5687
6745
7137
3112
9412
1705
4584
352
9854
3662
5472
7102
7421
4959
6507
9422
2204
1808
766
6889
6357
7399
3492
9651
2937
6181
8274
7793
8117
5519
1244
6681
612
154
4925
7825
3367
6838
9807
8929
5041
5258
1829
6269
525
1462
5279
5654
45
8667
6600
9490
5530
6595
7332
8288
3253
7486
174
3230
3430
6790
2234
4334
2417
8791
6490
7266
33
8681
6054
5366
2000
1836
1848
1099
5569
7222
9125
1474
902
2619
7747
9449
8918
1754
1150
4017
2821
6637
4572
5881
6663
6576
5498
8251
3023
7495
3852
1734
4972
8012
5621
1364
2613
1233
7489
3693
4746
6233
2719
6030
8360
8700
2328
811
9042
2784
5415
662
7640
2472
4445
3396
4109
173
8703
5424
6337
3597
8076
8074
3370
7391
6502
2889
6998
6383
6836
7685
4265
7456
9270
6588
3918
8541
7520
7963
4247
4687
9208
238
2079
3189
4093
2499
3567
2224
7254
2440
2530
2065
7356
1149
8157
4645
2660
968
2197
9439
3812
2658
5948
7730
6397
183
3202
7857
9478
5568
2652
740
1176
1649
4388
7837
5994
180
3297
4003
9321
4773
9129
4396
5155
2200
100
8120
8430
9273
5880
6551
5765
4808
874
6549
4290
4348
6792
3910
9296
5710
2746
1685
9788
1789
888
5706
6761
319
8650
2480
7671
8194
117
9039
3529
1552
2575
4197
82
5081
9426
205
9688
6100
4974
6368
775
7839
3547
1645
3387
9387
4706
3610
2027
7443
4608
3365
1311
4394
1359
8111
622
3399
8880
7571
4690
1835
3019
2738
1773
2595
3827
4214
6284
2540
1997
3687
6815
4520
4931
8921
6772
7004
9093
8284
3487
6506
7012
6086
6943
9210
2885
5688
3722
1315
9582
6288
7219
7402
1677
8939
4819
809
9872
792
5559
491
7326
9486
5445
920
6550
6791
9463
2437
1338
3618
4306
596
4084
8183
4823
6933
5794
2562
9709
8139
492
4969
2958
5709
6468
9412
2842
5991
4102
5963
7131
8300
2724
2995
9180
7525
640
6023
2660
6094
6225
1284
9976
5964
1981
6622
3318
3494
4116
7885
5014
7310
1082
7420
9999
2357
6528
9736
4452
7137
3948
3471
8335
5375
6486
6005
7872
1088
9003
7297
6292
9770
9902
3615
1914
9208
4992
6993
3727
9845
6093
9348
1875
6216
948
9821
7218
5304
2996
6822
997
904
1571
5522
2146
2753
2949
4601
9477
5975
8750
2230
4490
6818
1592
5243
7407
7467
5505
790
7365
9534
6008
4606
1043
4599
1596
2118
4426
6665
8787
2567
8091
2180
6300
5388
8199
4380
1468
9160
6259
390
7516
7751
1094
3863
4858
5056
4623
5705
2414
9751
9798
2205
9457
1462
4895
6964
4478
7547
1157
830
175
2812
7188
6183
4138
2310
518
6204
7044
3027
5998
6345
4531
6974
2018
8257
3512
7180
9741
6539
7494
8721
4251
9036
2768
5885
2722
4837
493
1235
9901
3921
8002
5428
215
4703
562
4910
9724
2547
4538
8419
8660
9386
3752
3453
7674
2483
9444
6637
3452
7298
7806
4617
3335
1453
8561
8152
3414
8253
9588
5680
5710
5808
3125
2077
8342
9103
6758
7314
7694
8601
7455
7193
2000
9075
60
4864
5283
9315
8211
238
5392
3855
7782
2603
6114
3385
2093
8761
6142
2410
1496
1471
2959
8858
2708
2852
6261
1674
5110
8571
5724
2129
8943
4850
9842
612
2616
4260
1393
3696
2868
4099
41
9349
287
1855
8026
522
5962
4957
7010
7997
1172
5284
7105
5983
4234
3142
6366
7208
8603
3608
4205
9640
4513
3263
4912
2932
2760
5502
768
7832
7367
2445
9542
7396
1430
3609
8570
853
4825
5738
5712
152
1560
7727
957
3658
7745
3859
6378
9474
7894
4185
5093
9259
9894
401
4835
7024
6942
5093
7761
460
4189
9177
629
8727
5741
9708
4553
625
4572
5512
2382
2864
7896
4052
8079
6785
2305
1253
5187
8901
9123
1293
9938
3182
7351
282
7502
1028
8773
1545
3910
9732
7976
5251
5963
2383
7098
2230
7917
8036
9305
5753
4901
2381
1803
2229
1362
5842
2321
8049
4718
5689
9906
8860
1336
2895
9238
7446
1375
5458
2206
3524
1851
3026
1601
2650
4887
2645
8088
5695
9687
75
3336
7151
9595
3370
6392
7556
1379
5122
8920
1660
8707
723
6827
8221
9825
9115
3914
3067
3144
9651
854
2458
5830
5780
3901
1875
779
9153
7341
8717
7753
6625
8362
4642
2352
2755
9265
7965
6503
1682
6067
6253
6538
545
4817
1127
6199
3379
2824
5771
8730
5020
2551
35
9221
878
1320
3814
9468
4517
6777
2226
7780
202
3907
2081
2361
2184
5869
7070
9850
5948
6564
1462
3583
4601
5919
5284
963
2774
5675
7399
6328
1569
9987
2732
4074
8326
5421
1474
1434
5450
8497
1985
4904
3841
8472
6336
6638
2736
8766
4014
7510
5753
5921
2781
8456
1088
6452
4620
4958
6036
2851
6694
8841
9377
5897
6211
214
1174
8006
4034
6763
4395
5635
4400
7451
4578
6557
9742
6128
9583
8645
8226
4007
1661
9889
574
5648
7206
4276
2986
1874
800
6515
5397
2599
1802
3144
5527
7943
2261
6121
5463
4730
4731
7250
3115
117
1521
5329
3877
4531
6709
8491
5375
7390
4624
2686
7179
9488
5322
562
3008
6898
5020
2160
5963
7879
238
1800
5649
1434
1030
1798
3867
3461
3182
3496
9276
4411
6773
456
4127
1876
398
8454
5164
2309
1139
8006
7974
9115
5964
6039
2621
1698
3112
8565
9709
2571
1287
5236
9879
9720
9680
2443
3501
4911
4623
1914
4208
1128
3410
2768
2714
4865
6435
1131
6499
6565
6995
3654
6739
2231
3826
6533
5469
4990
9177
2169
348
4616
3786
6704
3123
1537
577
4407
2196
7955
4953
253
7685
9225
3797
6846
5704
3196
3324
7755
5262
1981
2065
3144
5575
7633
8496
7648
5894
3146
6974
8510
5734
2454
1565
9591
7341
6706
9645
1177
4288
2028
8934
8544
1611
6742
5968
7514
8433
6980
828
2272
1666
1421
6906
8367
2551
642
1128
5490
3041
2928
8513
9050
980
6443
4519
5231
7659
4205
9504
8998
3551
2146
3466
3234
3046
3520
1532
8833
1664
981
9214
8913
2317
4701
6843
4312
5547
3198
7040
6699
5577
4154
8136
1360
3514
9884
7563
5167
2223
737
9854
4227
7475
1830
8721
9519
7955
3671
5320
9031
9109
2294
3825
2059
3714
9599
6733
6279
9599
206
9683
4461
7165
2804
3420
9396
4010
2106
9719
3162
5956
6364
6610
927
1126
4986
1438
486
5979
7323
6356
1875
7878
8008
7590
3282
329
6077
7646
3915
3150
1284
5568
2016
1053
5393
7062
4671
8409
9325
5509
5849
3951
2157
3075
2744
5684
2898
932
8727
8160
6246
299
2275
3849
7807
6583
9157
5214
137
9066
7932
4460
5804
11
4671
796
4593
9873
5733
7924
6767
2077
6654
1814
507
7923
5720
4933
4846
7598
7431
5144
8918
5754
6904
985
3292
8166
3246
8810
7904
9456
8271
258
7576
1389
8147
2145
8403
1947
1090
3025
5199
802
1393
4169
3644
461
3342
9884
862
4224
368
2539
1635
2788
5541
49
3107
3686
7504
6427
6627
6923
20
7310
3805
6396
4237
9118
9776
3574
6529
2898
6507
4406
9945
8116
4360
2735
7340
2830
4824
3361
7947
3680
9088
5732
8622
4788
5847
8097
9038
4717
4443
4663
6397
8276
782
4083
364
7248
6224
4223
107
7288
7694
7469
6032
7229
2843
7424
5688
372
6345
4673
1602
3265
8975
6339
8221
8073
7773
9449
3270
1678
4535
1812
8454
1843
8008
1668
7334
277
2370
92
6606
601
3254
659
5986
1618
9699
1393
1944
8422
2409
8666
8371
9770
3061
3132
9300
4442
5861
2291
9474
6775
952
8429
2752
5882
9015
4188
9221
1174
90
5411
8001
6253
8066
1001
10
8315
353
6603
8373
6380
7504
4847
9269
5869
3440
8684
8782
4875
2368
2891
4416
79
617
9831
9648
4824
7907
103
2603
5511
2171
770
8332
6997
665
2118
1704
2060
3121
984
4089
9258
3917
3094
9271
6104
9160
6882
2442
331
5406
4346
8806
7199
994
7921
5635
8234
1352
5186
408
249
3999
2862
4209
6733
6515
2271
5203
1321
6979
6722
1753
1383
8801
5158
6162
7523
560
3543
5664
1024
7660
2272
105
7825
1963
1132
6003
2744
6483
3469
708
7935
576
3839
5258
1055
8884
2537
9589
6888
1679
1121
3351
8683
2592
7423
8398
5836
1759
8111
7674
7808
9521
9383
2588
1727
2757
6383
4770
5383
6268
2459
4837
3510
6014
3817
806
4961
9900
5106
8638
8023
3954
8776
9345
6539
8920
1421
5232
4540
2734
166
985
8371
5794
2899
8414
1192
1250
3530
8298
2501
7766
4205
620
9219
6283
9840
2669
8774
6616
3436
5936
6652
9472
9650
3853
745
38
6049
2807
1336
1150
230
2648
6101
1473
6466
7715
3114
5403
9614
3711
6369
6808
6137
256
9749
8156
125
256
9079
8751
6458
7923
9298
4230
4333
8898
6144
9046
7668
1153
5201
723
6961
1350
7536
1557
4518
7745
9817
2125
9555
3370
7002
9725
9566
9843
3335
9394
4104
2589
9912
5793
3727
2585
4692
2307
3350
1871
7140
7567
1571
4067
7735
8460
8509
5646
9846
4786
2720
8192
3637
2379
438
6954
9195
3087
920
9573
4663
4489
5563
6749
4942
5079
1241
9408
6996
4376
6658
5229
8206
2646
604
2250
553
5487
5635
8542
1215
3919
9997
8549
6673
5912
8951
7532
5354
6772
3389
1604
1386
3777
7207
2651
2003
4821
9125
2655
7219
9101
8650
5469
8127
7491
9985
991
1774
8188
6401
3708
7452
2378
8357
743
4492
7014
76
9030
6127
3708
4053
223
987
5054
3842
4429
5438
7953
246
5731
6361
2979
1323
2114
5269
4527
421
9182
5926
7960
5757
7166
370
9681
4151
9008
5419
6463
8159
4989
4745
95
6528
3510
5047
8426
4482
3073
3648
5556
5552
3821
7941
669
7346
4473
1054
6243
5474
9964
6592
893
3103
8167
7950
6887
9853
1306
902
4834
9009
8975
9793
5256
986
6266
6450
7812
7067
6842
45
7348
5534
370
2408
1936
9224
9700
2335
9678
7953
9176
989
8194
8396
3851
6991
8361
5560
8159
8573
3176
2170
8814
6547
6577
4028
2684
9683
1079
8022
3242
9176
8631
9919
9244
5359
2733
5758
6014
7662
152
8970
1224
6880
9832
7985
1598
6860
7134
9274
8089
2251
8907
8269
6868
5177
6719
3823
5831
7908
6540
17
1255
1655
4711
0
2357
8275
9151
8492
4258
2602
9546
497
8421
4205
945
1933
6714
8591
2429
5824
2549
1805
9932
990
269
362
3050
4067
8639
8910
9927
8105
1122
135
7715
9568
2168
9832
5627
3323
7708
8641
5015
5487
2705
8409
9848
2663
4232
4785
7108
7239
5478
715
7467
9450
1723
3721
9731
1995
5224
5084
9852
5348
2675
1440
9374
8286
6490
1376
9765
6882
2963
9105
8115
3907
6789
4445
8285
1859
513
386
9834
3853
1801
2687
2627
406
2667
8264
7845
8447
101
3632
8098
2624
8789
9667
2811
1264
9035
1562
6173
2855
5020
226
4276
6372
2600
3559
2661
7277
5436
7872
1482
4837
5249
5998
3546
9987
8813
8968
5618
8225
3531
1318
6781
9331
1007
5491
5118
7121
1633
7020
2823
8951
4213
6979
8833
1575
8411
6254
7806
9108
5603
567
3010
2228
2150
3260
7374
2790
6121
2824
2451
67
5943
7948
9323
3702
3445
4944
5365
7108
8440
5539
5644
8415
5048
2530
624
8269
7165
1971
1576
2558
1161
6510
2621
2963
8307
4552
7181
7746
8117
2328
1000
8809
4569
2756
3007
6265
7655
5130
8129
3467
889
697
667
63
4923
4594
7180
9619
2636
9104
5624
4150
1248
9892
8905
9433
5326
6359
5395
8893
7762
7618
8991
6112
4539
6834
3846
2291
9523
4359
614
2035
3841
8108
1669
464
5842
2557
8040
3712
7371
7562
5110
9012
6704
6850
7561
4677
3851
3573
938
1296
9735
9236
5704
3270
1705
4554
5524
8088
748
4888
96
8276
8490
3588
308
3139
8222
8441
3590
2768
8319
1682
1521
200
2508
9979
9408
7689
9272
9169
8440
5949
3421
9318
2300
4605
2404
8399
8758
1288
7033
9951
2964
2482
7465
6833
522
3115
6541
4422
6454
5410
9983
8169
2976
8052
7714
5504
761
1726
5146
7835
8815
1578
6448
4147
4855
9172
1288
5703
735
9822
9682
2302
5735
8367
8718
9038
2734
5675
9456
6293
1147
4850
2714
3030
5966
5251
6341
4248
6890
6900
7638
7031
6141
9198
1135
1385
6034
3318
1977
1350
1826
838
3687
6632
5727
7680
2434
4609
9333
8676
2769
5086
2269
8853
6687
3965
8864
3418
8181
9604
2830
7040
8812
3834
2183
2651
6160
6536
7231
7332
3004
9415
3697
8106
4466
308
1163
6081
7303
8285
2816
1732
4914
8214
4130
2552
4761
7288
2510
7170
2521
2615
5137
2373
8519
4786
2026
9852
4448
3075
1519
5897
7377
2001
5671
3353
1389
4163
4387
6378
2801
2782
6115
9895
6788
1098
2125
598
9704
9631
7889
8872
4026
60
4810
388
4278
1323
9587
9679
8282
1311
1633
4227
6765
6918
4354
2912
2542
776
1162
598
2901
6131
4369
9739
6500
5242
5585
7420
2661
1427
148
4816
5185
2647
1871
7316
7190
5282
9075
65
4575
4707
8096
1490
1148
1888
3129
9869
6744
9212
8055
8927
8469
7291
5970
7894
5691
5071
3888
9035
5738
2166
7018
6854
1162
6816
9041
4117
5047
7037
5722
7260
1701
1097
6022
8193
8035
2878
8590
4612
2112
5715
676
3448
3372
1220
6347
7894
6677
3976
1625
2119
1394
39
4327
2409
7689
1241
327
4332
2846
9011
4821
9706
3490
795
7226
7371
1268
7776
9859
2812
6480
9276
6923
22
1490
3569
3481
9942
468
1146
7440
1071
5412
3602
5865
1661
6770
3613
504
6794
2551
4258
1765
3100
894
969
9957
2577
3994
8975
6626
8900
4116
8812
5639
2117
3116
4304
919
4119
7759
385
3863
1699
1571
3750
4294
9887
4929
5564
601
7655
7272
3065
261
2221
7511
3823
9128
520
3612
904
5947
1493
4520
8539
6954
6599
7963
3748
8544
2465
2693
6384
9034
2165
395
65
1528
7143
6674
69
7648
8429
8374
8970
1628
1051
8550
3418
4606
9293
5176
398
507
6855
4437
2370
7179
3031
6796
7694
1924
1181
7020
8135
4961
887
4030
8095
1825
7445
2294
1985
3845
3542
3255
7517
3118
5550
6911
5902
8049
4545
9141
9251
7289
2295
5876
2179
7727
8025
2886
8497
346
8979
8145
6467
1409
238
4008
740
7021
454
1592
7161
6999
3191
6552
6965
3599
6920
9251
1628
6120
894
9645
7379
2039
7768
846
2666
5011
1850
368
3800
4559
3797
1638
4865
5396
6787
6108
2880
1541
6171
8880
7594
2952
1980
2251
4098
5742
8911
8579
807
8773
1257
2376
9452
9334
765
4428
3640
9392
1342
5729
5170
86
7791
2601
3202
1552
1686
1568
6812
812
6371
87
9949
2013
2050
4426
59
5516
6748
6924
6099
3270
9560
5026
3302
1420
2186
5531
4631
2359
2467
3487
198
441
3710
7508
5161
9378
9049
2545
4055
7343
1767
9995
2402
1169
2427
7438
7284
6339
4368
8123
2644
4418
9629
1900
525
2764
9299
1781
9366
6155
6937
4452
8345
2883
9888
9507
8303
4542
9265
680
6467
4202
2868
8755
1502
9565
2624
2132
8993
4747
8247
8292
7990
4343
843
5780
811
1810
6982
2396
79
7267
3179
7899
406
7315
1650
9519
1280
2919
9135
2742
7073
3688
1656
8442
1549
873
397
960
140
7166
2788
4618
7908
8644
6461
4001
2039
4108
8695
6493
7559
6869
601
9199
1022
4968
8349
4187
7915
3104
851
6073
5611
5505
1218
4302
2687
2401
4230
9937
1413
6022
2255
2912
4479
8560
9991
1761
853
7648
7479
7172
4224
2642
5182
204
3087
2456
7419
6581
2524
6209
3044
7035
6314
6715
9007
2403
7426
2158
1314
9638
9877
8757
5079
1537
4613
7688
4720
2461
4977
6588
3333
266
5625
3679
1849
2968
322
1014
1215
230
4982
7649
7413
5203
2977
5219
6597
7763
9553
7587
4335
8695
6334
7840
7295
5466
7562
3645
5590
5398
7736
4957
1603
5935
2876
2777
1410
2635
4866
6038
2080
6411
943
1084
4656
2227
1343
9876
8559
9393
1090
6956
2908
7390
2253
4638
3932
7784
6384
6382
5406
6677
5423
5816
2493
24
6046
1477
2327
199
3809
3962
2897
3514
5506
7923
7751
5250
3184
5067
4122
7686
5085
6197
4308
780
2049
4213
3682
8237
8845
3625
6251
8483
632
5403
988
5127
8590
4631
6181
9865
7549
8360
5584
7128
4058
9393
1883
4329
6887
8682
4600
1317
2259
7719
1592
9226
1508
1713
7975
1832
7795
4089
1354
184
7710
4414
2882
103
6934
2624
6659
8553
8885
4256
137
6724
612
7179
6721
2655
2330
9353
1350
162
9025
4934
6224
2912
3810
1762
3618
6877
6655
4348
2070
3459
7006
5400
9418
9644
6510
1779
7395
4263
2022
6047
2431
8002
7582
4867
8613
4328
4991
5320
9502
8441
2739
1191
1158
2776
8190
9969
6292
5171
9005
9782
1897
4536
2186
6677
9718
5212
7761
7077
6144
550
1957
7087
8139
2978
2502
8221
5330
8943
3149
9290
1886
1335
4845
3628
720
5814
4241
6641
1454
6541
5487
2223
5258
2240
4150
7895
5816
904
5149
3400
6567
7913
9175
8952
6484
5651
3051
8180
273
9968
4639
7349
2022
9714
7896
561
9690
8557
5957
3903
971
1119
5623
9603
5062
9734
1829
5899
8827
4607
2404
4425
3793
9748
2722
3972
2160
5893
7144
5068
2763
6060
6368
1485
1901
8138
201
5543
4344
3588
8204
7259
4947
1246
2429
5447
2290
9571
3890
6750
3822
7152
9352
5666
7563
214
3555
2273
6992
3923
8400
3797
1412
889
1139
4910
4751
4137
7701
6924
9533
6285
1554
5239
6402
5145
9477
2547
7318
7275
1682
2588
2002
394
1245
5611
6707
702
3921
1687
4582
7927
8551
421
5187
4407
5846
4058
106
7519
696
8152
1870
6966
7216
7537
5597
4113
9263
2418
736
1008
4955
9716
2241
5812
1794
1017
9643
5528
8203
4049
215
6014
2341
1606
7734
1133
51
1995
9298
5419
2440
9799
6578
3529
718
5036
3177
3708
14
2593
1438
1503
950
3573
2971
8834
8179
9375
2612
4828
4415
4577
9315
6646
7937
5855
4624
5610
9802
4463
4062
7267
3120
5317
8568
5155
3137
8711
5094
6758
7840
5935
5514
5609
2610
8712
5064
8768
8634
8900
2954
675
9383
4469
1004
7862
483
9932
5591
4863
411
7566
3905
5550
8531
4171
8383
5633
5005
7816
5696
9467
4281
5853
6988
8479
9063
3706
4036
9224
791
5856
6976
902
1509
3386
7883
8650
4313
705
4671
3205
3119
231
6346
273
2029
9963
7077
8439
329
9430
3762
817
3203
3486
6394
3530
7480
2524
8799
6776
5896
6367
4071
4555
590
3003
4041
5145
6287
9732
1319
4300
3144
2490
6347
4050
9506
6715
6450
9100
6629
5596
8895
1360
2093
6159
7699
8022
6991
4353
1169
1789
1906
7895
7309
6752
6159
1790
9683
9025
5921
1932
2152
596
8111
9462
7673
712
7138
2344
4023
765
6073
9698
147
299
7471
2711
2462
4431
5304
6018
8153
1933
8562
9530
2394
5249
5181
9594
7891
7715
7031
7424
3178
4696
3443
8299
3249
2631
8485
6986
884
4647
330
404
5715
2207
7747
7009
9281
3448
9328
5252
3721
9902
3779
219
2033
8580
7068
2424
5531
7543
4452
6307
3733
8648
6520
5451
6856
9172
9462
9831
5945
8317
5134
3505
1602
8158
3814
186
7502
8171
313
4442
8387
1779
3703
3276
917
3224
6265
4668
5562
6061
1455
3341
194
4023
6670
7067
5686
2296
153
109
3986
9497
9306
5403
4768
273
8616
3874
4766
6881
4921
7359
7230
10
7920
1954
4945
3244
4533
3632
2906
4793
4268
9883
6862
1793
3310
7579
1488
6747
4499
5206
8018
204
456
8889
2472
8299
8507
643
4607
2390
9901
8681
1139
4096
6110
184
6102
4716
2121
2442
7762
6520
7202
9192
5228
9423
8541
2974
6963
1037
2386
8019
2381
9715
9340
7025
9553
9030
9481
6645
4736
3890
9025
516
4892
5587
8744
2766
5682
3125
1476
6772
4625
2057
7443
1497
3001
1264
3660
3049
9758
5533
3679
3570
4
1882
6299
1423
4755
9085
631
7072
5234
5476
7706
3871
7495
6686
4300
9641
678
5774
7292
3838
9560
5613
3393
324
2271
7842
4023
8288
5369
6432
6887
9203
210
5455
511
3009
9287
7320
8010
6597
2493
4404
1538
9149
4350
3572
4002
6315
6964
4019
2370
3983
8241
9841
4009
4390
8489
5975
9151
6913
5061
2343
1702
8802
8589
8503
3660
2040
6174
1290
353
3357
7764
694
1344
5155
4075
4243
5973
8699
3840
7708
1323
1350
4061
2903
961
368
1445
6120
4519
3312
8169
1097
1536
150
2702
2735
560
5847
9911
1961
141
5673
3665
9012
6218
7546
8497
8854
315
4245
1
451
3072
7353
1019
351
4741
5685
7541
3291
595
53
6771
7041
5188
6667
9158
1194
2452
1339
3683
126
8788
1879
7566
5649
7685
5048
6684
3415
1871
2590
5805
274
3311
7717
8024
4183
9130
2351
7994
4874
8305
6619
1365
87
8902
6623
3823
9551
8387
7303
6401
8975
562
9875
1663
1193
9786
5370
2665
9692
9000
4125
1420
8004
4248
6496
3730
7471
8643
4975
2063
101
3344
8808
1820
2168
513
7479
6746
1061
1224
7133
5028
4568
6189
6829
9712
3435
6053
6830
4396
3760
9685
8302
5873
4179
5198
3361
5838
2406
2893
6352
908
3411
5239
6299
5631
1753
8054
9494
680
2306
8623
1603
8468
1867
9097
6852
1815
7419
6784
294
1418
1812
578
8303
416
5042
2934
7640
6969
7152
1640
4340
8168
4872
6224
1616
9328
9889
1198
7958
5380
6558
6150
2090
5136
8081
9833
4006
5082
8346
1545
8419
5621
2599
4933
9096
2832
6935
5883
588
8818
414
2524
3527
666
4282
3435
3595
5642
7481
7523
1925
6220
8825
4913
4859
5661
8488
3166
2334
5208
8928
2558
8623
5606
3220
8719
5569
9938
7128
8783
2392
4006
610
9140
4966
4033
2622
1423
854
4645
6237
8363
7601
823
9619
2199
6796
7685
73
3434
4344
3768
3548
5379
9890
7855
3901
7921
7445
5563
7866
3657
8513
8697
5130
7919
5610
9685
9946
825
3038
7064
2312
7688
8971
565
4957
7800
5987
1021
1922
7883
9864
3694
4439
8624
458
5230
9250
7110
132
4701
3978
5290
6779
2580
9849
8903
5692
1700
6588
7110
7738
9247
396
7279
1456
5859
6408
9324
2898
6101
1933
6424
3640
9982
3792
4819
4257
6506
7461
379
435
2836
693
8336
3086
7021
909
6390
715
6053
2107
4286
4433
4811
145
616
3297
7160
7167
4598
8822
9925
4211
4031
2767
7554
1650
6797
8788
5029
4645
9185
4239
6208
6675
4902
8554
2059
4192
4434
4949
17
8609
6845
3993
7647
1991
8828
9837
3175
1522
7097
9338
2862
1557
509
8624
6662
5568
5532
5371
4112
7602
5686
1407
2922
47
8224
8136
5243
2062
1237
2967
2733
9649
8804
1316
7366
38
5120
5562
2821
6960
5613
3507
7548
9846
1377
4651
6165
6277
1892
6491
8660
9062
837
2415
2922
5437
1071
7599
3766
692
4594
1112
284
4130
6605
3213
2752
9193
1257
6623
447
9969
2550
7152
1989
2178
3859
3075
8670
3572
1970
8965
169
4746
4307
3670
8811
6389
8393
1929
8967
7521
1796
2128
2365
4500
3223
3418
3241
8163
1899
6972
5020
5268
6043
8690
6512
3685
426
744
1578
7995
8929
193
8722
5629
943
5537
9822
2935
4401
6362
800
9328
7656
2926
8173
421
4786
7488
8954
441
9834
506
1673
4998
3944
4901
8702
5616
7157
5125
5962
7648
351
971
8592
1602
3406
6736
3557
7685
3595
305
3762
5536
6171
5692
7611
3117
517
6090
8899
2937
1789
1136
8161
8422
8519
3724
1684
6041
6834
4206
5777
9276
400
3151
8977
6685
4334
6570
7015
8049
3931
1268
6846
9528
6744
6137
8826
8252
7289
5585
5099
1066
6226
3025
5859
9214
2809
169
3082
9681
5052
7515
851
9388
4528
4485
5136
3020
6714
926
8782
3946
9075
849
9005
520
4290
8633
1678
2382
4897
3431
8752
1248
9107
4711
3050
7374
7292
9762
3875
4164
3488
7333
2996
6416
417
7457
5000
2258
1001
5806
1537
6363
6803
1152
1991
5376
4019
5338
4923
4176
8491
700
4784
1620
8763
9602
281
9816
1435
7761
5727
6952
7050
4617
458
1741
7852
2589
102
6833
3633
9419
1380
9091
1894
2388
4445
7954
2720
7673
3355
1953
4838
9698
5673
2787
2549
1376
7653
815
7175
5183
822
3240
78
4585
9312
2185
694
249
7523
1430
5235
8090
543
9071
9320
5692
9726
6374
5156
2327
7096
3761
4406
3774
2113
7351
8944
7670
9192
6476
4936
9287
9657
8449
8596
8140
9013
7309
3075
2260
7259
2470
150
1924
6718
6748
9155
6601
3467
6857
1650
1278
5659
4847
8086
7061
8834
6303
2471
1960
3240
3023
1056
1046
6494
5948
8433
2093
475
1179
6678
2417
3298
2895
5068
4625
3611
2481
7055
5365
8196
2343
4203
2335
4826
3657
3628
4809
363
1535
9305
2709
4837
1115
9020
4235
1414
9104
5429
770
8315
7062
6125
2287
179
9232
7979
2763
9779
3460
3450
6352
9248
7106
3764
896
8820
8721
6220
2836
2319
3623
1730
8939
1874
3968
7580
2183
3875
832
3211
4507
7052
6285
7050
1134
6217
1915
2156
5593
5678
864
5030
6902
8085
2953
3461
7731
7350
8123
5415
2692
2883
2592
8450
4691
5331
7186
413
6210
1652
5795
8888
8946
249
8942
9300
2962
55
2630
4679
6904
6565
626
7158
1454
8592
4827
854
8920
506
9848
4833
5751
5417
518
1623
4459
7835
2358
5802
9031
1502
5945
3941
9882
1976
6083
6653
9142
3653
499
7675
4720
3443
8510
6127
2257
5434
6995
6099
504
6331
1492
5704
1803
962
3136
3529
9730
7319
4840
5127
7697
6827
5648
5402
619
6684
7275
9478
2509
8174
1711
5267
7
2173
113
2307
6907
4391
9365
9025
839
6259
5298
2699
9
241
2137
8920
8840
2554
6922
1822
8812
5372
9977
7892
7795
3108
5507
5572
8158
7517
3589
2329
4619
6225
5697
9630
848
828
6621
5339
7954
5815
4287
1437
1529
2948
5392
378
4547
8355
637
9954
1252
9889
6454
4634
2195
2221
4512
3798
8883
3792
866
3321
2669
2968
8079
3783
4544
2507
8071
8011
5932
1582
3868
2996
1084
8539
6362
4846
7716
5128
1025
9802
6879
3634
1076
4730
9771
1062
7434
8627
6316
2823
6456
4162
4949
965
8768
8560
4868
1608
5834
2039
283
2626
4022
9670
6020
3458
3550
3655
5858
9665
6082
3755
2766
1063
6442
9034
1892
3349
4012
3482
5073
9443
1695
3109
5126
9706
8047
118
9771
7801
9978
6107
9294
8986
9518
4253
9612
1406
8709
6312
7511
3778
2768
6650
6740
2701
1395
3885
4523
9733
6668
1519
7595
2352
6966
839
930
912
4543
6314
5410
3431
3884
8056
9687
9975
4460
3780
1545
2188
9421
485
4639
7699
5970
1294
6675
5044
6368
2425
8310
4162
5595
37
1133
8458
8512
6941
2019
8678
3322
8699
6862
2394
902
4080
9894
4712
6963
6765
8240
7614
2340
2334
311
6183
6879
9895
6382
5671
4164
5886
4544
2118
8003
1248
7835
3846
6923
1228
1462
7519
1761
2866
8866
722
3622
2245
6797
1889
1400
1962
8080
9603
4185
696
1822
3261
9726
4950
1579
8616
559
6347
4513
7436
4155
4744
4390
9654
6244
6047
7788
5735
5302
720
5853
9473
3468
9589
2560
4634
3097
4492
4270
2202
7805
4941
7933
7307
9425
4574
4120
1973
9648
2846
6960
5413
8352
1430
6566
8877
7854
7143
5645
5352
4174
2345
4300
3464
4842
2348
9792
136
2389
6945
5518
6066
2076
2311
9630
9214
6811
7083
228
1669
1927
5815
6086
2456
3760
440
1121
2037
3023
3683
6779
5954
8847
8918
8028
5459
640
4468
2464
7077
4781
3983
9583
2702
7327
894
3336
6040
1799
7352
2066
770
6914
3975
3425
8358
6258
1844
9704
4402
1227
7754
7113
8706
165
9563
7218
3158
4283
4171
8573
2342
4619
3151
6888
7943
6231
3383
5128
2866
7104
5080
238
5670
1616
6009
9039
4872
5493
9669
9200
8796
4764
8061
5850
7026
6870
877
2537
7763
3675
177
1756
7628
8778
9724
6151
3763
7087
5481
2126
2874
6715
6837
7298
6146
7516
1442
7090
4156
524
2346
7665
4613
4970
9777
7577
6557
7301
9861
1073
5354
846
7364
9191
6926
3324
2610
6892
1891
9857
5276
7785
11
7543
6325
2080
7926
763
9703
9510
5427
3787
8380
7239
1328
2511
7142
2658
9000
2147
9594
6462
7225
4407
6772
2028
9350
7646
371
2822
4906
4549
5198
4299
5247
4561
7653
7070
8644
7697
9650
5793
7597
350
5646
1566
2466
125
7862
4415
6181
9951
7892
9744
263
8813
559
5604
771
4297
2729
279
391
6881
4603
878
8589
4081
1991
6767
4857
72
4013
1303
2496
3800
8865
6875
8761
5205
9561
9225
9784
5956
6640
4954
6657
5454
4035
6433
4002
2049
6299
4346
4967
9370
5402
715
5746
4767
2977
8385
8133
1094
9557
6109
5937
6589
7247
6463
9948
3684
6842
5565
4736
3503
495
4434
241
9649
4221
3134
45
5557
2765
2808
3772
9667
6335
3125
8398
8149
1128
3993
2227
1176
1092
8689
6399
531
9016
67
8206
7572
6485
317
5206
733
9610
1463
8875
967
474
6097
546
9842
8339
2575
8329
6749
2336
6270
253
4122
8065
1798
2556
2849
3337
3559
2411
1805
8035
9709
632
4153
4928
2473
9072
2447
7601
3038
57
4872
4250
7430
7675
5030
3446
2385
2837
8517
360
9650
8194
2746
9814
4084
9507
4686
7761
2357
7396
6050
9052
7069
2931
764
5464
6393
4914
5866
3502
5881
9147
9297
6212
5381
9871
634
4123
7525
9403
952
722
3894
1445
8385
1514
7886
4339
844
2965
4386
4685
5244
5642
4007
5819
7180
4498
6910
9565
7052
7470
6971
5014
4478
502
8896
6533
4432
4212
8873
562
236
2954
6443
5327
5158
5624
4546
9249
7578
2054
4070
2900
9116
1196
3903
3655
2205
9561
2691
6135
7212
7959
2350
3481
3751
8879
6967
7883
2617
1352
9906
6631
4092
3823
4449
2290
9198
8679
661
1556
9952
7661
1987
4998
3400
4071
5898
3281
6598
5241
4328
4870
1521
2737
3350
2276
603
2962
1576
6278
8656
6663
6631
6225
2147
7438
8807
5292
6746
1613
4457
3526
8900
1134
6182
9551
5972
7351
81
9680
2980
3685
1284
7376
7024
5036
5109
1354
473
2173
1686
6236
7102
4382
2900
3289
1029
5762
2851
5961
5263
606
6535
4985
784
802
5970
387
6555
3799
6304
3252
2880
1896
3298
4971
5378
9255
9200
7111
2329
7452
4819
4573
9927
8221
6423
4517
8234
2893
8521
209
4500
4120
4416
2374
7150
6299
6592
6222
9065
4722
4799
6674
5869
8433
3355
5205
1084
7929
7910
1774
6561
5739
3632
7810
5786
1961
5058
2562
4378
1453
2152
3661
5277
6094
8751
8760
7480
923
7820
9079
2662
2978
8045
7606
2652
8145
8704
1493
4866
1217
3432
305
4982
6747
3648
8760
487
6605
6587
5188
1240
4029
1844
7612
2570
1138
1396
9774
9682
4594
7725
160
108
8830
9111
3583
7694
6026
5158
7641
3257
3564
7696
3160
8020
1847
8678
8529
2445
9991
8273
874
4335
2632
7839
8633
1134
433
5035
1514
6748
8929
1811
271
3491
3271
197
6152
7635
64
1066
4461
1447
8946
1930
7676
6332
8683
9591
723
2459
2867
7329
9691
6320
6851
5824
7475
991
478
2449
7260
990
3643
893
4328
1753
7424
9668
4748
1649
2526
893
2380
8924
3811
9427
5389
701
162
2300
2450
842
4312
9055
3881
1600
2120
3950
6640
7447
2721
5160
7157
7615
3806
3470
7804
8053
7602
5922
8907
9014
4842
9073
9932
1973
4948
766
2509
7424
435
6774
828
8177
9998
6418
6677
4587
7012
2728
9633
3473
3028
7301
8928
7365
3736
4765
5117
341
1622
7336
3098
4240
3393
3436
5999
5239
9122
1908
6651
1353
1441
9216
7011
5947
4332
8980
7616
7388
6792
3216
1041
4874
6288
5433
5986
7540
144
2567
8236
182
5648
2167
5801
3098
3675
6587
4784
6562
418
1438
5464
5103
6076
8280
2031
3811
289
2980
3033
4756
7148
7729
3548
8406
6295
8224
7951
7959
7450
8459
5094
6555
3671
6469
5704
9273
3415
3913
2272
7744
4195
1054
6970
5354
7751
5937
8798
8008
3401
2174
7250
7163
9533
3480
3033
7919
8619
7394
6803
5450
8636
6825
9111
1959
6343
8909
1432
9607
2576
2758
396
6376
708
5289
560
6094
759
8193
654
358
9425
9943
4557
5276
1208
7931
7022
190
3435
7784
654
6020
7110
6821
9108
7370
1942
5010
9010
8842
4504
9191
5432
643
1777
874
6454
4244
2920
6939
7159
425
6740
6444
6025
8692
2267
3835
751
8412
1887
1241
6171
4791
2103
4376
9266
3887
6181
3189
4151
5748
9183
1812
5853
234
4511
3913
3498
334
1476
2777
7270
6495
624
228
9280
665
796
415
5102
8107
4259
598
6955
3262
3019
640
8539
7400
1607
2567
8063
9730
2787
1411
1242
4927
590
5790
4181
8354
336
416
6936
9109
3971
9676
4166
1875
5096
8601
3091
5765
8086
6044
1488
8585
4857
2590
7215
3870
5373
6097
8726
8908
4714
7539
3707
9213
8985
4352
74
5005
6233
6748
7770
3842
3661
7845
9291
3343
6474
6664
2304
3006
9476
2297
1644
6743
9922
2657
69
8000
8575
311
2980
4238
1690
8027
