5553
6023
6867
9104
9689
7940
4741
8170
3088
7003
4639
1375
1599
8114
4466
9529
3098
6284
2153
3820
906
8195
8900
3699
7528
6823
3365
9261
8604
2076
5303
7141
9993
2350
5638
5274
8267
7280
2471
3413
9623
4443
5043
2450
4281
8818
295
6594
6595
6408
4020
889
9488
7307
8905
7358
7123
3167
1575
2865
4574
5480
9566
1011
1699
7498
1382
9248
2475
9192
1261
5818
3813
8740
4197
6463
3151
6449
9417
8710
6528
6771
2665
2196
8055
4414
7652
2685
3445
8280
8150
5100
5704
9606
8838
4142
4877
4032
750
6782
7435
1046
4118
7403
5146
8202
7076
748
3110
2441
4207
673
3749
2864
6336
7803
2814
7369
2956
7285
9845
8697
5803
4195
1042
6161
113
4206
9901
54
1586
9119
5699
2634
1275
5482
2652
5262
7049
9853
7338
6904
9574
1003
4073
7476
1350
2839
3269
1034
1328
7507
1075
3465
6937
8738
5242
9923
6360
8985
8088
2869
846
3055
855
5088
4974
1114
1589
853
5151
7551
320
3102
9946
2941
9122
4799
122
3566
4810
7273
936
8866
8726
4078
8043
2233
5697
2536
239
2729
8902
8064
1765
4469
6058
6519
147
8985
2501
235
1249
2415
5883
3776
7186
7973
3518
3995
9616
442
9801
2794
4174
814
1932
1979
4329
6776
7044
2740
5417
9053
614
2422
8649
2256
1337
5477
6883
2602
4652
1136
1064
4575
6024
8521
2983
4949
6892
69
8714
1702
2919
9796
2927
6107
3889
950
2536
4078
2190
3370
1940
9761
4818
2196
1801
3461
5126
4930
6636
8041
7112
7013
5790
8664
1730
9599
4790
3411
8996
9379
9884
6975
4025
3714
6133
817
9494
2542
8366
387
2940
2804
412
1281
9196
1303
9756
3827
6719
9521
9822
1961
3433
673
4589
5906
4006
4263
4377
4289
6159
9125
5081
2810
3485
4964
5735
1103
6062
983
3967
2584
6563
6249
5101
4307
6601
4508
9468
426
9842
962
6691
9474
9556
7923
3541
3352
9125
227
6811
5231
8164
4076
4227
3814
7722
7601
7796
4231
5568
8653
7764
5735
5554
7238
5397
7184
5571
282
9304
9497
4795
3950
4447
5196
2433
5606
3254
5562
1423
2382
1978
5835
4171
8736
4419
2486
2021
1287
6584
8999
6712
5236
4858
1189
3198
955
3920
2318
2525
6357
7781
8842
922
7314
435
4213
9629
9030
1380
2115
4347
2234
2808
3185
6674
1929
1564
6818
2818
2911
5162
4284
3697
305
2785
9558
9092
3257
1998
1478
1686
935
3036
5065
4601
3135
4913
6857
8300
206
2857
2991
9906
4468
4652
4478
2428
1673
4514
1268
9391
7102
9500
9614
1195
3497
5145
617
4528
877
5121
6371
7031
9902
429
3411
9197
7742
8584
3539
7016
4706
8518
2612
53
2170
4377
9228
5652
8307
7130
7419
8743
729
2086
4584
1434
3422
3870
1104
7990
4295
2329
7423
5084
6485
5960
4
4039
1240
5280
4685
3088
975
4252
4685
8583
6888
9560
9024
9119
5916
4964
6221
3746
7702
7628
6301
7815
5845
1977
5775
3872
7480
5548
2720
2377
1095
7527
3568
6210
4373
5189
4412
3026
2445
4330
7768
6477
7400
6000
4546
3861
4846
1984
2074
9331
6107
3676
7381
8857
9658
2188
8194
9263
9505
812
5608
5426
1532
2308
7488
9360
5992
2813
4746
726
551
3195
1300
3372
9860
9824
414
9844
7430
1913
9026
5495
3474
3388
6269
7418
146
4711
6551
2184
6995
5149
3520
1632
8721
2342
4944
5092
8511
5185
7868
2032
7238
1347
8779
2912
2376
4008
8996
9834
1774
8349
1832
7592
1786
113
1951
8143
6038
70
9213
1281
6261
2562
3731
5402
9674
9667
4650
7518
4879
5322
1333
2244
4044
6993
8256
2127
4609
3357
5041
6137
5714
6717
410
8646
3316
5928
9846
8608
390
6800
9053
8440
5972
6587
5770
4676
7616
3377
3237
2708
9358
1478
4954
6452
7015
9587
3547
4792
1856
9824
3534
2681
5028
3075
5567
9544
2152
5084
2085
3746
9821
6041
7127
8079
6268
2892
6272
7457
1223
3580
4510
1231
120
2333
6779
4235
1763
3957
1631
3728
2380
5053
6752
566
3265
6372
3411
2896
1020
6226
2523
2532
1291
9490
2886
3316
4351
6875
183
4122
3315
6090
3569
8275
5313
2303
2561
2695
6296
1331
7781
8194
3453
8356
1365
4767
9289
6561
4813
9896
9481
3376
6436
4996
1056
1978
9940
629
9446
3463
9883
4887
3774
7508
413
6290
1483
8477
5252
962
3810
716
6600
9688
8445
4329
9078
2934
8124
8119
4027
7789
2061
286
4641
9938
9653
8572
7218
3335
2362
1931
3248
2832
1447
2893
4419
5944
7942
5075
3283
812
1309
3850
6085
8764
6776
6748
6551
6727
2899
7005
2505
1327
9436
2094
2825
3487
2867
474
6637
2911
1258
1916
8599
1879
7468
3767
8240
5551
9910
3133
4992
3048
4835
3215
6480
8211
4200
5876
3162
2904
2021
491
435
5357
9426
1920
3396
9353
67
931
3077
7468
8438
372
9553
9392
5250
4206
1296
3008
8508
999
6816
9765
2013
9456
6492
6221
5613
4614
9287
6990
7312
3732
889
766
1481
3241
2452
5547
370
8886
5484
8978
56
7523
4610
4462
3661
7087
2960
9994
4580
154
4396
1021
3674
669
3344
9970
5428
7175
3739
5453
1644
6086
155
4706
9483
8786
7911
2008
1754
5749
2637
9621
5514
7838
9709
4489
4845
2030
2559
8526
1653
9292
2409
7158
9335
9867
7092
811
9897
2482
118
3195
5146
31
7333
3969
7368
9903
4978
4874
9176
951
8240
8831
7516
4774
5507
5836
960
8855
5124
3397
4615
5213
3799
2351
3677
2997
5370
9615
1694
7100
2111
9271
5630
9442
4475
5483
504
5739
7121
4941
7051
7684
9350
701
1052
3578
9641
4561
4360
1255
9851
1041
7357
6721
8579
9932
6232
4982
292
4370
4533
5363
3180
2076
8840
8968
3201
8074
299
23
5332
5220
1734
182
6345
6931
5863
3097
1299
98
3356
809
5255
438
7248
1069
1913
8909
862
4542
9251
5522
5447
2750
408
1688
4504
7273
1861
2084
377
1567
4261
4337
5923
4630
9307
7175
375
1648
4068
3134
3682
193
1014
3724
107
2741
4827
7770
7054
4291
7212
5757
772
9810
9773
8983
9774
4657
2426
8589
1235
9215
9721
1788
6547
918
4515
2618
1762
4738
8533
9213
473
6116
1839
5253
1736
6684
1580
1762
2446
4091
5029
6085
4354
8503
3564
6113
4856
323
7400
5718
9221
5478
1899
4467
472
9225
7176
9189
8226
2208
6007
2316
5758
7999
5283
4656
7971
4520
7247
3090
3076
664
6143
7144
4185
3636
7434
8043
7353
8402
7762
1439
7337
2815
9991
4994
4217
7371
4781
2511
9507
2390
3536
238
8083
2713
327
6355
3219
8908
8141
336
3075
4310
2641
8557
9335
4754
282
6835
1791
9132
1836
9823
4446
4568
4978
2942
8007
289
438
599
9739
4736
3582
685
7128
5904
9060
1472
3308
1078
4823
8445
260
7425
8363
3027
173
1434
5658
9462
7089
7945
719
375
554
3712
5792
3515
7734
7385
8348
2930
8469
7541
597
8339
728
1956
1428
3431
5693
8809
3527
712
4308
3391
9563
7020
6204
1951
2768
6573
4630
976
3510
1793
4016
3207
131
3416
112
5545
3737
5923
2730
1893
9975
2718
6828
23
2298
8217
5
2227
3768
8279
4418
7
6066
7163
4149
8771
7310
5783
4616
1774
8299
7493
4031
8803
4323
7520
1825
8012
3318
148
5072
7603
7982
2414
3415
6844
191
6181
9652
4550
6568
2403
7207
5231
7375
4009
7140
2967
9267
1341
8234
7954
1307
955
3593
2482
8687
8025
5699
4777
6392
1992
8908
3620
3207
6815
2024
3651
3747
7304
8579
1129
6130
65
5206
5896
285
8799
1427
314
380
8857
8745
1977
1914
7118
6296
7026
8821
932
8156
2166
481
4874
8158
4575
3495
3587
2024
560
1984
3488
9220
1962
2761
7104
1823
1241
5749
7697
2197
9887
6597
5385
4397
7534
3247
6930
1706
6089
518
4997
4830
2814
9147
6412
648
1256
1907
630
2401
6698
6775
867
8329
6892
9637
6783
9216
4809
5294
5054
1277
1123
8735
8269
5569
5095
477
623
1328
6564
1881
5934
41
6987
8657
6405
2814
6348
6456
566
9333
5119
5296
5499
3112
5730
7055
7504
7897
6463
7714
6896
794
5464
3720
3707
4079
878
843
5552
779
1283
9301
5836
4817
840
825
1342
8235
3231
3968
2867
8353
4728
5720
6157
5827
3236
5156
9839
8040
2972
2726
4864
8849
4984
5140
4577
3266
4950
2326
1935
5504
903
9787
8050
5817
9459
681
2271
4904
5712
9269
4665
2494
4847
8543
6066
9743
7562
7879
842
5721
1004
7511
7806
8556
4436
6987
9832
5699
6248
8075
3284
905
2033
7362
7449
4940
7670
339
6367
2554
2885
4935
2328
3703
8060
2370
4002
6440
9074
4834
5704
7070
1483
6213
4500
3391
1981
9493
1381
2472
849
6571
8656
7636
5984
3760
461
7484
1094
1126
2072
7222
1512
8287
2836
6069
5183
4102
495
2066
2985
3392
6625
1413
2371
6214
9421
5819
2862
4057
2958
8176
8958
3895
1705
6313
6278
4691
7718
4300
1908
6517
5346
7948
2761
8481
5557
3195
3377
8431
8208
7878
8998
9314
9487
7456
9946
7242
5265
9770
4338
4642
4622
7036
8167
3896
8264
7617
6582
6523
9790
492
6384
6195
158
6467
8045
8677
8652
3890
656
6225
2442
4431
5849
5079
9178
9643
4407
4248
6366
9036
9426
7948
9961
7265
1895
8309
9780
8864
216
7940
6613
6853
8640
7715
1494
2802
9156
3020
9411
1268
8589
1374
9113
8113
2200
191
1187
3087
4718
8620
3209
2333
156
753
1066
8435
6234
2892
4571
9736
8896
9787
3673
2715
9611
5588
5790
8133
3585
6375
487
1387
4837
5098
447
8051
8834
1848
5065
1704
7121
6693
4146
1595
4731
4280
6696
7887
6649
3059
6568
6263
8448
9675
2372
8801
7700
6398
8501
6612
4400
3054
9502
8342
8133
1821
7496
5058
306
3014
9601
4385
7827
2867
2614
2203
5641
2077
7984
5331
8891
7903
1484
525
9807
4223
2939
5162
2725
1645
350
2436
3347
8453
7303
4067
7191
5804
3462
2909
6784
1638
7581
3634
3458
2182
8436
5581
7060
169
3160
5622
8413
3169
7720
6497
1569
8976
8535
3909
8881
2333
2332
8660
2664
7164
1038
9373
5563
8546
5011
9837
8615
5075
8547
7253
322
7849
7067
7624
5786
7358
8101
2556
8485
4727
4023
177
732
805
2498
8215
7269
9553
4027
4450
9305
8920
970
6293
1143
9062
17
8514
5157
3323
7007
3338
4621
467
6175
3719
1908
910
8122
1523
4232
9776
175
7936
3141
861
8641
4757
6048
6796
2568
9061
1047
4097
7947
1401
6879
774
6480
6724
7340
9587
7399
5161
7719
685
5556
265
4630
8778
6306
6358
1430
2504
218
9529
8744
3033
3152
282
421
5259
2466
8360
755
7945
2290
523
2519
4773
6839
1133
4429
1398
4182
4644
2376
5013
216
2456
5304
8375
127
7269
490
6209
7631
8543
3879
8417
2656
3846
7622
6197
6302
2081
7121
9038
4406
9773
8394
5032
7745
9856
1938
5172
1928
31
8321
5573
7152
3731
2817
695
4977
2046
5131
5196
7870
4545
314
3746
6644
4101
2117
2993
3511
8231
5096
2101
7523
3338
606
442
4061
272
629
271
5331
5317
4280
7599
222
8306
1265
8925
1028
6926
1219
4256
6949
1925
1167
9861
9459
4647
8387
3644
7739
8944
1661
3697
4935
6220
8049
3814
3124
2374
6634
4705
1416
4860
9864
2553
264
2714
3524
8338
2836
3191
1965
6584
7012
839
5151
5598
2170
745
983
9413
1885
6985
2531
6386
3655
583
2663
4001
256
7450
5801
8654
291
6514
2840
2088
2060
8614
9596
6744
1122
49
807
4547
6979
5076
6685
4096
1068
2451
1644
2379
1391
7221
2819
4430
2328
3477
8897
9681
51
9523
8082
5386
7390
3310
6292
497
7999
3062
3538
3555
1148
4238
8290
1836
6178
7983
9407
8578
3898
8567
2933
7805
5805
3421
7263
3070
3694
8409
9760
8582
9716
9915
6693
1599
1966
5421
7157
3668
8783
6187
6096
8006
8913
8088
1230
7152
8930
983
8252
4345
4070
318
5782
1483
6590
276
9580
3968
6047
3221
6802
9589
3302
4955
3838
1233
7545
6690
9869
756
826
5738
9795
7710
2471
4926
8892
7717
2191
110
4140
2711
157
5415
4512
9398
4132
5209
5009
1690
5841
3188
7621
5562
9385
6506
4703
3957
4250
9996
9607
2239
1114
7495
3518
8331
523
8071
9012
1663
1384
1863
1777
5936
9081
4091
9432
7887
443
4440
7100
2335
1680
8179
4915
7637
8116
4233
8325
5964
223
4934
3466
2194
502
1900
1596
2662
1896
6180
8874
6060
6197
3346
305
3978
1411
1685
6480
5293
7074
6816
3514
9809
2895
7272
558
2935
2579
5881
215
6290
9745
3048
1439
6449
8396
9582
5433
7180
2494
6770
5990
4262
5566
1040
6137
8334
7873
937
6225
6431
7752
3032
8889
3407
1420
3657
9298
3230
1342
8661
82
6015
5965
2583
6314
3149
1907
3855
5581
1829
6251
9299
2799
304
825
9251
4243
1855
1134
2224
5061
1641
9655
3783
8538
6713
4158
8032
5029
4738
283
2203
5838
3832
6687
9975
8297
2982
4725
2988
6427
4018
5355
4396
179
8452
233
8585
2581
2169
9413
7443
2095
9117
3600
8440
6360
2181
4045
9601
8990
3874
8826
843
1545
4048
3461
8966
3616
849
953
1261
7129
8146
5797
1043
6285
5258
3604
85
6480
5573
5450
2859
5324
2840
107
6720
232
8246
3615
6115
8936
5124
3997
2552
5191
4512
2851
6130
4990
1266
4968
1731
1215
8152
313
3949
3320
2557
2154
1101
8577
3959
3120
3417
8423
5966
5518
8704
3941
6740
8734
5370
7234
4838
2324
2005
4148
3244
5851
1773
2407
7473
5094
5213
605
3719
1644
7172
2527
6157
3400
7675
6091
2513
7538
4976
2003
580
4129
9224
8994
4146
2189
8250
2532
9598
4497
6377
5827
8307
9801
75
6705
381
8694
1103
8865
7906
2812
4704
4322
8345
6177
7783
3339
1059
9278
4720
7299
7348
1
3567
9115
6627
2778
8261
5284
6844
2681
1006
9221
5266
1344
4219
6356
3325
969
5710
3819
6434
6111
4097
7768
9424
4901
648
7968
4405
4910
1473
320
9776
9077
8479
8306
6233
960
77
7603
433
5819
2020
5225
1805
5482
9055
7000
1958
1427
14
89
3567
901
864
1236
5904
5799
9690
1725
2129
292
878
1933
1208
686
9445
6189
2865
5912
122
2364
891
8107
3386
615
4090
8871
5962
3941
5845
3648
6010
2978
4895
1383
6752
8874
8212
7242
2402
434
1269
8352
5473
140
4941
87
4017
1118
6037
2866
4135
6045
1304
7649
9197
5460
7515
249
7145
7032
9836
5749
5880
8481
4282
7899
7037
9824
3934
570
7976
5622
3510
9688
1095
2539
2633
3245
5673
4003
4854
4844
7904
2978
9513
9965
1674
7245
2186
1291
1359
7962
97
5369
597
5520
2471
6992
5858
7041
3049
4193
7183
5466
4889
8512
2534
1615
6554
6657
2826
4269
4575
3141
2178
4992
7844
2901
8968
4317
6225
9792
7637
2643
9211
13
5525
8140
9091
5575
68
5641
7387
8632
954
660
7660
2438
8088
1000
7430
58
691
5528
8464
7089
3387
6955
3191
5605
7675
9570
8023
1541
815
3256
6555
4540
6255
4876
2987
4393
2524
978
6589
7185
6882
5943
2187
1518
7331
5406
4812
7968
6886
6167
9100
2108
4178
2121
6626
8569
4949
3485
7899
497
7617
5845
7816
7697
4104
3120
6182
3212
8012
3036
7533
9712
8939
1279
207
7444
4768
1673
8274
2269
4758
55
4654
4648
4156
4447
361
4133
8249
4417
9443
9038
3078
6092
9567
1036
8126
4489
7413
4211
9223
1599
9955
3850
8633
9387
3169
2899
1913
9182
3801
3276
5211
5630
5738
7562
1191
3168
3541
9657
2758
2049
4962
3594
3592
8495
6633
2847
1711
9170
9317
279
4259
4063
3046
3158
100
804
6014
4768
1277
7462
2220
9067
616
6167
3827
7448
353
2005
9845
4958
947
7755
1452
7174
6636
6360
257
138
2753
322
1187
2743
9864
3522
9017
1148
2584
2580
7461
386
7153
8772
8379
5295
9828
5895
2978
7425
4667
9185
2493
9706
9324
4359
9331
6504
2610
5872
6522
3740
546
5876
2015
955
6275
9476
9202
7093
7149
2679
4864
7773
4543
9459
7804
2175
9375
6157
7345
741
3381
2832
5470
3568
7828
1480
3418
5505
4191
2512
8538
6712
6058
3721
9840
1276
6757
7424
9019
352
6692
5884
275
1988
4321
4720
5163
9865
6554
7155
7128
6452
8526
5780
358
7714
405
8446
3127
4794
6058
3697
2902
4636
4141
8152
1714
821
9618
6527
5417
1951
7137
6993
4048
7496
2556
3482
9247
3107
6317
3552
8950
7035
5384
2085
8185
277
3363
2125
871
8310
4297
4225
4293
2995
2982
5638
7847
6168
3005
4341
247
27
1738
5177
9315
1533
1732
2861
5157
6923
9199
19
8477
2506
4747
5867
9252
2055
9966
1437
7458
7493
5656
7106
7653
2912
2699
1053
4514
6917
5634
3078
101
1976
3305
8923
5297
206
2769
6651
8545
501
6967
3947
9110
4278
5747
1786
8248
7115
6386
5791
6202
1568
6882
2753
4370
4631
7524
6402
8833
678
8347
8239
1288
6121
9917
6501
9201
5823
570
9045
9285
3315
2892
6956
525
1709
7995
3375
7164
912
2804
7399
531
9843
6875
8533
5093
551
4553
665
2682
6366
7818
7866
2154
8727
2658
2989
4360
9246
2585
2424
6545
7340
6505
2886
8676
9925
2228
2660
6635
4148
9238
7920
7874
947
7708
1445
9245
1384
1407
8649
1270
9904
6363
2918
5497
5026
4802
1797
9050
5006
9015
7918
8327
380
853
3191
3337
3988
9857
5168
8322
1892
4029
8534
7128
9897
9992
1206
1019
1213
3743
2975
7838
3936
1153
6640
977
3586
7389
3649
5123
431
3610
1629
5133
1319
9593
7493
94
4516
8108
5256
1527
6239
327
9378
5874
7828
5789
5599
5033
3595
777
7837
1263
6040
80
4390
9226
4213
2214
9750
6599
6207
44
7890
8282
2400
3400
5809
303
2498
1112
6503
3104
8486
1447
1598
3608
1775
765
3148
7797
1789
8615
1527
9654
5772
365
9092
1238
5202
8267
5880
2302
8357
8657
5320
6194
2436
1096
3474
4427
9980
5296
2535
2482
4274
4732
2776
4592
8481
782
7450
3447
9065
1953
4809
7591
8516
8236
2509
2034
4308
4570
5100
4231
5231
4200
4746
9828
6127
5403
1172
678
7291
8720
7816
6493
6080
9044
5379
1039
7588
4500
2756
4420
816
2433
3236
6404
3848
7729
7678
4199
8586
1439
119
5409
196
8304
7250
73
9985
2948
8465
3078
9609
6771
6156
345
4136
8315
1510
9472
2857
1469
4445
9807
1813
679
3414
2798
964
8342
5979
8398
7725
6973
2092
5851
8600
2407
6296
7776
1793
5306
1053
4640
6034
9678
4810
4044
6277
2890
2268
5532
6218
8205
1342
7116
6993
312
3595
9516
4889
4452
9109
1643
6968
67
5352
2636
4679
304
1745
1728
2018
3734
7678
7551
416
9805
3773
2135
5868
9370
6521
8073
6074
447
2179
9519
5630
4975
8857
8288
8812
6780
2887
7341
6196
9410
7672
5967
4326
2173
9364
5972
1145
539
3513
2484
527
3791
6700
7188
6539
1460
3647
5518
7930
1035
5569
6521
7887
5832
7006
9704
1446
3456
2916
5238
847
336
1354
1005
2132
7805
7809
3694
5
549
6927
5535
6933
9695
8991
1839
8274
1669
1749
7352
3132
7368
9410
5160
3841
1151
8079
8493
5167
9659
4525
7689
7622
8275
1637
191
2436
5695
5055
8733
3650
9952
5512
7381
4108
33
9588
8192
6841
5166
1430
9777
1707
5564
2105
3478
925
6193
7164
981
9726
9316
8527
346
6023
9238
7912
8657
8058
8800
9402
2579
6613
3015
3701
3179
1855
2028
1052
3807
1563
9887
1651
1
8229
4748
5981
2057
6169
8158
9265
6243
8530
4074
9006
4334
1425
5166
1358
4869
2121
930
133
8040
5763
8851
3163
8691
1863
8926
1623
8897
5141
3356
9417
9839
7664
8525
2116
1274
3256
5854
2488
9900
9534
3159
4048
2538
4009
9366
1754
6688
670
6182
1686
633
9753
3610
4237
9378
1584
7290
194
7243
6535
368
1101
5174
4656
9167
6670
2900
3050
83
1612
6266
8442
233
8506
2603
4802
624
4682
2496
7171
4934
8226
8958
1670
8784
86
4053
4287
2738
9690
5966
5659
5244
3365
9166
2058
8874
7882
4841
2695
8853
3638
586
4569
5419
2191
9519
5104
1634
4575
959
2607
7697
71
1600
2141
2143
3503
5871
9081
2617
8612
312
393
5646
606
3197
6868
9339
545
5928
2742
9840
9801
8317
1296
7639
4388
6251
6593
567
8948
2653
8162
8730
3358
7962
5173
1764
7024
9914
5371
2010
5760
78
241
3326
193
8923
4812
8993
2650
5764
1088
8646
8217
2767
7896
1753
304
4501
7754
7251
9278
8514
3669
5959
2149
1662
2287
2644
8023
5104
2315
630
557
731
4080
9722
8076
7970
7445
5465
1439
7599
7916
3183
1565
9515
513
591
65
3419
1460
2522
2160
8119
2732
7245
6409
4282
1176
8531
6635
2167
970
7545
3449
457
8089
7485
8686
8173
3677
2333
7055
2289
5812
1678
597
485
4393
2633
1149
1696
2578
4603
3644
9793
8470
2437
7999
6834
3313
3794
6793
8914
8829
9271
6629
371
9734
1107
1426
3027
1905
1892
9742
9126
5466
9871
2307
1054
6648
5923
9888
8542
7381
4939
9588
6366
3901
3656
1987
5651
9485
1851
4859
9882
5540
8141
3460
6541
5048
226
751
3286
1207
8121
9790
686
4861
4517
4326
8598
130
6945
186
7390
3906
8251
1532
3889
9682
263
6469
6077
9120
5774
3541
54
7032
9860
3586
7325
6411
5766
6005
6422
5172
6602
7334
9260
5149
8902
1505
9383
9329
3388
5520
2540
1664
7469
5976
7288
6608
9570
6858
4785
3756
4673
4165
5433
4579
9736
3654
5000
931
7001
2187
4364
939
3763
2218
7304
916
2272
8740
780
8757
7085
6747
5731
254
1001
8389
9563
3883
6297
716
6840
8907
1220
2665
498
2436
1901
4680
5412
5247
6504
8452
2328
1200
1155
1600
7900
5251
8672
6371
4335
830
6078
6027
6671
7925
8433
5178
3578
1347
4091
1117
4634
6284
5347
5457
9718
1098
1720
4867
9015
7591
3327
5532
2253
8633
4419
4531
9098
9400
488
4312
5210
9925
6380
6009
2829
5193
5994
2572
4002
6722
1102
4065
1156
5386
3818
6044
5853
5698
1882
6802
3531
3804
7356
6744
7503
545
3774
8038
3506
3902
6080
4177
858
9779
5906
4708
9903
9338
2628
4525
5103
9147
865
2292
6489
9262
4375
6866
4815
8375
8677
3400
7518
3685
780
1405
2569
9636
8506
2283
1419
7956
9065
99
642
6924
3206
1377
9480
9109
6140
6515
3070
7356
1698
4383
2939
5063
254
8241
6169
6907
3223
5131
5224
2679
6659
7172
8998
4500
2138
267
831
344
3106
7147
81
765
1650
9564
6055
2998
7386
5705
2234
2162
330
162
1986
6397
8466
7505
9381
264
6113
4511
4733
3934
4875
7962
265
6033
2379
4979
6970
5873
5683
2725
4249
4550
4301
2173
3413
690
2186
3171
9521
7517
2896
3061
2349
6496
5186
2600
6034
4633
885
567
4230
8595
2414
6147
5890
3687
9298
21
618
2406
8734
6361
6479
7604
5912
7435
2095
6292
4092
8691
8078
2941
4989
7215
1038
1813
5612
3769
847
9778
8945
2337
4988
5116
8495
5654
2136
8154
6283
9725
1391
2164
2553
7115
8783
6534
6582
4745
584
7750
504
9741
540
2193
2488
1288
3605
5199
5108
4077
8075
5529
9173
839
3461
6396
1373
1363
9109
258
5299
3941
9
4367
7299
5914
388
7874
8432
4503
5231
867
3184
3097
9273
9203
1796
2794
2628
7206
2048
6936
3045
2206
1649
5862
2991
1713
3653
2386
5161
5218
5636
325
2450
6563
9732
6173
4894
6574
900
5731
6767
605
8845
7208
2344
6076
1565
4257
4599
8579
8735
1903
8209
8363
895
7803
2717
1436
2922
8674
4220
6046
9342
12
5230
2858
646
2710
9471
5623
7899
6054
6305
6317
169
2440
3360
4441
3517
6915
147
9396
7786
6581
6482
3733
2116
4087
5668
1929
3456
3457
3651
2225
1510
721
1263
8833
1977
9485
5429
8855
4786
8976
679
2681
5597
1892
8194
8455
4443
8275
7919
6007
8527
4824
8259
2760
3530
1497
742
6559
7041
7542
2166
4442
2402
4080
4806
9447
1177
4527
2463
4031
1486
1292
4610
8809
5902
3801
8135
224
5893
7213
7486
5180
5538
7643
3698
6686
2461
8502
5302
479
8743
8869
1813
7244
6809
6236
278
1516
7085
8746
7277
9915
5811
3887
4521
7234
214
9450
6858
9728
3361
518
666
9828
55
6986
8904
4758
382
8120
6986
2674
9224
1984
5288
2616
9478
7366
1999
9665
3522
6619
3139
7147
9935
7570
9369
1650
3122
6463
6472
3011
1643
5573
7118
8224
8202
1985
7188
9823
7332
5519
1134
8964
1759
4602
691
3827
8598
1904
7756
2848
7450
7193
6206
6742
7379
3519
9893
2485
7616
7253
1636
3918
1648
3974
1031
3650
4865
7063
4414
7493
177
2176
2332
8002
5484
4174
5387
5332
6878
5541
3052
1218
8706
3624
5561
4450
9367
375
845
4682
2092
4702
2206
79
3883
7216
7316
7784
3571
7041
8961
1534
7489
263
2670
5273
4860
8204
1258
3204
8132
4560
5607
2075
4201
418
5211
8023
8413
6580
4282
4490
6217
9731
5400
5475
9969
2253
4119
8268
6858
7602
1760
9836
6579
1517
3728
8443
954
287
9590
1163
9117
7641
6550
7531
9095
131
5878
3465
2004
9292
9371
6991
2758
4471
5316
7758
4862
7194
5304
2606
4085
2989
6346
529
2800
5770
5495
2683
6689
6768
7069
8126
6990
3119
5372
8576
3180
7869
6380
9838
6375
653
6264
7565
8231
4769
7078
2108
6200
5970
3580
3759
4982
6983
7077
6127
1295
6021
4731
3324
4635
3194
6775
5235
2223
1245
0
9638
9098
6740
4577
6992
814
5466
6231
3431
6725
8780
2298
8030
8692
3387
6482
719
3187
3310
3143
7
6041
9245
7281
7159
3138
3055
5202
3180
3877
1028
5342
6986
4768
7439
3009
9460
1392
6587
2944
9516
751
3646
9402
2514
3723
6700
4632
1248
6712
6056
2047
8912
8101
9993
3596
9853
9458
7417
3854
7759
264
3051
9553
5696
3438
5311
3262
1252
377
7021
9327
6600
365
3626
9255
2395
9842
4767
3436
6437
8422
3953
6468
7821
8981
6429
8884
4774
3842
3155
1
3974
2733
5184
9252
7700
4092
3705
9076
8411
3438
3380
870
9690
6729
5447
8547
4474
737
1201
10
4691
3981
7417
9337
6310
6582
1732
6714
7008
6426
8487
7409
7221
7019
5352
3867
5180
4374
1555
8302
6137
5690
5025
2999
5041
3083
6777
1092
3534
7882
4409
4037
2641
3145
5310
9993
5316
5847
2941
1117
2360
6990
2067
1984
4950
5970
3649
2670
1376
1580
3366
100
9182
2898
3873
9000
8955
4417
4296
3227
9805
640
3180
9126
2017
4450
4768
4076
1709
5359
8550
9333
1432
437
5942
9146
3623
3040
8048
9070
9434
4106
9715
1954
4515
4309
4854
9742
9271
6309
1037
898
1551
9714
1312
1720
3810
2940
9967
500
1202
9572
960
6017
3029
4032
8667
8744
6955
4727
5377
5915
6369
5225
3792
5698
924
1226
4611
7707
9595
5025
4805
5400
4322
7652
7782
1717
9125
4222
5336
683
3073
7547
7868
9861
3145
3697
8924
483
5641
6110
2787
4543
932
5122
4528
6326
5922
5613
795
2583
8329
2259
904
6176
4766
5560
1695
5376
6249
6950
9618
2733
9391
4694
2841
8821
7356
3931
2552
7226
2301
4128
2066
3485
2238
261
4468
9199
3123
1456
5795
3511
3427
2752
2354
814
6642
1692
5095
7585
2002
3548
4233
8691
6491
53
5152
6238
2280
5706
8969
1990
3061
3568
282
4200
192
7419
3937
4505
1092
2495
2252
4793
1154
6106
9305
6638
2340
2027
2179
5663
8836
4967
5224
8753
9894
3374
6994
2184
5108
8230
6919
7417
2486
3804
450
9859
2470
8153
621
9223
7754
589
6493
9506
1295
9440
7537
384
748
8514
3897
253
3527
3306
3154
8094
8343
1529
4305
6818
425
1753
9396
2861
5576
4835
2306
7349
5656
9446
4167
4187
1405
2955
7909
8246
8473
5717
7457
454
5837
6609
1436
6594
4332
6665
3889
9180
649
2356
1515
941
3847
3803
8798
6001
1193
3631
3930
6460
7133
187
4728
1301
4346
9710
8847
572
5396
4908
9620
2626
4071
3851
980
3815
316
2801
8529
8910
946
3125
6699
3299
7931
3226
339
7602
4157
1908
7052
4842
1786
997
3320
5649
1880
135
2248
4621
7817
3316
3784
5741
2736
8888
6869
9995
2822
4982
5684
8391
5102
5020
5513
4008
3487
1429
3369
1119
9370
1245
6415
3488
7855
4778
839
3074
530
5330
1934
181
553
3907
1092
7629
9341
958
563
9043
6356
344
4779
9174
6223
8661
9740
6766
5483
9312
2162
451
6765
1128
5250
6572
6901
295
7885
7957
8049
3795
9465
7492
3047
5503
7837
1194
3927
7884
4667
2529
865
4326
4763
9026
6465
7241
7264
9194
5038
4072
7590
1217
3168
1483
3415
9425
8657
4520
728
9045
3073
2605
994
2560
878
7287
6126
720
823
8545
2839
7599
4644
9632
9585
2439
6365
6223
106
9660
3030
8691
2919
3976
6204
8247
4323
1564
2088
8412
2536
9407
7156
5621
9456
8260
3332
2202
8148
9178
1114
6544
8370
6492
1233
9991
6573
3535
1897
975
3060
2433
4413
1067
6014
4382
9685
7017
6356
2630
2963
4561
8631
2411
6008
3431
443
9022
176
1325
9107
4162
8075
928
8545
6486
320
6427
2742
6213
1674
787
9666
1112
5351
103
4993
6088
9607
5074
8574
6314
5846
5517
6214
6552
7913
5959
483
7801
9548
7550
3359
572
1868
8897
4358
3485
2522
9528
4061
3258
4274
142
956
2176
4895
7518
7059
5905
8437
4354
9415
5102
2750
2792
8316
2557
4713
1992
8572
4360
5943
4941
6665
4124
7428
9094
9244
6454
5744
1508
3566
78
1012
5316
2039
5703
4561
4038
1657
394
8900
4577
9363
5193
8134
8257
7821
9075
580
1801
8772
529
955
9701
7314
9333
3477
6832
4748
5800
8274
604
161
6929
788
9336
4090
7434
752
2612
7996
675
334
8178
5460
1365
5577
1471
5989
9170
1272
168
5873
3943
2736
3036
9122
1310
8001
2706
2226
7729
9290
5857
2119
8295
4416
2434
4405
8798
4167
387
8323
7968
3804
8097
194
2777
4241
5948
3755
2005
842
5577
4527
8106
4731
6218
4193
7751
213
2779
9432
8046
386
267
1384
4477
6058
7164
6949
3143
7066
7191
5003
885
1845
7905
138
4639
2841
6345
7069
2053
8950
220
6886
3713
1329
4013
3564
8197
8240
6653
8584
1387
954
277
7581
3537
6712
5717
6718
7076
8998
612
4939
3651
573
3642
6261
6826
6080
9554
4909
3868
5709
7378
9095
165
3381
7671
3148
2045
3600
8751
4902
412
8606
3615
9930
1568
323
6600
7927
7124
9627
9992
3054
8338
5281
3234
3139
7687
7752
6738
2117
8686
1743
4716
5678
3575
1181
7416
156
9040
2568
4673
3476
246
5709
4526
5044
6957
3711
4693
6502
9479
1626
7785
4240
5716
4324
757
4883
146
4532
5461
4292
6862
6634
6216
8669
3890
7937
6354
386
2907
6444
8886
4555
4954
6516
2807
2629
755
8189
6182
3975
3059
235
2637
7059
3958
475
9961
9251
424
2532
9
4508
7107
380
6614
3612
9493
5857
1154
9019
7356
4306
3594
3035
2740
3229
9286
9200
1516
8128
4128
1956
8349
1485
1233
6626
3996
9156
4710
3415
7976
7103
9962
374
6434
4378
7447
4573
9902
9194
3135
4898
7035
7162
6618
8753
6640
9602
4319
729
1188
761
7734
2296
8404
8052
6158
5622
9147
9987
9616
336
1146
7738
1043
253
4344
3220
6600
8361
5781
4713
9297
2321
4992
9230
4920
1186
4866
2480
9985
4393
4836
3981
2226
7214
9368
7666
1970
8381
8219
1825
5426
9914
9578
2798
3751
9296
6119
6365
4408
3420
3002
5957
4947
6475
1463
5412
7303
9174
3132
4971
756
6667
2
5222
5500
7165
5512
3828
885
6677
1249
8218
141
3956
9286
9382
2743
2193
5478
5623
5067
8501
8071
6564
1391
8878
9033
5750
5751
3955
362
2796
5249
3247
1068
8758
9912
4356
7298
6586
3784
2291
5480
7731
2171
4783
5816
991
7188
2081
2669
5110
3695
7508
9904
2255
8596
3437
3830
6621
8131
9762
8077
6929
6315
8452
2969
6893
2887
528
9469
8386
4894
8892
1839
2775
3020
340
4393
6608
3062
8042
8561
3670
1285
5252
9101
7741
3343
8813
162
6475
525
677
8454
4021
4213
8550
1415
3719
1813
8922
8103
6660
2611
4282
215
4803
5668
7128
9234
8255
9044
7222
3558
89
1201
4407
5643
1062
9351
5227
3550
4073
365
2994
7861
4216
437
7818
8561
4469
8924
673
4794
4140
9938
1900
1058
7003
5036
4297
2073
6214
9579
1906
7431
3303
7119
8364
2820
9806
2907
353
4367
6585
5371
4030
6295
9617
6421
5998
4365
7850
8566
4764
9331
8370
2427
9417
151
9300
3348
8640
6025
5053
3154
7336
4493
8458
5562
4558
7097
2072
4997
8755
1562
8571
6306
8208
8769
5907
5604
1441
581
9037
9931
4223
7647
4815
2575
9061
875
7701
8213
3520
6458
4266
4327
9314
3431
8034
9536
7837
4054
1862
8901
2293
2852
9811
3201
760
2064
4218
647
4243
3696
1906
8058
6987
5122
8931
9689
9678
5883
6501
3682
9395
3859
1477
2296
7296
4243
6991
4777
735
6371
7767
7387
8719
136
7638
1370
7835
1613
1814
6996
6657
7053
3970
9823
4551
6208
7339
4192
4500
8344
9858
1954
7552
8179
9505
8433
1375
7514
5905
6516
5072
9440
9912
7871
5928
4519
9339
6851
7483
7561
1853
8064
4068
9504
7025
2341
9888
1653
7745
1088
6904
2799
277
2390
6513
5812
9835
539
630
9204
9994
320
5708
5298
1924
7216
7141
6098
3894
32
6868
488
6708
6939
6490
1793
7886
8047
1153
7163
8544
9722
9769
4817
9612
2272
9163
7522
1358
116
4684
8799
6220
8278
7566
1533
2356
8769
7580
9809
5200
3790
7758
7713
4219
6416
6091
3338
5899
4720
7926
1787
9385
3467
659
272
551
890
5686
9652
8052
9619
4739
3778
5348
8069
4267
8430
9372
4957
9436
9116
467
1344
1963
4754
1963
2056
598
3195
6181
5825
1622
6638
2189
2896
9413
2753
7618
7294
982
1465
3083
7927
1756
5580
9051
3979
2364
6149
2148
7661
3965
941
5283
8809
1320
8040
1503
5905
8308
8494
292
2490
3471
2227
7996
8101
1589
2451
8655
1514
811
2078
3975
7970
6033
2539
9588
6382
5703
7984
9691
4448
1047
8520
1860
680
1354
3379
1576
1372
1249
1712
8985
2487
1173
592
4456
9528
7583
949
2390
9912
7493
634
6849
1886
6966
7313
2776
8780
8452
5120
202
324
8803
5844
1443
4951
366
7316
6746
8209
875
7283
264
9098
3093
1488
6797
5440
8083
59
8798
4753
5594
9778
6954
412
1670
9973
3714
4041
603
2795
2920
6128
1510
8661
3684
5329
9149
9505
9161
267
4203
4181
9037
210
369
7750
8793
5477
516
7335
696
8392
6322
5449
4730
9024
8889
1030
3280
393
3601
2704
7605
8079
4363
4135
7588
4431
7804
1467
6291
8577
897
8531
549
1412
741
6743
43
3920
1179
8236
3525
3267
2099
4527
9806
6060
3931
4660
6439
8118
6225
8768
6665
1498
6575
957
5847
6233
161
4362
7673
9048
1044
2119
7494
7791
4899
3317
8282
2145
987
9359
9213
5365
9179
4337
5980
9835
4329
1527
500
3144
5028
8173
2352
2129
1865
9050
4837
9784
896
3809
3758
6817
563
4477
2223
9979
7033
2015
1161
614
6377
4293
7130
6865
9554
1300
2319
2237
4976
6012
1904
8633
3862
4529
4020
2870
9766
5365
5925
5848
8479
8498
1249
7177
5601
2395
4802
4701
2113
6000
2801
2313
366
9885
6766
734
1042
5487
2574
564
6731
2599
4807
4884
1904
5124
2955
6033
456
9352
213
1668
6090
5313
2134
7879
3044
9952
1264
7159
6498
7618
123
8976
3210
9591
8267
3976
7762
3286
1828
4278
2790
5360
9117
5879
3691
6365
5273
476
9440
8768
4244
2760
5787
1133
6223
5052
7750
8887
7689
1089
4223
5415
4066
9113
2476
5831
1673
2313
6856
8979
8270
7170
7524
5934
8877
729
6195
6255
4188
6679
4679
787
7718
7730
3373
7362
3189
2076
3368
3215
6225
8875
5596
739
55
7375
1294
4
3403
7859
4691
2959
3619
461
497
7074
5236
9852
2256
5493
8856
1495
4699
1010
6409
3435
7696
6336
5739
5113
2642
9596
8945
3641
2753
9395
1574
6784
5878
1501
9434
6191
2851
6328
1987
1719
7167
7257
7232
6299
2126
3336
9820
7874
4358
4729
4175
4585
4329
6620
9678
4958
4264
8290
5217
5095
4014
9978
7707
1101
5499
8451
3973
754
6058
2665
8644
8371
9023
4689
6267
438
9103
9440
2987
9305
9775
1070
9283
8024
5219
6989
2455
9258
1823
4476
1927
4560
1110
6891
7704
7189
9550
6130
799
3674
9363
9066
1815
1693
6085
5804
5561
9639
352
9239
5854
4823
5303
5911
5319
2944
694
9683
5882
8510
5996
4714
8931
1582
737
4083
7260
2132
6985
9078
888
2972
8641
9312
9942
709
9255
7590
1939
9415
1427
2815
8906
2583
8621
7104
9257
5198
1571
4760
6495
9867
248
2289
7677
4648
135
233
955
2001
8544
3429
2654
1274
8351
2882
6182
5990
5969
4610
3689
3104
7743
6466
7082
3180
5807
6348
2960
3633
4826
2061
560
2224
2583
1021
2723
6351
1634
5293
573
9021
6634
9937
870
7998
161
7632
4231
5739
921
3266
9229
6961
1071
3390
2123
3782
5206
4497
8840
3787
7273
7322
7175
6482
2869
429
8690
7330
159
9830
4355
675
4036
4667
6469
7806
5596
9084
3019
8175
2116
7220
2711
1559
2832
3598
1153
9192
8897
8941
1144
7137
6453
6786
1748
9311
2762
4388
5128
9731
8941
6901
5580
1091
8910
8553
2924
6403
6921
4317
8186
6122
1477
665
1670
52
4611
5615
3650
9270
9275
9498
8432
1217
8686
7218
4222
7250
2918
7158
5043
1207
3955
3288
9233
5215
1640
1620
2649
4278
674
4749
2271
4580
755
5022
5660
5787
5115
1696
4700
7147
737
5858
455
9442
8468
4362
2404
1692
4331
5674
3484
9763
9273
6978
2166
8189
1431
6455
8411
2991
2966
9371
8596
4526
7227
3852
462
3664
1557
8434
2134
1222
2457
7896
469
8097
2832
9790
6747
7278
9215
956
9947
4999
1264
2507
5307
3777
2855
7470
4355
8660
3284
1708
4180
1366
7262
5929
2215
4616
3900
8740
134
5896
3540
2262
7305
1376
6508
4069
5357
1641
9708
1133
3776
2009
9423
3596
3261
4719
8545
6685
808
4087
4078
3474
7937
749
3715
9103
835
6902
7575
2130
3377
474
822
4051
1459
9002
5202
3930
7268
8786
2113
2714
8951
2151
7932
2171
1942
3665
2668
7495
6070
7214
7932
6047
1817
66
4325
6555
7661
7404
3233
8454
4065
7577
7755
3302
1186
5372
2136
4258
9517
4614
9416
2021
1973
1364
4522
5786
2817
1544
7160
7170
4233
80
6060
6163
2541
4775
2234
1393
4677
8646
6269
9864
5553
3659
8648
1374
4395
4630
984
6570
1528
8409
7977
1455
7798
5910
4073
453
5543
8538
3738
6116
243
6063
4220
3985
1517
1592
760
6411
3137
743
9581
870
8345
9552
6468
8314
2715
3147
1390
8187
559
590
5641
5824
2102
4604
8365
6631
701
1781
5849
6138
4908
152
9620
9489
9438
4663
9857
2803
3869
4573
3432
784
8828
7107
3110
8245
9442
5759
7737
2396
7148
5551
5557
9653
421
8396
1882
6913
3227
4128
5709
1356
4893
3443
5961
8193
9931
6978
8875
8051
3290
8586
4317
5985
7157
4856
6995
4994
1494
119
7188
4942
4043
3453
8989
9357
4594
9967
9068
1042
2781
2943
9576
9740
8863
2075
5891
5385
1146
4916
8313
2463
6883
9686
9105
8561
1233
9571
2495
5565
1400
6887
5419
3107
6939
767
7313
1440
4453
6604
3598
9964
7910
7833
5270
346
9010
4576
7121
5082
8965
1610
3848
6577
1805
4725
8058
4357
4347
428
8123
5022
7471
3502
9641
5893
7524
6468
2800
8096
4762
4450
931
4541
1317
8348
4552
9050
4415
8758
9551
6657
2449
7413
6599
9789
3039
8841
1302
2214
2708
2955
7092
4025
8480
8575
2493
4407
8191
9377
2822
2542
1775
9025
319
4514
678
9306
5259
3456
172
9007
9941
5588
876
1466
2573
57
6903
9851
2854
8682
5165
586
5387
1806
7357
6906
6061
2742
5855
144
858
5038
5936
7009
4881
3424
7094
2084
9110
3732
3582
7846
2041
3701
3014
1503
3148
7014
6002
2435
7504
8339
6522
4139
7376
1188
3637
8513
7156
3772
3245
2517
7600
27
8149
4903
9652
3867
6584
9148
2963
4818
740
9121
5100
7319
8544
1686
8792
5854
3758
9047
6739
3420
2640
2518
8515
1797
9632
3693
9786
8580
4927
5338
487
1065
245
2013
5551
8111
1851
9280
429
6854
9471
2685
7599
7401
9038
56
2644
1951
9720
1302
14
4198
5777
4180
7387
5630
6387
7854
4234
2891
9362
4382
9891
5402
8634
4035
7074
6531
6134
680
4002
4477
8617
9885
3948
9955
4919
1114
2759
9576
1049
7835
8860
3624
5324
6289
5287
6064
4626
9921
1723
3997
5045
7538
7491
5088
2794
2196
8766
5002
2981
6112
5816
9039
7300
5536
5580
5892
232
7431
710
5272
5095
4658
1842
1527
5522
6266
77
2345
8748
1010
1904
6213
8956
5
9432
1078
2393
8859
7161
2722
2347
7756
6594
4936
2018
9820
6324
9788
708
9394
5831
7195
9211
6451
8902
386
5696
5964
9565
6527
2119
6421
6254
1971
4208
9603
83
7294
6103
4501
3499
1372
270
7987
2925
7338
8063
6906
9508
5702
9941
289
1637
9353
5178
4709
7002
2505
1103
9045
5382
6428
9294
633
603
5926
1501
4623
727
2414
9737
9029
3684
6206
5895
4459
6924
1223
3525
1563
2323
8790
6456
3863
6585
1829
4784
6900
6792
9499
2601
7577
6191
7058
9119
7070
2078
9636
7383
6998
5836
3440
6178
7093
5965
911
6604
5430
3458
719
7784
5778
8980
9539
6722
6592
9972
5431
4047
8774
1142
4601
7830
1228
9813
2159
2837
6626
7086
8825
2380
7288
3839
6526
5726
8882
2611
9362
7897
5673
5224
9353
3442
6073
1714
6822
8597
6652
335
2527
7097
6647
5588
8609
5856
1235
5610
4950
7280
3805
8073
9978
8344
4632
8338
496
1939
2453
3812
7840
3980
610
7533
8373
3549
1788
1158
1756
9513
2990
3562
6185
6290
4559
1727
5733
1699
5229
670
4490
3272
7660
2081
4091
7600
5246
1009
