7117
8307
156
4051
7345
3506
4571
7996
6098
9519
93
3602
7853
5400
1199
6851
1948
8401
2575
1611
7821
8230
6074
8282
1489
1637
4177
1092
7010
3936
7352
2920
5564
1458
3522
5773
8398
276
8842
5756
7578
2846
1796
3726
8138
6066
609
7406
3444
4721
6540
8819
4010
1336
9041
8886
2232
1874
2561
5707
9329
3479
986
2161
2166
7173
8038
6394
1877
5426
8452
1671
9559
6818
4033
4974
6434
2348
143
5422
1028
6770
7648
2289
7395
8533
8910
4228
2417
4636
3540
6524
7715
3135
6427
4099
1860
9635
1559
965
8028
4214
5529
8017
6268
4869
9260
7191
7303
4066
2452
9884
1730
7139
4678
2559
5830
8696
4765
3633
8262
3810
3977
7241
1886
1928
3956
6424
391
9933
3114
6799
788
9177
7394
6814
1240
9630
6021
2526
9273
1718
6924
8350
2183
3655
4794
575
8457
3867
8268
3163
4869
7926
2703
4217
236
8288
6131
4339
913
2836
6799
7369
951
5653
9095
2552
9744
7863
1319
6199
2675
2239
4360
6543
6885
5626
5058
8230
7134
3380
7966
6524
1664
9951
1929
2862
6474
3176
6577
2952
3499
1681
1612
6437
4919
9555
7398
6529
4559
2241
831
593
2548
2068
487
2629
3566
6159
7332
4610
3230
7900
7205
7532
4869
275
5704
1000
3724
6233
6077
6567
1285
8366
2700
994
626
7923
1624
7330
8227
8528
3670
4892
2549
7372
3975
9596
9463
9299
9296
315
5844
1967
9722
5599
4476
4079
1567
4643
3850
6398
2805
8326
6164
4263
9308
4181
9368
9493
2003
5642
4534
1
6382
4701
4229
2312
4983
7496
6299
6108
1536
4424
6937
5761
723
9317
8644
7101
6517
6546
6355
6980
3479
1829
5722
5344
8728
8286
8064
9793
227
9970
7296
3653
5780
5843
5585
5020
1369
2163
9096
4071
8344
7741
4861
8381
1389
402
3540
9990
5537
2266
2975
5456
9287
7554
6521
4552
8978
8885
3583
6697
9432
6505
5880
1566
7127
3283
9981
4879
3732
3623
5732
4354
7450
2284
8636
5738
6968
7341
3954
8326
4746
8073
4256
7960
6995
1840
4365
8226
9321
1032
6042
2483
8580
2399
4638
1838
1861
3294
1253
8105
420
8660
6258
1914
6534
8621
8006
7003
8917
783
7584
1636
4930
5257
1950
1359
2249
7919
4571
5287
8918
1755
5558
2699
7581
3248
5774
5050
7645
6798
3876
3673
6088
5849
7905
6085
1814
2342
1426
8373
3833
7362
9308
8537
3448
4405
7553
3322
448
3279
9589
3941
8723
5965
9187
8665
3101
3559
4332
3286
2847
2955
9357
2119
6906
3910
5548
9081
7351
5864
9545
9907
6493
6197
1453
1555
2446
7020
9250
3175
5694
2451
4601
4366
7208
9935
4950
122
6662
9240
2984
8254
8009
8139
5526
878
8005
7188
1631
9538
8856
8472
5971
4583
3734
9682
7447
2525
4512
7631
6219
6081
4308
1157
7591
395
8353
4990
4910
6971
8959
5425
2418
8111
2880
1290
1897
8353
670
575
3550
5257
5389
9712
4319
7222
6479
17
632
7526
2488
2425
5610
9030
3021
6902
3946
6852
548
5130
2524
3014
2278
4660
578
3430
6053
7859
1703
2444
7784
9093
1854
3936
4081
961
691
4595
6838
368
3915
8335
4358
7383
4482
6534
9815
3388
5090
5977
7343
5045
7805
5539
8050
535
2979
729
9134
888
1169
8619
8314
8187
9742
3394
570
1673
4948
2059
6211
9350
14
179
1214
4188
8655
4894
177
4044
3615
2664
2769
5725
5100
2738
1288
6314
5886
3545
7981
9962
5461
5949
9199
5296
21
6170
7641
1088
5964
8142
8439
3030
9766
7992
5031
7626
4325
3861
1880
8085
552
5089
7272
8504
5850
2589
3087
7004
2106
4255
5787
1402
4078
6249
3889
4064
980
5918
4167
2484
7253
9088
8079
5473
4225
9738
5958
7108
7706
3662
1989
2024
1665
9895
9409
371
8677
695
9445
7431
3083
636
8982
1709
2354
7036
8952
3517
4103
967
6645
8406
9694
9395
832
1464
7010
1799
4279
6111
6630
5978
9297
8443
2265
3763
9737
4182
6839
3517
5386
285
6472
6735
9401
6616
105
6370
3118
7188
786
2441
3005
6739
7016
3583
2329
2270
9063
7945
3361
6877
6415
3334
801
7104
1339
538
9443
8591
7299
4770
6678
585
5580
6360
1933
2958
9993
4216
1358
639
8680
7090
5324
4189
2973
2557
1427
8681
1433
7466
5118
8893
156
8509
3869
3138
5934
2296
5276
9567
6926
4527
9888
6016
5763
2419
1159
655
1650
9371
2276
4846
6587
2721
8197
9325
8009
6611
4130
8781
9110
762
7158
9832
9651
7784
429
7071
2491
8794
7024
7696
8939
1791
3713
4153
7202
9308
8426
554
1398
772
7031
2061
5189
271
2306
7434
311
4544
5128
9322
8166
6494
456
6164
7368
55
6364
7979
1990
4088
8163
2855
2347
4579
5907
4795
9008
4043
2122
8701
8185
3576
7383
8338
3730
5096
4642
9379
5477
2995
6759
7947
3666
7701
9530
2444
1334
7548
6784
7146
2943
447
8564
7309
2608
4176
9714
610
4364
7510
8425
6267
2421
6427
1136
4589
9111
2117
2434
2272
5412
6985
2501
8994
7328
216
9189
4645
5049
3462
3460
1460
7259
4976
5757
7738
5011
74
5729
9554
5382
4032
5014
7966
4569
491
5526
7238
6564
4940
3333
9217
5114
4512
1733
5958
7945
9569
9980
2392
4987
5068
5560
901
4049
6965
9008
7444
670
3398
9577
9037
6388
2880
6889
1379
1970
4535
4425
6837
4689
1951
8081
108
129
4243
6345
2746
3242
9798
9792
5442
93
3336
4567
313
8471
4113
3916
7604
1482
8081
6567
3166
5363
4296
2828
2234
7622
353
3987
3410
5144
3143
7703
3035
6986
5452
772
9805
619
6262
4201
871
3605
4135
8943
3051
8313
6576
2908
7857
618
6820
5354
6607
5383
4915
4745
5832
1415
4111
5123
2889
5810
6382
298
6949
5633
1531
3326
3019
3340
4110
6985
5220
3880
5695
9560
1227
5352
9776
3921
1046
7445
6130
2791
8323
7788
1095
7652
2071
707
4939
8390
6507
1138
1312
5060
7222
3837
1993
7418
6781
3249
9888
4517
6508
9835
134
2727
9687
5354
3517
479
1638
190
4077
5443
9680
3591
1974
9161
4538
3878
1255
2311
8400
5719
477
4081
2567
634
2337
7390
3358
2358
7139
7797
7556
1613
6282
8488
7653
8367
7964
6716
7190
4460
6752
6316
7061
5868
5380
3631
1862
2832
2879
2903
1993
7577
6116
788
9357
6053
159
9053
3017
6127
7120
9279
3051
6279
7886
8067
7308
3486
1508
6171
5914
4538
5121
3940
8967
4160
7019
6699
5254
8706
5527
526
9479
4235
5803
9979
5496
5494
9130
1599
8207
8911
3699
1062
7339
7472
3265
781
7982
7312
6322
8376
1323
6708
6988
7454
2455
2176
1820
5196
9034
3460
3798
4310
599
6594
9800
8815
475
7907
2571
1814
4355
9908
7963
7002
839
4058
6601
1495
895
6237
8717
7942
2383
7150
9202
2770
7247
8349
7523
3319
3673
3933
2565
4746
5112
9388
462
744
7671
4449
306
74
4740
4508
4020
1415
8744
9986
6614
8396
5575
325
4301
2796
4743
5856
1927
3449
7391
7029
1568
2126
383
9251
8140
422
7342
3217
1890
1451
3595
5856
3824
6445
5931
8642
3201
7875
3130
7787
4026
7261
1734
9126
7744
3348
9632
9769
2
9256
7461
7013
3353
641
2881
8179
9691
5489
6367
3598
4072
5527
8095
5163
4801
9719
6501
7855
6864
6101
2655
4051
318
9604
3003
4307
392
1256
1507
4792
790
7573
3214
2633
3990
6581
2502
3182
3564
7751
8950
7711
1507
9531
3714
8499
9165
6570
4325
8024
6847
1776
2904
3901
6601
3409
6694
3749
7638
8574
7787
8435
3981
1574
2807
6498
2313
5462
1173
8219
7216
3318
4290
9112
7151
4943
2544
786
5889
4504
5142
3821
6930
3482
7945
9013
4669
9312
6032
580
9886
8753
5544
4990
9964
515
3730
9932
6724
7216
6185
3702
5397
6106
807
3528
7485
3791
6750
1658
865
5908
7860
3133
3431
3965
1504
498
3629
3794
1829
3000
9430
592
8332
8463
7774
9300
9148
6635
1212
2611
4062
8672
8318
1439
8424
824
2674
4417
1527
877
2562
4374
9715
3978
892
2410
1558
5999
9010
3232
6303
2929
5386
3185
4272
4804
7774
2344
5753
8185
4643
114
445
8253
1845
9187
4815
1992
5541
680
7823
9212
2267
951
437
5055
876
4353
7571
5364
7742
3149
7624
7980
6307
1133
3286
5133
7166
3619
3050
330
8663
3342
6234
2448
3928
1462
2133
1705
7594
9566
457
8330
5408
7091
662
4435
2747
9216
3928
3420
4772
389
442
1493
2489
2464
1946
711
5901
9682
4825
1921
7629
7492
548
8924
4716
7989
1127
9414
2219
5866
7769
8176
2691
9293
2572
9216
470
8851
2385
7950
9690
9629
5557
8274
2899
4740
9958
1463
9516
1421
5804
7912
4740
8535
701
7915
6542
1737
9718
4758
8089
4514
1200
8906
2619
2266
8802
3195
9892
2729
240
7049
7296
6874
2231
8000
1934
2274
6025
9976
8030
9663
9898
797
62
9857
3435
4155
8592
4656
2674
8733
9133
7627
9861
5176
8428
6651
5655
632
5938
6762
1571
6786
1181
8754
615
7865
6304
2701
5980
4267
5712
9742
6727
8426
4615
403
8844
2762
8830
4646
4602
5236
55
1507
7916
9669
7013
7054
9571
5283
6619
5392
4037
1268
8092
3111
9616
1307
9241
5570
7851
5891
8675
8406
3021
9391
900
1435
560
8025
7806
2892
1801
1291
2160
6334
6731
9673
837
946
851
9250
3129
697
7647
319
5704
5459
333
1504
786
7536
3520
3260
6795
8710
6561
1648
8486
8525
8769
5578
6493
1545
7477
3726
3590
2746
9107
1757
6379
9943
470
8294
4718
8600
2762
7978
758
2701
3686
5440
1101
9056
7239
269
9372
8541
4495
3449
9773
5083
1187
2311
2177
5273
2757
1584
3219
3921
6728
2957
6351
8576
5124
843
7066
5226
8542
8195
5948
8583
889
5784
4838
3328
4477
7436
4306
7207
4354
5049
8250
5658
1984
1296
8756
8158
6117
9444
5843
1177
4758
6837
5973
728
9089
2525
3931
6396
3203
4145
9998
6300
7500
1190
4194
5402
7473
8848
795
5320
7277
6011
9566
1678
4707
692
6591
3828
2086
8908
9108
9097
2351
4770
3824
4051
9810
4109
4238
1952
3504
7909
4004
208
5051
1949
8158
794
7102
3353
685
7269
8649
523
3899
8746
7271
4294
6021
8397
5933
103
4309
4295
5037
900
3949
2729
7365
142
5591
3363
4609
8843
1815
9368
2007
9357
6627
2757
2533
5796
6726
8733
8222
1839
448
1828
871
5077
6780
5516
8088
5841
6018
3401
3600
9709
5171
4150
8000
5429
3429
6959
7761
7321
2659
9805
8708
4531
6739
7913
7667
3263
5863
136
3377
5576
6072
3198
452
2120
1858
2287
3362
75
5275
8767
2825
8413
5767
2297
4186
2476
4756
7104
2367
9766
971
901
9179
642
3120
6339
8337
8867
7848
4824
9978
5881
24
8023
3637
1972
3698
5879
3570
1141
3597
7686
2046
3891
6980
294
8764
4442
3726
5191
8507
8758
7768
3610
4605
5171
4018
9809
9000
5519
3950
4495
2227
450
8789
6943
8389
7743
8660
2214
8777
8876
3534
1226
6169
3284
8854
5288
3662
2825
7574
3895
5140
2656
6317
1220
8112
6413
3418
8466
7954
3889
6879
8051
7190
9101
5458
1595
5102
37
1904
1020
5781
1512
6414
9630
5224
6542
7440
1320
6316
8730
6147
6174
7944
54
9354
9570
4133
7568
8830
1976
4325
194
4259
4888
1997
5482
4035
7067
7825
7258
185
3624
921
6554
8113
3627
6242
6686
5996
1570
8972
2098
2149
9223
7742
704
107
7136
9747
5888
7461
7533
1206
9928
6695
5587
7252
1526
7632
9741
2506
373
3494
9057
8544
2522
5253
1390
1941
5727
3327
7446
1572
7260
3003
2226
8045
5036
7145
1293
5375
6899
7320
1937
9796
2651
2418
993
9858
2526
6375
4716
9054
6254
9064
8599
8603
3091
678
5219
5451
8717
5195
4020
2560
15
5961
3946
6924
4468
7542
2216
4380
6339
4366
5606
3052
1557
9260
5892
104
4260
1531
9414
9352
8611
8392
5317
8195
4403
3623
4953
4357
1925
5842
6658
1704
3300
9376
9781
6690
8471
4068
5390
4984
4158
336
2715
1888
3458
5547
7046
3830
4786
5115
1190
7185
5780
4667
3949
1622
643
5750
2521
845
2588
7859
2454
497
7708
3901
9751
2180
9479
9202
1632
192
6140
4430
5193
8274
5677
3429
4737
8856
6577
1122
9571
6810
4651
9472
5924
8632
5427
8159
6046
2720
1547
4545
2395
6299
7882
2217
4180
9556
5795
4866
4351
5583
3483
998
1045
1349
9474
5674
5945
7214
1013
3664
4267
1466
8288
5644
5845
8235
7976
1119
6752
1320
3155
8911
8644
1595
2035
8894
392
3459
9248
5180
3061
1711
6770
3987
3326
3652
8427
4574
9158
9753
2213
8832
1707
7882
277
928
8011
2237
6371
5944
1580
4676
8113
3031
2428
4572
2353
9449
9314
580
5281
2485
7965
5832
603
2556
4695
4301
2317
2193
9808
3401
1961
6998
9106
4322
7203
762
1318
1106
883
8154
7087
3303
3600
8384
3597
3739
1558
8754
1298
8977
5260
8577
4472
9728
866
5875
7278
7720
6233
3710
9920
4178
6135
8178
2715
1115
3925
8106
7368
1591
8131
8207
9697
7126
5398
4661
2231
2218
8959
955
2742
3562
895
831
8140
3383
2526
9378
3456
1328
3483
3597
4873
7173
8234
2909
7168
5422
5669
2482
9814
3452
1386
9706
846
7053
8880
7346
4329
6204
3643
5060
8761
5277
967
6358
3282
5304
37
9332
8588
4546
4649
6040
8107
4533
3333
2523
8892
2488
7493
6809
6549
6477
1141
9290
2176
1188
9984
1087
4502
5179
5048
7251
7684
8423
4836
9596
6205
1876
9626
1863
5384
6337
3893
5267
8802
5346
1598
6313
3720
6356
8454
1841
8710
6834
8510
2283
4135
1676
4181
2094
5320
8950
4829
3409
9498
7398
8355
9684
9697
3737
6318
7016
2862
5630
1424
211
2584
5874
488
6830
9589
3671
7366
8145
6725
3207
8540
850
9912
2552
5460
4528
7694
7532
6542
6434
1507
484
5769
1403
6990
1914
6615
9983
38
1438
8978
3080
5409
8299
9699
8261
1188
7351
2504
1648
1583
6684
6683
6290
8857
7504
9772
7144
8276
1789
9321
5330
9087
4990
8704
2099
104
9084
9839
7675
7055
7383
8106
5287
4228
5460
5441
1613
2852
7198
3340
342
5027
4893
4851
4822
3800
9478
2546
9485
2142
9471
1706
8249
2116
3648
3992
419
9594
7599
8156
2104
7512
4829
4593
4199
8578
1395
2062
3397
2063
8158
4291
1077
8448
8979
302
4193
138
3881
8299
626
6537
353
5533
7583
5677
9856
3171
580
1467
5021
2018
5253
9041
1235
2829
198
300
651
6244
2405
7416
9149
7421
3983
5179
628
9800
3136
3345
9798
280
5713
9300
7530
5566
7158
9295
7009
8521
8721
8223
1481
1929
7041
6140
9038
2035
7212
6149
104
3893
9487
7636
5893
3210
7388
2931
1549
2404
5049
56
35
7234
1668
4741
6304
5952
1511
5669
5671
902
3290
2129
7523
4181
5934
7220
380
7843
6141
8592
2587
6986
3241
5905
793
8077
3407
4319
8178
4226
7746
4605
3472
8664
8188
4247
260
2300
9835
3085
524
1543
478
9201
602
7357
112
1711
7275
168
2551
3706
6262
6456
7468
3048
3992
5763
3948
8227
2545
7192
7490
1445
3156
8685
8657
8859
5992
1687
6959
8079
8007
3055
8068
1043
6508
4040
5303
3435
7964
1695
7043
8010
1674
4040
8342
7015
1196
5140
254
4496
8352
1608
540
3332
4053
9032
6045
1917
8699
1253
5719
5588
3208
4472
5698
3207
8388
6424
6539
9951
460
512
262
850
148
9480
9770
9116
342
1641
7662
852
1432
2463
9727
6399
2515
4736
6990
7475
7995
3385
4736
6711
5975
1455
4801
7202
8341
5135
8627
4771
8600
303
4036
7839
1345
9690
3183
4572
9261
6929
1574
7058
3590
4866
4156
745
4744
9299
691
3652
9433
9063
1956
7074
5776
3550
4874
8693
4679
2568
774
5206
3014
2891
2251
1129
8426
1887
5053
2824
1552
2418
8213
1066
1811
7677
3121
1108
7298
4056
2457
9042
4443
4974
5337
9536
8346
6961
2063
7795
4816
4490
9893
6693
6154
6367
4043
699
2615
3027
2318
2856
4245
7867
2100
7015
850
890
5262
8098
429
3765
1394
622
110
1732
763
8040
7553
2714
2782
1464
9823
7258
8008
7061
2525
1520
4911
5444
3633
2422
8493
4271
1738
9600
4796
6576
2873
8322
8686
7456
1699
3965
7365
1050
3096
9270
6582
4422
5604
6003
3145
9900
244
853
3032
6987
9858
5039
4490
9329
5978
9818
4464
8007
5271
7122
8884
510
6935
4186
5166
9230
4028
5326
9765
5858
9892
6958
3964
3254
4937
489
9839
7630
9276
8592
4027
884
6567
7809
6718
7834
3832
9356
1477
1880
9500
9358
5778
5973
386
6072
7486
1417
837
3915
5872
4917
1087
7174
7094
2900
1075
1235
4392
5488
9978
6834
8730
6678
3095
7999
3942
9125
7468
7332
5398
4671
3849
7885
6358
533
1179
7990
2868
8865
3002
8422
6793
5361
2720
9109
9796
9393
714
3818
6759
2596
4964
5988
1901
2665
627
9100
2878
2386
2130
8360
3949
3504
8516
1201
1068
3202
815
6561
1721
3084
8367
5526
2486
1556
41
3369
3958
3986
8202
4548
8411
3649
573
2801
9706
7860
5983
3692
9905
2079
5112
481
6734
4642
4472
3288
6844
1518
8040
6594
8577
4153
2097
3674
4229
9438
3502
344
2624
7258
5141
8891
4183
7581
9949
299
2931
5715
1495
3207
7218
7123
6655
9641
7971
7885
8791
7844
7084
6752
6525
2439
5945
1608
5970
4257
1552
6898
8571
268
4357
5638
1067
2647
6937
6220
6297
9153
4692
4172
357
1128
23
4832
9376
1454
7498
2455
5702
6343
646
5658
3260
5871
733
2701
2946
2575
1610
5692
8747
6032
7143
1226
8850
1579
6055
4007
2704
1750
1588
9638
3151
2911
6395
5396
2415
1112
2232
4516
6758
9097
1195
2228
9622
8699
2378
5196
1913
4235
3274
3722
7542
8999
5425
4324
3985
8796
5982
7796
5399
3490
9750
3952
4755
1007
2506
349
9476
5337
286
1834
343
7094
8933
9650
4837
4915
1604
150
9201
858
2094
8468
8476
7866
2095
4152
7486
2071
1410
3619
5129
4435
9116
3268
9346
7243
7472
8614
6192
2028
5720
6576
3949
1440
3378
448
65
5775
9487
9069
7191
5832
8595
4540
1396
1281
5475
6889
8911
8354
2863
7404
3926
6667
6704
5908
7977
5665
303
7593
7442
2990
3958
7172
5138
5517
4519
7036
4487
1647
4086
1710
2583
2340
6427
9297
5840
4575
1871
8064
1768
583
9702
7837
9165
8315
2649
7282
4735
7470
2470
4400
5471
1893
1626
4201
1873
1422
9401
5878
6762
8439
2401
7264
4268
1152
4820
1585
239
7407
67
3402
3794
2239
5825
6859
3287
6120
8007
6823
2868
7237
2300
7017
9177
9686
6239
689
714
2225
7423
4418
5174
5992
1302
3329
8181
2438
3569
8012
3494
1063
7042
7328
7402
9068
605
3232
6068
4767
914
5753
3414
2578
3010
9525
6138
5384
8087
4582
4912
4130
871
8014
9983
5649
8227
7801
936
2496
8677
849
2551
9994
3328
1804
194
4972
9614
108
9080
3007
4621
5946
1311
1670
1003
2595
2982
1777
7190
2796
4350
8986
3100
9363
192
9027
7344
1753
840
2804
2295
3572
6089
64
3202
3419
9250
1206
9330
1165
5770
7978
5502
1905
9509
4925
6703
8313
4645
5632
4819
9159
5305
5880
6498
3564
6894
3964
1612
1166
7628
7860
9268
6275
711
1048
9856
1246
8467
7584
3345
1775
2446
6025
7026
6372
3484
1194
9854
5266
2324
9030
7107
5207
7985
3136
8267
208
3566
9637
6524
5285
9593
8164
3537
7909
8709
9226
1193
8460
5068
5457
9845
7061
2287
3043
6713
9280
8854
125
79
5700
4110
6345
8842
8598
753
4060
8290
7575
2781
9648
7679
8829
1059
8059
2181
4282
2488
9117
7662
4258
1
1393
198
6866
9184
46
2920
4941
6422
8986
1354
3440
9558
824
1175
3248
9321
4939
7156
4649
935
3617
5679
5420
7777
1016
6002
4227
861
2430
6792
9737
2463
5821
5699
2716
6147
1975
9413
707
1140
3349
1152
3794
8293
4238
9271
234
6884
8933
4960
7548
1960
3013
3322
6383
5714
4777
9089
8168
4044
8692
4080
3991
2194
1617
977
3737
5125
8458
7100
7346
5525
6449
3508
7586
2464
1884
7126
3539
1744
5767
7343
1927
7470
9243
7776
9449
2498
9315
7002
1369
2886
1245
6662
2447
9268
7161
1599
6676
3261
5533
5109
8425
1832
7613
2023
5511
9504
5736
3918
3830
7650
5550
6423
8276
1349
2152
6521
2951
3840
1528
1239
5809
1456
5730
4460
4280
9786
1061
8317
5303
284
450
277
6210
658
8918
95
9856
7219
2264
9944
6761
5397
3172
3719
7336
4821
8386
1098
7116
639
8647
2835
1732
4294
9299
6968
6101
3153
7742
5725
8443
7418
8614
3545
7200
5272
212
7618
2430
2057
6664
5732
1576
1584
4477
412
8284
2011
7123
9459
1399
9962
1200
4663
1637
7615
8545
1916
1359
1949
3993
6703
9476
6539
1500
9343
6782
9626
6518
2064
4608
768
8667
5059
3975
2915
1259
148
9816
8886
8683
4089
6029
8283
4325
8480
6217
3950
1908
9585
6726
8296
6258
480
8063
9960
6255
5037
83
5134
3630
8657
5493
5059
4850
631
1295
6141
688
8721
6356
8396
2099
2473
3265
9903
673
1192
2213
3020
3125
2831
7718
6933
5337
6312
4509
8186
6995
4014
6659
6221
65
4682
5255
25
8596
969
3433
3693
7185
76
3262
3186
3229
8329
6196
3785
7214
8160
9287
5062
2823
7063
2009
798
939
8559
9722
8537
6122
3108
9145
6673
2061
134
8331
7416
7217
3240
1306
9703
7759
8519
5834
3048
9569
4531
3704
7007
115
723
971
8835
4727
1597
3397
3001
2673
4456
9086
37
1247
4895
7571
4077
931
6588
1125
3094
9997
8780
6568
3974
6853
9583
7303
4304
1228
8960
1229
6407
4855
2714
8422
5398
2136
309
1946
464
6736
5329
4743
2760
4153
1269
8456
2863
948
1757
2117
2980
3406
609
7009
1335
4155
6996
1982
5144
4293
9093
1773
3713
3227
2678
5182
8533
6473
2172
1940
621
4642
660
6358
4668
4036
3807
9821
5584
1126
4439
3355
9471
6842
8249
3000
4245
5704
7087
1242
5139
8327
6802
6170
7642
3556
1030
9533
1475
6086
9923
6390
8775
9816
1495
8338
2746
4251
2341
7298
348
7175
6397
4017
9854
5738
2301
6870
4977
9677
936
2828
9385
930
6800
2294
7840
4490
8715
1111
3006
4273
8345
9497
1203
8049
4580
9654
5347
9911
254
9994
3363
9788
894
7963
1929
2784
6316
1904
1255
4159
4555
1797
5150
7095
7004
7845
3015
9201
497
8255
5535
1230
4292
6074
8829
6900
2813
1805
1158
2647
1523
5066
9422
942
9465
9597
36
8837
364
5055
8173
6811
9855
8846
9718
6548
4347
4108
1044
6734
6638
6145
9413
1999
4458
2132
5496
4819
9133
5029
9970
4511
746
8608
2636
9489
2374
4207
7630
7407
7809
4178
8836
5442
82
8724
1374
5445
6356
2281
2553
8705
760
4423
6008
5377
5653
7423
6483
7332
4101
5216
9703
5335
5084
3662
6064
1247
6210
228
4173
139
6478
3636
8925
2460
7309
3970
1917
5734
757
50
8463
6852
2475
1265
3750
6323
2599
7258
3836
4950
7723
297
3306
2592
4475
3500
357
6419
2659
127
9235
6127
8107
2413
2227
7124
5497
3548
8068
1682
5506
749
6574
4050
6753
2850
2859
3819
9912
9741
8647
8951
6391
9223
2416
6180
330
6332
7984
3808
3613
5497
3075
630
815
2335
8744
62
9037
6626
825
9051
9190
2154
9444
6974
3722
9256
5839
1624
640
6537
6506
2917
1479
283
9735
8884
9997
6046
6793
9164
5563
4259
8068
9
7673
5944
3234
4417
4105
2797
4781
3286
8916
9595
9760
4237
9778
5441
2458
1074
493
6360
3167
7075
8990
157
9150
531
2599
9860
65
2991
9832
1660
3488
4930
4085
9435
9300
7778
6021
1421
7518
7843
1755
3220
4001
1883
523
5498
9105
4555
3587
5718
8671
9203
1092
992
1018
7516
6793
2702
1818
4245
2732
1790
3453
7255
6107
4830
151
343
6140
4679
5052
9072
8841
5323
5320
5770
6156
7267
8
7101
754
5509
9403
4113
2989
4285
3838
3093
8416
1784
984
3318
9603
3273
5111
9965
9766
6745
5775
5692
5346
8761
8415
8908
666
9599
361
5768
5672
5247
1359
9526
2694
4717
3490
7222
2386
9339
4266
1822
992
7058
1927
4356
3695
1734
9468
5568
212
5354
6003
9411
1491
4315
1754
1993
7094
495
3447
3390
3923
8069
7420
3168
424
1458
624
4885
9782
7888
7578
427
2478
3953
4700
8288
6834
4058
5212
8931
130
4792
5555
317
9244
1948
8034
8378
2963
1497
128
1890
5892
876
7898
2922
9637
8758
3931
2236
1109
4583
5785
2324
7775
5576
6932
7538
9615
3465
5158
3035
5282
4515
3259
9130
2513
7103
3924
8476
3423
2246
1922
8285
7759
5688
4535
1601
6054
1778
8650
8076
127
2976
7822
5547
9006
3231
2541
3668
5015
496
8763
9497
6338
7093
6608
1376
7616
8768
408
2534
4834
5454
8813
8862
2660
7500
4564
2087
1041
5330
1483
7837
4814
7082
2907
2306
6693
7712
124
9282
4561
255
3460
2926
3483
2424
1946
666
9079
3158
3985
7286
1369
6116
3242
4672
4163
8959
2886
1506
8667
454
2627
9684
9012
925
4682
9256
4185
4301
4682
9904
8644
1126
7973
4578
1994
5886
5379
235
5553
3897
3007
7882
1345
4197
6468
8698
3839
8235
8143
7733
4826
8617
614
4107
7628
3776
3914
2557
7741
2690
6481
4778
8475
4081
8642
242
8143
8664
2678
8277
3580
2650
5953
4769
7446
4745
8339
4815
4457
5984
5416
5950
6158
6948
5077
26
512
3866
6950
8218
1972
2822
2493
2862
7416
8229
9406
7264
5555
6225
555
5175
5556
9866
4153
2175
2664
5844
6660
2883
5436
9098
8099
1757
7274
531
8620
1526
9003
8615
9729
4277
1713
4460
6305
758
156
3090
7353
9216
5338
1074
9259
8231
5429
240
393
6291
2795
2902
7362
4667
7205
4066
2781
2873
4722
736
5588
6885
9608
7879
8261
6939
6496
6277
3461
1096
3561
3395
2018
9573
8491
7443
7544
4362
9839
9867
6327
7033
137
2328
8731
6100
1253
5062
7071
7647
1679
3432
6035
9419
7502
468
9607
7459
2813
2319
1735
9151
6778
9296
2730
9399
883
7788
6175
9761
6522
8419
3033
4854
4409
8554
6747
7280
9147
2160
5686
1433
9206
5814
9417
129
7360
2598
2071
8023
7835
85
1548
7519
8131
7175
255
840
9597
9332
5217
3465
8886
7310
1124
3259
398
1181
5010
8947
3720
2327
8311
653
6633
302
9945
963
9879
2601
2038
8284
5716
8152
1925
6436
6871
5513
6722
7233
8299
5906
7682
9814
6943
2221
2546
1895
4689
6157
9730
6179
7588
3124
4302
5508
1773
894
886
7829
7230
9291
961
6996
7293
6932
7748
733
5385
4688
6388
4884
4458
7777
648
7814
4645
8497
3710
4411
7755
8050
6273
3721
2870
5859
696
2592
3850
6416
4663
5976
4627
8892
3
9007
4945
685
2520
10
4472
1812
6510
1
9768
4846
1720
9811
2476
6488
863
3276
7183
6475
74
9179
3017
7239
