2645
9582
4508
1434
7374
6227
5149
6559
2378
3800
4141
9740
1655
1435
813
2161
9265
3226
7535
6471
4138
5824
5994
3649
2480
9390
7324
5677
4038
665
1403
2754
2662
9529
9105
3996
7219
6678
3350
1094
2776
8045
2807
4305
4305
3380
9660
4185
2258
4377
8284
7322
3726
9414
4356
6820
3588
859
8953
7983
8902
9471
2521
1712
2396
1387
7077
2126
2330
6816
4941
2586
9875
6441
3695
6093
3017
1688
9343
9100
9730
3138
3418
9661
2381
4080
9027
3248
5172
2284
408
6360
7724
5366
2191
3304
5524
1094
1909
2918
6302
7533
1854
5441
9435
5697
7447
7285
5719
8263
3803
1899
1515
9853
8253
5764
6053
2859
9330
8315
2359
3829
6953
46
6408
8581
4861
4509
4249
391
569
1922
9779
6425
2797
2196
1283
7976
226
6683
6633
1742
7528
6909
8480
8508
4845
7871
7113
6427
7250
2664
1763
3593
558
2473
579
1808
9032
853
836
2937
3036
5328
7694
1880
2120
5090
7056
6056
4480
8076
2633
2647
1682
617
6300
44
1565
7900
3736
6990
7396
7821
3140
7904
158
6186
5867
324
1617
9475
8944
9372
5847
3696
8706
2200
9215
6600
6387
9754
814
1056
1947
9174
30
9116
1911
9940
6172
535
242
1131
7117
3845
5541
5214
2187
9789
1722
5934
9222
6732
4439
5005
9132
3261
6800
7986
1911
4100
828
4965
1513
3981
6176
6339
5874
3966
7874
1042
4275
5927
4151
1081
9232
7812
2254
2001
8154
3491
12
9426
4878
452
532
4082
6617
6942
41
6769
2315
3924
8028
2071
9706
5277
9618
3136
7669
9202
9340
8221
1914
679
1659
3295
2580
3357
5772
1320
1006
4799
9831
8420
4088
1402
87
1060
3448
2093
9721
8931
3924
1105
8726
350
7898
2079
1375
3955
8193
9118
4331
8952
4151
1790
7511
4198
8793
7237
1501
3260
1169
8720
5763
7516
4093
9608
7983
8304
5189
8558
9687
5575
9480
408
4296
809
1953
1309
5396
500
1982
1817
3127
1887
467
879
4268
2297
3891
5889
2266
6211
592
6461
7762
5204
5341
1209
6256
8290
4096
3071
8765
9635
9431
8755
9472
3743
7493
6702
2244
7484
1840
1000
1277
9352
5593
3875
7049
3214
5339
5686
4412
9300
6291
3475
4983
3018
2645
9092
5467
744
5052
7105
6404
8911
3052
3492
2456
1711
1406
524
4803
7188
3644
4782
4371
9592
5184
8410
9610
1466
4160
3042
2951
8409
8658
9464
3343
5955
3772
6453
1097
8401
1234
1500
2431
4734
4596
2366
6299
2101
1419
5337
1807
4814
883
7224
5656
1508
9104
5391
7834
4235
9481
4001
6584
2009
4154
7994
253
3588
148
6500
7939
4953
9427
6401
5954
2143
2350
9636
4996
2817
2110
7509
46
8822
1235
8136
7526
1434
3807
1834
6851
8381
8619
6862
8919
7233
4916
421
579
6601
2113
2711
1952
4918
7398
6854
5387
4481
1269
3512
9157
9467
395
5016
2125
1972
3954
7761
774
6018
468
8819
9780
8313
9649
9557
6333
2564
7482
8721
7227
1928
9056
8394
704
9398
5556
5127
1423
4381
2748
3045
164
294
2676
7383
7986
3603
4736
6947
3278
7154
9647
4561
6132
3294
2931
3639
5269
7840
521
2822
6998
2548
6285
7228
411
2000
4311
2726
6415
8826
6338
6393
3269
7423
8654
9485
5636
2266
1571
2729
7828
535
5442
72
2281
4495
2261
7410
6467
1917
9858
3582
3860
9926
6046
7615
4009
5447
6971
5985
9291
2010
531
4452
816
3254
1291
8709
4639
3445
8002
3003
6269
7791
4994
6463
7106
6213
4947
5916
9738
6901
6258
4497
8968
2755
2533
3343
1376
1038
5476
188
5294
5585
3437
5817
3
990
9255
9027
3203
3552
2770
3021
3915
6854
7313
6068
4931
9582
509
7795
500
1055
6247
2390
5751
6033
5483
8060
720
7948
7333
3601
7969
7813
7708
683
4353
9176
6459
6116
6957
5919
2713
6186
4131
3237
582
2113
5442
6464
8411
1794
528
7681
9687
4239
9338
1047
66
3969
5506
1194
8306
5254
6219
9169
5052
6101
9145
6629
1715
5755
3122
4393
837
4581
8341
60
8258
2514
5450
3369
2618
4256
9537
5539
3072
288
8125
3469
1345
3305
9110
2490
609
5763
7612
7458
9967
4961
8184
4481
2967
8813
4748
2656
8671
6135
6843
5106
5897
9277
2789
7552
8519
2136
8576
4050
5717
679
6096
4764
7975
5675
5284
8409
6645
632
3784
5074
6968
883
93
3296
4329
969
401
3805
9507
6880
6867
6937
3444
3019
7572
2067
516
1558
3971
8472
7186
3562
1741
9287
8864
3419
6506
7291
3529
6339
6010
8038
2351
1769
8138
5013
9184
9492
3222
7550
1734
4771
4542
8836
3812
9159
1320
4956
8103
3216
7893
5087
6661
5311
7887
3405
9142
805
4431
910
4462
3110
276
3168
869
8829
4586
1675
4880
2558
2883
1024
8335
6420
6737
2414
9020
2904
5475
9705
2099
1550
9188
312
8445
923
1377
7039
3881
4733
5871
8378
5060
2311
3087
8624
4495
1373
7966
4982
4573
9644
75
5544
333
6868
6751
240
8574
5472
4385
6237
5330
4726
8810
2912
3921
9963
4722
9946
7452
7546
7794
146
6687
4505
5964
6023
3333
8112
7919
7646
4937
492
5131
2454
1474
3643
9979
1577
4172
1136
8465
8408
348
9633
3047
333
3501
175
4703
4531
6651
8020
7530
7027
1850
9928
8857
5828
904
727
6907
461
7553
6738
1300
4838
9595
6355
1437
277
9984
3145
5773
6315
9081
9385
9798
7053
1457
5631
2522
3157
3409
3387
995
6917
2961
8104
604
1545
4786
4151
672
3445
4229
8003
854
3609
8333
8209
737
7145
8738
4425
4547
3505
2247
1215
7945
2464
130
1804
4370
5273
8204
3749
7051
4165
5743
4382
1876
1491
5751
9891
5491
5832
2472
2327
2086
1077
8530
6188
8719
3247
4893
5376
4419
8983
8839
7489
4670
1746
158
8139
1415
2981
9780
5399
5240
479
951
6689
7866
3951
6332
9246
1394
8846
8934
8714
1032
9919
9128
6867
3934
3941
3084
1122
379
2827
9329
8068
5326
8253
9712
130
1332
7612
8476
2509
6052
7073
7087
1606
125
1841
8322
4768
6915
5647
3982
5573
49
125
6456
4750
2618
3290
4205
7474
9896
8657
5019
2412
1150
2883
1362
9612
4238
6202
7913
3781
370
6424
2662
3959
2831
7521
6741
2092
5618
8316
4207
4732
8845
3756
8019
5201
1797
4961
7512
8041
3407
1002
2612
7394
2054
4674
456
7242
478
8710
530
713
7734
200
5203
3624
7462
2497
1918
5096
6549
2112
1855
1580
4450
287
3567
7393
4864
6161
7814
9276
8690
9871
374
9368
3812
5267
1905
8157
7064
9499
1613
6908
7786
3494
6997
8644
8553
4394
7738
9300
3042
2415
1492
1294
9146
1032
2944
1766
1107
3063
2377
4316
895
1253
2022
7863
9826
5834
9812
2195
591
3761
8031
7049
498
4946
3793
955
3289
4923
8840
469
8423
8514
6233
6274
8378
9079
221
2780
2322
138
7050
4001
7121
7297
6013
6533
1471
9134
8817
2718
4582
5542
8708
9281
4384
4443
796
4200
7238
1988
8477
6183
4222
1908
5893
2380
5019
5748
9485
746
5613
7031
9872
453
6711
4029
9927
3201
8933
7260
9484
4154
6105
6121
5887
2880
9805
6952
1890
3934
8283
6021
5541
334
1660
866
9779
5213
1404
3632
1513
5723
9649
8071
7104
7550
5670
8255
2569
354
4515
7595
5267
9977
2504
4323
78
8101
6020
3012
2575
8067
3857
5550
2462
9592
1489
9538
8792
5845
4250
4714
1796
5300
5747
3761
4504
8033
9016
8336
7210
1549
4382
1536
9419
688
754
5564
7829
7337
788
1677
9192
8391
1057
3445
1865
4099
5608
7512
6060
6132
9463
6724
6103
9801
5798
9966
4229
8743
9818
2044
9084
7683
5801
1025
3684
2321
6130
1774
8838
5925
1708
1454
5056
2572
5521
3405
4242
2302
1895
405
2425
1504
2276
1078
2086
7658
5432
9618
4889
787
1335
9086
7519
8744
2593
1509
2589
32
9760
9543
7968
3833
8673
135
4423
8008
1668
3530
4279
2393
5724
1927
6847
9412
9618
7579
5407
4723
8938
6026
6889
6512
6884
8051
4590
2621
3934
6312
9979
4012
815
4210
2541
2351
2436
8591
2831
2141
6654
4077
5990
1901
5338
2496
5063
9407
2239
8107
9125
5014
6101
7866
1093
3734
2654
1456
6948
622
5545
1802
4074
5356
3551
267
1578
1513
9386
4496
6975
1027
4748
3266
8069
4861
36
4987
1174
4388
2988
5182
382
5827
7186
4964
7910
2949
3117
8806
9696
980
1642
2208
6596
4851
3
634
8349
5070
918
3549
21
7742
1131
8098
266
2835
9796
6232
3698
7667
282
2560
7633
362
1420
8246
8169
8587
2356
8628
8396
579
4799
5995
9384
2539
6670
3217
4857
9401
6637
6103
3469
9439
5161
2639
4696
9087
4698
5075
3152
6885
5107
2029
698
9081
4574
6233
3431
1757
2464
9762
2714
2289
5152
9441
2943
5135
8713
7726
6164
6578
1374
4296
1029
4178
9090
8194
5201
8780
3549
9081
3888
7280
5476
1511
5471
2769
5297
302
7964
436
9786
3100
6937
6875
3388
1180
4286
5719
9695
9560
374
6972
8910
6574
5510
811
1000
6519
9991
6379
1032
4651
8207
3382
5873
5433
6813
3641
3969
174
9838
8410
9761
5727
6792
8273
7359
4153
790
7910
3908
9481
9084
3988
8707
6916
8370
8902
6000
4660
1769
8778
311
1584
9404
5135
4893
3554
1001
7955
4366
645
1750
9521
9722
1963
7210
3182
9781
7237
3451
6846
5729
2080
2471
1550
5566
4218
4675
8957
7063
7911
7640
9308
8405
1060
8099
8176
6323
1657
3379
3804
3152
2834
3544
3263
7731
9563
4266
6743
9706
5187
9120
8763
1209
4922
3048
8231
9113
7854
9568
675
8879
2044
892
6455
3004
2441
1116
8662
3864
9033
6859
8124
3857
9646
3694
2894
8536
9208
3818
6003
9952
7931
9251
1876
8790
8877
8099
3482
8011
9867
9063
8469
2088
2704
4925
1108
1941
7088
258
5290
8446
5603
2879
672
8327
995
4905
1562
1228
153
9695
9904
4035
3565
722
947
2792
9016
7665
4127
4342
7634
650
3996
9969
8390
6036
1152
4720
2585
953
1447
8949
8528
7556
4348
5051
8578
3548
7794
3971
6536
2254
7857
172
9158
4433
8522
1981
3978
8315
2925
9423
6131
948
812
4952
8883
703
9937
4959
3752
6841
8642
9200
8247
954
5507
6008
6374
5895
4214
5468
9870
155
7805
5379
2793
3823
810
3956
7514
9170
742
4270
8027
2023
2818
7580
6744
9395
6168
7875
3611
2835
218
9694
3612
8656
1924
8204
8926
2513
5607
8082
4101
7457
9553
5975
3142
5432
2159
5059
9892
5980
7445
4581
6099
4372
1173
6224
8135
7926
9264
6978
9727
6339
1856
7035
9936
8110
1767
4136
1899
2606
5030
5000
3563
2660
169
570
2470
6843
4437
1311
7236
1109
7982
7630
5389
5636
3595
9239
7483
5700
68
999
3249
8629
8355
7762
5600
2517
6038
5032
3665
8022
3160
7286
950
2444
1018
3439
4202
602
3753
1292
3489
7952
9741
8618
8356
4226
1645
4299
4514
2527
6652
6199
2538
4030
1751
4934
4304
2407
4969
9952
805
9404
7646
9213
7949
696
6680
2945
4618
156
5037
6880
1946
8775
7510
5296
8887
9737
9405
1374
871
1738
517
1137
1370
6961
4747
6920
692
6084
9134
1795
5633
3801
487
4084
305
527
669
7659
7546
8700
9681
4358
7490
9771
4252
3762
6520
6455
6046
4567
3001
3595
9080
9066
8886
6509
7843
987
5949
9759
2252
8533
1021
3241
1247
8145
8288
3425
4990
8359
9068
1745
3828
2171
2057
6159
3647
1598
2708
985
399
4237
38
4566
8794
2037
4720
1420
5198
3796
2684
9681
1710
7786
6447
1147
3336
4249
8523
6107
5473
3095
1464
7686
5499
1255
9767
6909
7009
2727
2861
6244
8279
4963
9359
8015
8495
6455
4446
9209
3424
6867
8227
1193
5675
9386
35
6041
5724
909
2822
9397
3074
6600
5511
7304
2772
2351
9066
7538
2270
7810
4411
2470
934
6439
1401
6746
8426
8431
2652
6881
9802
9313
2682
8605
4867
270
2011
6112
1220
3725
1185
6099
9905
3464
3170
1679
9452
2054
5243
6144
7388
6907
6939
5614
2456
5756
258
9235
7985
3288
7615
7292
8257
5941
9595
3760
3917
6905
2437
2501
339
2954
6318
8545
6625
8311
2565
7470
3269
9722
7294
6371
3188
6507
9492
2894
2374
7068
6149
9111
12
2776
8127
7931
6109
3893
7842
3963
3869
9409
7761
2547
9617
2741
5804
4434
589
8393
8988
4144
3191
2788
5965
8263
5994
1244
4103
1749
6448
6700
1386
6849
756
3326
2489
7563
4826
8386
2435
2732
469
8601
3601
3860
1961
4747
6753
447
702
5058
2305
3980
8079
2004
5919
7223
6810
9864
1937
4865
9789
6092
7515
7168
8022
912
1790
6291
252
8241
9607
2202
5958
6256
3675
4590
9187
2105
6302
1247
4490
3656
1047
1390
4394
7405
8769
8751
7406
5265
752
4962
6449
7570
2942
4376
1086
6432
5837
1049
2956
461
194
2460
5450
103
8022
1823
8329
1329
8036
4705
3561
690
375
6133
5045
6125
2774
617
2142
3039
8885
4986
7489
4644
5752
8387
3314
9298
3504
2754
6267
5253
8290
4028
3461
8586
5939
4290
9382
6946
422
6076
7229
6046
1400
5758
7194
6808
9331
4960
3657
5220
8906
9916
1576
5208
4971
805
4351
9634
8508
9030
7825
5282
8438
8308
2399
6346
2672
6458
185
8483
1234
5196
2617
2808
7757
1442
3244
9993
1192
6505
9966
8543
9096
1046
6346
8373
2452
8252
3615
5133
9939
9748
8437
1391
8251
1946
7608
3091
3359
848
4135
2873
4775
5174
3986
3710
7299
8767
7451
3529
7561
4357
8442
2003
9063
9282
6185
7392
1962
4026
3894
4420
2843
5051
8544
1486
6759
1225
4557
5810
3833
152
6634
344
2370
7093
3767
3922
7059
2636
1073
3684
801
86
7572
5581
1306
6434
2327
8969
5761
216
1129
9332
6954
9715
30
9723
6629
2500
6950
6074
4210
1640
9695
7409
7723
8097
9632
1970
5514
2262
332
9325
2952
210
3618
2756
7479
2962
180
324
8897
5587
49
3617
9022
7301
3390
2654
7062
4043
7293
4558
5685
4999
9473
9160
391
162
7858
3208
6801
356
3454
3498
9883
1804
6380
6743
6096
7273
2244
3666
2320
6625
7176
8623
1591
6077
8386
421
4707
6977
4907
1470
4969
5774
3639
7953
736
4457
2365
7316
5104
6971
3523
8540
2132
6550
3733
7218
920
6646
6558
9789
1798
3626
2238
9059
7822
850
7569
4313
1776
7436
8501
9823
5448
1984
8528
4109
8164
8427
6007
1638
4907
4928
8562
5349
3102
8635
6490
5040
2344
1168
9500
8060
419
5118
9671
1343
3536
4579
130
9886
6888
8052
5540
7667
8470
3699
3091
148
8022
9624
9054
2493
639
4919
4881
6870
5064
6888
5957
9186
4359
2528
1968
607
7936
440
9403
330
2312
7185
573
3584
8296
6120
4750
6855
9388
894
6878
9402
5543
6341
7018
2719
2114
7006
7421
5500
237
2801
6278
6647
8622
944
5526
4359
6083
4932
9731
8029
4296
2761
7836
836
9050
5470
4197
4518
168
8026
7481
4169
10
6554
3642
8018
5509
9249
8493
929
3019
3902
92
9510
906
3926
4961
7351
594
390
771
4456
1163
8849
5106
2782
8505
6182
3669
6644
2809
2902
5332
2211
5320
2108
6636
2068
7302
7508
8849
6834
6438
8802
5010
393
2668
8325
9929
5124
508
6845
3924
9777
7254
3025
3006
1161
1448
860
9513
9327
5579
1849
8119
116
8570
7881
4190
8798
7289
2893
49
3086
1541
3936
8017
2361
3838
4713
113
179
6252
8545
6135
5964
8978
5554
4956
2294
9102
5475
620
6441
7994
9521
1254
4589
682
4894
1823
4787
4134
1131
7834
7615
6795
837
8236
3317
5007
645
7322
6735
746
9333
3075
7034
5713
2155
1137
3015
2925
1896
9695
1813
2273
3607
5091
2019
2681
3428
1678
8944
2889
5326
6045
5121
710
8520
9168
8140
7318
1638
7287
8457
8153
3884
5695
8661
6446
4220
8875
8527
3756
8807
1861
2238
1435
6020
5341
3187
5746
6217
635
1579
8966
8377
3845
5420
3288
7954
6324
7193
2986
2996
5697
1286
4609
1238
3660
8388
7912
6429
5572
8461
4552
3151
5188
4082
3464
3806
3685
4689
3178
5981
2394
1100
1003
5707
9490
9775
39
275
5373
8492
7896
1682
5540
759
3109
575
7629
197
2360
6953
5275
9317
644
2174
7027
5815
3189
9762
1955
9481
4268
1634
4014
7005
602
4596
283
8901
1747
3885
8348
7637
1055
7079
565
2870
7610
4428
972
2888
6177
3488
2329
6225
705
3076
456
8829
8680
3675
6585
277
8319
5892
4223
6261
7667
8535
157
8513
292
8727
8449
8474
8604
7637
8261
3564
1608
4156
8204
8761
8789
9067
3304
780
9304
7788
6299
7525
4140
1453
221
8071
7300
8071
9318
5163
2855
4303
5202
9075
4271
2459
2596
7449
5038
3855
7620
3068
4815
6891
7220
4523
5471
7823
1487
9252
2587
3443
6957
9878
2235
2631
4373
8838
8506
377
1174
533
8318
3097
708
7305
8954
9129
4490
6330
6470
5854
5741
5449
167
3230
2709
7248
4233
5698
2600
9476
6583
66
2576
9412
7346
5323
6839
1640
8085
3757
8943
4661
2680
7087
4749
1718
6182
9915
5568
6342
3333
5157
2781
6732
7701
1507
9710
9004
9921
7124
4605
2807
7776
1697
3949
8252
521
1296
9958
3630
2289
2849
8244
2713
6911
1080
2768
3080
8481
991
1066
4318
129
6258
6142
1426
7285
5843
1710
5838
5613
7835
1718
961
9152
6135
6884
982
3137
6496
1197
4886
9956
1938
4052
483
6912
67
9821
6621
8738
6630
523
8930
6058
286
2677
1518
5555
2523
967
4678
9585
4120
8017
4454
1131
7283
3561
775
4195
1786
9942
1984
9794
6179
4362
8191
2205
5658
4513
7217
6021
5089
7100
8982
7311
2788
4903
8865
3457
5366
5427
613
5529
6519
5300
5835
3921
9598
9352
9629
6506
9045
2425
6952
6687
8539
9135
9878
5924
4486
9312
9896
8009
3750
8656
4496
7020
9034
7142
8342
2379
4695
7317
8829
6358
9328
6454
3274
879
8526
4270
2606
6306
4884
710
6976
2663
147
2295
8772
3652
5024
2941
8971
6053
5531
2603
1779
7862
804
8815
4886
2456
1010
7249
1811
1727
3595
594
7358
2084
5861
8999
7397
216
6705
3589
3125
3039
1679
1832
6872
6738
8369
4689
7355
1753
8346
2776
826
6724
4675
5411
74
9710
9383
150
5296
7634
8899
5248
9067
9553
4936
6688
7791
6024
5543
8755
9347
1941
9478
8739
6183
8971
1942
8148
4086
6320
9894
57
3381
819
9767
633
7408
449
8924
7687
832
6554
8293
5491
4140
6430
2764
7319
1801
1681
6898
1330
6210
9590
3428
8885
7246
5935
9228
1103
7768
1235
6064
8976
7740
8841
1867
8248
9785
4303
9279
7342
7100
7856
7922
2792
3648
3986
4599
9752
6206
4622
6346
2404
9422
8563
3847
3790
7391
882
3386
1472
1220
7821
9918
9597
490
9317
7750
5298
4562
4516
7534
7498
2401
9555
4230
8353
1668
635
5237
3260
1336
9476
4896
3145
4888
3660
9553
9177
4993
8077
856
8903
916
7807
6121
9278
7937
8324
2302
4330
6236
9300
5189
1690
7088
8847
3
9866
4332
5494
2121
6755
5645
126
136
1744
2925
6773
4708
6830
9763
8573
304
6485
3660
8631
6582
4594
3434
4952
415
3343
8333
906
7023
2035
4287
3205
6056
6041
3656
9687
4844
9499
5955
4100
3258
789
7671
4377
6352
1163
3616
5472
4566
7662
8996
8704
8030
8457
2265
5408
6431
9380
5078
8778
8422
4738
3102
8100
7457
9719
716
8667
3173
75
3729
805
529
9559
5372
5792
6923
9057
8599
9251
9726
2861
6339
9361
3039
5583
5175
7599
3775
8248
3256
5463
4421
7177
5678
8519
7687
9570
6919
6632
446
4948
2298
4490
3933
8191
8174
8470
3084
6473
8485
7374
781
5826
9051
5561
8398
3741
5061
1874
4543
3117
4891
4925
6819
8265
6383
3352
3880
6852
8105
7352
2137
1966
8804
4778
562
1848
5427
4848
7408
6704
4514
7302
9762
5881
4682
8594
8125
117
121
3945
4509
5045
2088
7329
57
7373
7671
5668
1807
4822
4590
6231
8368
1133
5236
8814
7021
4273
4998
6549
8313
212
4465
7839
8603
7589
5163
938
3582
7789
5226
3763
6731
4159
2843
7091
9877
1475
4720
3188
4177
9759
3040
2585
2114
8282
8934
8628
645
5868
1573
3851
5118
3571
5632
4296
579
4249
8726
2468
2210
6733
2086
4018
9596
826
9500
4208
8290
8145
8937
5545
9552
1810
2372
8554
7171
1880
5724
320
8654
6534
293
7714
6216
1374
8644
3160
8527
8546
6511
5627
2749
2252
978
7444
7673
9022
2989
1287
8782
4725
338
2499
6930
6027
4299
3308
1199
7078
7124
8699
8525
8405
3813
5675
6440
4371
7802
8221
2181
6339
5681
9743
1633
3309
2796
7300
831
4927
880
8149
8891
4436
1537
3929
6196
7793
783
189
7075
5336
1961
1449
1422
7812
7102
4343
8439
5302
1004
3301
1220
4767
9106
2443
9044
595
866
3621
3230
6998
2476
6271
6197
8975
9807
4089
6868
9883
9479
8646
3588
7613
1146
6845
4378
4232
8320
3820
6207
8452
8860
5529
3922
7579
6928
4124
5330
9094
4885
5600
6926
7162
6958
76
2860
5689
5251
2447
8004
3012
7474
8555
5822
2357
9712
3607
3621
2261
8064
4811
2274
7045
7413
4777
8138
6946
2348
8618
2046
5683
8758
7774
4998
3878
1720
6426
654
1069
3984
8689
8980
5873
5815
3194
978
305
9707
1565
7866
3320
502
3069
1029
73
3326
9880
9748
2181
1938
5913
3340
6633
400
2321
4254
9700
3556
1943
637
3286
2953
2551
8276
9375
5831
6401
1229
4218
3799
7832
7239
783
751
8725
5180
5689
6744
4925
552
1839
6677
8473
9131
8070
5348
2346
5472
3494
8940
1277
6748
7763
927
4579
367
7951
4792
1654
4241
6925
8650
5529
8381
4105
8674
2556
5881
1675
7140
8564
2955
8631
1391
8798
6608
4479
3420
205
4027
3485
928
7735
5278
2522
1084
9475
9856
6172
8358
7229
896
5090
683
3626
3188
1147
91
5025
9396
2791
6464
3797
6354
376
8321
8117
6372
2129
7970
5887
4531
4587
7627
756
5997
915
251
5859
3021
9198
2700
9709
3316
9910
7667
7865
7947
7764
5609
5461
4387
8394
808
1235
7020
7131
1380
4902
4200
2967
3102
7727
8201
2470
2698
6309
7463
9927
7629
2272
895
4232
2004
198
91
6755
480
6444
2708
456
169
8608
6519
2509
1500
6136
3778
6391
3736
8865
9535
5349
1659
54
6095
4972
1508
846
7212
1358
401
8020
134
3337
4565
155
6389
610
1143
264
6650
4936
2194
3744
2797
4494
1208
5691
969
6561
2530
1071
6190
8763
2737
5546
2573
1950
4103
5118
5247
9633
9232
1349
54
2148
8473
3181
7944
1344
9747
3168
5247
3471
2214
4599
3155
7915
7256
1600
3764
5816
9876
650
8828
9329
1829
1370
600
9019
7582
4439
6507
6025
5017
7017
5704
844
3689
648
6020
8026
7747
9625
6814
9362
5824
2719
6548
8137
2390
4658
4693
2502
1354
9430
9756
8581
2521
725
318
7102
2581
8925
3762
5307
6661
9222
8453
5197
8895
2311
4225
6607
5579
5737
8069
251
3836
9465
3505
9110
4821
2462
6628
2924
9745
4004
4671
5587
7260
7122
8323
2964
330
8918
5445
8821
5862
1507
2700
6601
4265
1351
9242
79
432
8086
6922
5616
1361
9505
4745
3055
7219
1207
2280
118
2296
838
5561
2656
4551
2866
7936
1772
3988
1261
6277
6661
291
9247
4388
2329
6765
6904
4845
3470
3220
6549
2491
1659
7082
9054
4225
7755
2377
5267
5744
9122
6637
5327
6525
5024
5945
43
2049
1398
3414
7470
6090
9170
1809
260
5325
2113
5116
2416
6290
315
6362
8810
6898
5746
8346
3902
5574
5497
8640
181
9394
8720
5516
7155
24
4963
2721
9364
6383
6721
4854
3447
55
5749
458
3320
9850
6821
3729
2111
2639
9961
8977
5429
2760
7826
8429
778
6677
2042
4469
6552
2757
3233
8075
7370
3653
4654
236
361
9392
5751
6032
9568
5461
2914
8754
1148
5288
5025
4052
8752
1768
6528
7541
9432
9742
87
4394
2197
6534
1943
2686
4341
2251
8301
690
6822
7673
3088
9667
5195
6585
3367
2719
6887
3929
9408
9967
9845
9072
7280
5490
1652
7990
5716
4784
6228
5691
8642
7627
3565
259
8038
3826
7448
3065
1691
7316
7159
2224
1932
3475
2199
5358
8856
2167
8400
3808
654
5503
333
120
4549
3125
9253
6452
1034
6350
6535
3517
4461
1130
9030
5460
6101
4936
8547
9541
5271
3821
2238
2092
2808
7621
7139
3805
3290
6293
9133
3549
6384
2419
5037
3139
7293
3445
5709
4912
4572
996
2031
5340
781
3642
7762
801
4444
6739
9257
3919
3619
8859
8537
6832
3265
8241
7312
6928
5985
5447
3161
4740
7217
2985
7132
2042
6093
5891
8166
2655
9227
3635
4968
4274
1790
6897
1310
9165
9858
6338
9361
6551
7035
5214
9930
7525
3881
8205
9873
9052
6133
8781
8926
9125
7834
7290
8123
7796
6509
5720
4708
8552
8572
6602
4692
9984
3890
4263
5041
6367
6930
8146
7069
9647
6086
6609
7704
2003
3055
9607
8160
7887
6017
9114
6521
445
4708
5843
6439
4499
8774
3514
2655
4138
1630
808
7979
433
521
9945
3634
9618
3163
3505
2121
7987
1712
9278
3038
1225
9585
6119
4741
6902
7559
6820
2535
9457
80
4246
5275
8047
7823
541
7593
3416
5491
2931
8017
5278
8629
7271
1481
3109
5973
8542
4724
2511
6993
8534
8733
5429
2804
5214
4914
2654
8772
5753
6578
4809
8273
8522
352
6274
4670
5586
1795
2621
5912
8704
2495
8780
1261
7760
2595
2314
4638
1632
928
9017
2096
23
2463
1546
5513
9845
5243
2609
5627
4938
4643
9737
6352
3207
7004
107
6918
5206
8438
386
6747
2102
6598
8289
6038
9952
4168
5044
2618
2599
8016
7140
4824
7560
2713
8249
6058
8806
761
4825
343
9186
6993
974
4060
2758
2427
8053
755
2487
5396
9431
3193
541
2270
9993
3424
4174
5507
5561
5677
198
9990
3028
6921
7503
4912
8792
494
8755
4048
8111
4445
3613
43
7561
5109
5624
4228
3280
7524
6114
4288
130
7203
8585
3947
4282
5290
2719
4824
1884
3298
5199
9147
144
9195
3965
4053
6557
7845
3635
7558
2000
8439
7284
4985
9579
498
4709
4884
7800
9945
2227
8036
9562
5910
9859
5824
8336
3555
629
3502
7775
3930
2164
4813
9246
4465
9898
8365
1143
1570
7671
5434
3889
8555
2287
1691
9919
3599
4367
3784
580
7835
7024
1938
1071
7163
9585
4234
9336
8140
5717
3001
7215
133
9783
8070
6274
2471
5739
5113
600
6344
3740
6229
2274
6793
4147
1006
3622
8167
5905
4736
9188
6845
2921
9940
6905
225
3742
2082
4880
5664
9028
3002
5853
4669
8218
3755
8772
4217
5417
7448
7860
9253
3183
4236
4094
794
9664
4277
3016
8578
611
1169
2235
980
3813
369
7212
9843
1164
6048
8728
3656
233
4936
7315
737
375
7604
8574
391
2234
9405
2749
8456
6875
9934
3662
8685
5846
6111
561
9464
9066
6301
5053
7859
767
4873
856
7849
6543
8929
3052
9368
8719
4203
9020
8247
6920
3356
418
2059
5703
2624
6344
1205
8419
3778
4105
3878
6707
8526
3997
5053
5486
9264
4590
3931
9883
9456
9970
5502
6748
725
3848
3304
6352
3381
9737
2671
914
5414
1765
2489
5692
8502
3760
6441
9957
3847
9439
6988
767
6977
1141
8016
4932
7999
3882
9454
9613
5088
8364
7463
3385
4916
5310
4978
8776
3039
4853
5038
4041
1433
2964
1292
6761
1507
9361
6984
5504
8149
3973
6035
17
2982
4734
9771
9583
5831
8372
8353
9498
282
3058
5825
7050
4301
9104
776
3191
8781
7665
6918
8994
4401
2946
9334
4012
9848
1254
3425
8637
6897
3950
1463
1114
2328
7445
402
181
5539
5395
2944
4666
6499
5539
3758
8374
7138
4242
2460
2402
8585
3792
6722
483
7055
7041
5616
35
5399
5758
9735
4576
4947
9715
2600
6332
1594
4710
4722
6855
8701
594
7652
3386
4720
2251
2494
8861
9187
960
6873
5606
8794
1022
52
3105
7227
980
4058
5286
1829
366
4781
9780
5659
8368
9719
6784
2938
7426
6779
2427
9520
5604
3701
7990
6139
3336
5762
4804
4547
6754
847
4439
8884
4129
5781
3925
9662
9495
9104
614
651
9435
5026
8334
5813
7871
7726
6352
2531
5710
5922
1761
4181
4446
6085
3190
7320
2061
6965
3891
5217
9254
739
5074
9518
341
896
1530
2586
5794
7121
3443
8322
6164
1775
84
578
5366
2177
8268
5609
9410
2272
8836
831
9086
258
4438
8043
2591
6604
7601
2530
5213
5397
1397
8696
9951
8815
5471
6975
6195
3766
6737
8589
2479
3439
8016
2670
6001
2612
1954
9884
8697
8281
5806
6982
1902
4242
432
83
6457
3487
9994
9189
9520
913
3108
767
378
1387
626
6550
6706
1292
9414
5644
5534
247
8352
5647
2241
1768
2041
9978
4650
7716
3832
6932
9590
4415
6793
5708
8383
5387
518
2708
3771
7547
9069
1566
330
7248
2291
4613
1985
5403
3177
7405
8867
162
1447
1655
5890
4784
7841
4689
1445
16
4539
1803
7080
6176
1177
5963
4593
4918
8167
1319
774
6705
1872
7987
1177
6785
5316
4993
9476
7427
7993
9247
4539
6427
8065
9427
2968
5138
9817
3599
7545
5829
1262
3755
3008
7266
4486
4154
6071
6328
20
7067
7235
1858
6630
2161
8289
3460
477
9105
9467
2848
5212
4018
2022
5292
7263
652
8110
1749
2994
9455
5100
4568
3773
4945
5443
8117
4978
3911
2299
1162
8921
3148
7407
926
2011
2680
9796
5903
1137
9508
4660
712
4131
4697
616
7244
1732
7715
2
3833
6043
4322
3333
565
1966
2667
8085
1685
6718
172
8481
6566
6805
8305
3926
2064
6610
1096
3281
4582
856
2207
611
3486
4794
4388
436
9075
4328
8199
6385
7263
3908
8466
5118
4599
9814
6842
8959
9343
4595
8111
9185
965
1026
8094
3906
5826
770
8552
633
635
4434
5419
2977
3836
3710
9847
5770
7577
2230
9009
7357
8519
3786
1217
2657
8339
3186
9327
2249
9768
2137
3937
9987
2745
3021
9645
2459
6699
482
4610
8305
5776
7565
5749
2829
8489
5489
1281
889
9967
1071
1381
7112
5586
753
666
7179
9808
5437
5566
2639
1442
6302
865
8498
496
5432
231
815
4064
7387
9071
7095
7620
703
1580
953
8037
8388
4167
2850
1904
8438
2282
8696
755
6824
4401
1991
2354
2466
2650
1262
4915
1970
6862
9473
6700
7250
2332
3057
5257
466
6824
2579
2000
4285
9492
4882
9172
9712
9141
1420
1269
2715
734
3004
4019
2169
7743
3671
1031
8240
8460
1597
4736
7808
2180
5649
3840
2107
4253
786
6056
1110
7593
1437
1613
9703
6695
6469
7331
9518
2818
2641
3324
1230
9992
2199
1236
3858
5454
4531
9507
8660
2026
7016
2006
5226
7843
4191
2105
3843
1041
7065
5459
8355
5363
158
5122
9296
1390
4316
5473
1274
6340
1512
5422
5818
8272
3505
7815
9981
4413
9982
6652
9722
1278
7396
9084
577
9431
6386
1860
2503
4363
3488
8476
5752
7182
4968
5867
9834
7077
1939
2467
1137
9057
8233
2320
513
1594
6188
6953
4337
6376
2124
9430
1059
412
5736
7077
7967
1074
4545
9865
5004
2456
2969
6910
2851
3036
9669
8635
3303
7638
7981
2904
2473
7514
5515
664
3045
5075
8571
8982
3243
9432
7522
6127
2239
4058
7416
5340
1445
7891
7899
8760
2531
2073
7463
8681
6087
1323
9468
7476
1925
7552
3650
6698
8394
9219
6956
3544
4897
5071
4032
2891
2502
5562
6622
5571
4933
6842
4670
8793
5619
4329
7189
5412
9739
9221
372
400
51
6833
4576
1721
5607
1094
7057
5690
5782
824
7733
3019
7101
3871
442
6373
3859
5007
6257
6969
5451
1892
3748
9245
6652
675
1856
7595
362
8237
6959
9172
8847
6556
3493
8064
495
2310
7284
1408
8504
931
9788
4108
9109
1650
1691
1747
3886
815
1552
4731
2964
3402
4948
8159
3085
5331
5068
4931
9238
9461
5327
7544
3865
8560
4172
545
378
2378
5878
1549
7723
4849
8465
4520
2103
9639
136
5002
8983
108
3709
9547
6685
2227
6208
5444
1607
5334
4978
5163
7241
2352
2170
9042
5603
2243
243
548
7478
1145
1369
1508
4936
3
7008
8115
4937
428
6055
3446
5194
66
5948
9129
5752
5780
859
1637
2351
8727
8938
5044
7399
714
4307
5370
2678
9422
8916
9859
9395
9587
7524
7837
8739
2200
4610
6681
5219
8093
507
1179
9278
1532
9969
7174
6404
3040
3290
9822
1383
8605
8197
8750
2207
6324
4109
4221
5696
1638
5436
5514
1511
6195
4050
5606
2542
8110
389
3552
1170
4178
6417
4258
8219
7758
5765
5866
745
7132
8965
9637
6132
9093
8476
790
1390
8773
5630
2414
8090
388
985
3581
2656
4992
9668
3082
7482
4363
4632
8294
2651
9737
8652
7205
2188
3938
530
4449
558
8242
3476
8563
2672
5798
9382
2417
7719
3260
4215
3769
2480
7975
5461
782
3193
2836
1602
3227
8090
2683
8383
6381
2500
671
6986
6394
441
1270
8601
7452
8242
1181
1855
9847
6911
2421
908
6857
5609
7250
5362
4222
148
863
5814
4675
4276
7870
4012
9352
2336
7303
6358
7875
9859
7095
6063
2001
8811
2988
1976
6449
4658
6763
5526
1298
6119
5613
3870
771
1927
4744
7617
840
7320
4161
6232
1637
4857
2311
2118
2570
7258
9249
5115
939
4822
3980
9988
9816
6358
8907
8046
2621
5273
8913
9564
3385
5336
4515
8555
8662
3999
3240
7424
7592
9685
5518
554
5697
862
4426
7144
6500
869
9405
9190
5408
1647
4587
6476
2139
5624
4054
4412
3020
6697
4995
5566
8407
4597
2847
6300
341
3755
3455
8571
4018
1824
7523
1253
9304
3425
4291
8953
1932
1762
1546
1751
5868
9723
4155
1737
748
8038
6415
3037
9945
8827
4404
894
4689
9951
2146
1100
8014
8125
6802
2744
7414
834
5172
3584
4124
3334
7171
8714
1333
5100
2480
1257
5151
3243
9698
8684
442
1110
5552
2303
7339
418
8625
5190
7419
6628
6563
9353
1278
3191
939
3807
4959
8801
4337
5033
4550
570
7613
7413
867
7701
1703
4844
6347
3147
5742
1445
252
3462
657
6904
2572
4499
5404
6995
2208
9981
6164
7495
6771
7818
7435
8142
4161
8672
6297
6350
8906
4664
4133
9871
3496
8138
1435
9638
8714
3781
8842
4272
885
5117
9100
7816
2533
4034
1234
460
3396
7341
2825
4568
4406
117
642
3049
265
3561
683
7674
6849
9392
2539
5588
9328
786
3407
4434
3064
5766
8281
8427
1139
1891
6609
1653
8717
9619
5609
126
7438
5837
2954
1564
1839
9564
5464
3378
7495
8386
9372
5153
3097
1167
7423
1493
2577
3512
8487
1746
627
6799
7396
7629
9060
4397
3429
2514
3508
8989
4331
646
7951
556
236
1011
6438
975
3748
9763
5321
28
6939
4677
6394
3127
5329
9971
4467
5116
9075
5205
1132
3862
9499
639
8441
5324
2503
7441
6135
2950
9870
8506
4055
8726
7201
2541
931
6412
5055
1602
9763
8723
6425
598
9860
2718
1235
5932
9068
3457
8046
8392
9913
9125
9514
4088
1056
9597
2569
1113
8472
6306
3628
2371
158
8433
622
7668
5925
2787
9040
8055
60
7473
5441
2408
7437
8901
778
5723
4089
6570
8373
2678
4903
1478
8592
4929
9211
3113
1484
1334
3842
3941
3129
3457
5095
4053
440
1427
2096
3567
6
6280
4416
9991
8331
2439
3684
7105
6651
2155
8818
6846
7024
1901
7933
950
7468
8679
9840
5692
8456
2812
1302
7706
4212
6119
4343
1984
7313
3384
8461
9351
3627
522
6564
2092
8261
4911
3146
6153
1245
2106
6462
9329
2515
6996
6917
1228
5523
4145
6585
1760
1587
6403
5110
7194
4977
6710
5778
2212
8095
1699
9792
3266
3693
9467
3218
6502
5337
5840
2688
2556
5532
3686
4447
6350
6350
1972
5190
7215
9201
3115
6460
3167
6799
6700
7764
7223
5411
9369
7115
1550
9133
934
8057
9545
2313
3195
5636
3048
3777
414
5891
9683
1456
4028
6228
7900
1955
8760
843
3004
1520
8562
3010
4980
5239
6625
6467
6993
1702
5995
1091
5967
8724
1138
3423
4598
5628
4901
4036
3154
6336
2141
3437
8787
7223
6777
1711
2770
472
9863
5268
6650
8526
4111
30
570
7923
3077
4306
5688
6727
8643
1345
7782
9322
9924
958
318
604
1630
2271
7053
4723
7688
6667
9378
5125
4223
7756
8461
4913
3697
6520
1838
727
4441
7440
4613
1108
2853
6674
2551
595
8348
6427
7693
795
5654
9464
7299
5818
1393
2165
8842
7592
8214
1926
837
7443
651
5444
3700
5321
5844
774
3030
2122
9507
7055
4881
2483
6344
9210
7751
4955
9719
6458
6374
1261
8973
8582
9470
4758
456
2642
3520
1531
7678
4246
2512
2514
6603
7170
456
7408
2973
7230
4750
7574
3396
5571
1288
8599
4582
4816
9474
2183
4414
3886
7872
1755
5551
9576
8469
2069
5974
8942
4864
3201
7254
1499
4443
5260
4542
2367
5879
9173
8753
342
1982
2489
1707
8800
7864
3402
7293
871
175
5640
3168
1336
7116
3792
6373
757
6962
7027
8701
8387
1433
4031
2365
1548
319
1897
1128
6027
4056
2215
8936
300
3429
4071
1904
5382
48
6751
1711
5066
4775
5103
8766
9223
33
5917
4382
651
8887
3785
5404
8852
472
366
8909
7950
123
159
8480
5967
2274
1266
6815
7960
6704
2868
7906
3045
1887
990
708
211
5316
3634
3612
6330
5264
3142
1515
4402
7514
476
7140
270
6810
83
9827
3063
5162
3953
5258
9889
8270
5743
2792
3509
8288
805
2519
7164
8010
1336
8763
7896
3077
5192
3536
6838
6754
2578
2685
6981
8643
4078
8452
1797
4125
6545
1149
6620
3040
4843
7883
7934
5731
819
1941
9572
841
103
8042
4458
622
4350
6391
6178
1712
9243
7193
1618
6547
2989
6308
2583
1267
8277
1245
4191
7290
994
9383
1743
9656
5899
4123
3166
3453
829
2165
2257
3250
3963
5996
6651
4536
8226
6359
4292
7687
2274
84
4881
9351
9531
72
51
8535
5299
6666
7454
9574
7750
2282
9846
719
6299
4802
4723
227
3224
2724
883
7078
4935
8367
2583
6992
9657
8047
3040
1918
6952
6504
5015
910
4501
2391
125
5826
4072
4631
8153
4162
4710
2682
5500
1681
6149
5931
8236
3424
1635
4065
4463
9550
9201
7802
4415
1163
7489
3058
8877
7252
3626
5536
2621
1246
7266
8936
6217
3908
4677
8897
6154
8592
4571
6720
2368
2253
2866
902
843
3726
9810
9616
282
2886
2040
5465
1709
6698
7975
8961
8336
1013
5754
900
536
9174
61
4254
4415
7212
9713
4328
8746
2737
7910
5870
4979
2480
5434
2162
8297
6586
2215
5151
7442
4009
5253
9734
9205
1800
7227
9518
5932
5715
560
5141
2837
3670
6183
3194
2191
8612
6487
3630
4012
5481
869
7544
4976
6170
486
9228
1264
5812
664
1750
8797
603
3458
6526
3920
326
5049
2614
9985
194
8395
3031
2177
2769
3032
1308
6296
2240
9971
9685
99
8584
1138
1960
3140
7708
4758
3035
1314
7999
8254
120
5051
8810
6343
2234
211
9656
9273
1865
3562
3872
3645
3817
7085
7838
5367
2206
3137
9177
2931
9023
5841
979
1650
213
9464
1498
3386
6211
5568
2014
1300
1985
1940
8275
7979
3366
6425
798
1097
6640
2966
8105
6122
6226
4939
7320
4874
5302
2341
2551
9897
2136
5067
9230
4279
4071
7159
6130
2770
8712
6270
3061
6297
1548
2572
1659
1877
8810
9858
2000
5781
2339
8080
6291
6057
7735
4857
5423
5274
2143
6623
8083
3870
3016
2116
9163
6918
2709
3996
3907
6206
295
8027
2384
369
9905
1808
4574
3653
3279
5443
6064
5443
340
6770
7558
4056
8776
3173
6543
9214
1736
856
626
2089
8186
9191
3280
9431
3409
4741
9167
4813
5950
5794
5486
4311
5695
5922
6151
5926
282
1770
1994
6699
558
2639
3530
6246
4558
5107
8142
9536
7452
4692
4470
9438
7401
295
2182
714
8528
5142
244
8538
6275
1250
9493
4546
1283
3247
8360
2854
7021
617
8932
9966
8861
3926
1530
5546
5660
7034
4873
8301
6599
9631
7361
1258
1323
6047
6910
5400
3739
5437
7398
5139
1525
3456
423
9308
3146
8984
4962
1310
6746
5287
2514
6835
5760
4504
576
3474
8764
6635
5053
1493
269
1942
1938
6644
3889
8234
3222
5236
6337
2960
9114
1584
3219
3792
8440
5405
3502
2222
2400
6676
2072
3562
1555
1311
7116
526
5497
6818
5470
3435
6635
7103
384
5904
4869
9582
1517
3779
5419
4912
5761
9726
4973
3785
6173
930
3615
1967
6063
5171
9971
6542
4235
8376
9421
6707
387
627
9528
3362
2737
6403
9765
2901
6325
2011
1200
7314
8922
8858
3887
9723
6803
7487
914
2345
8588
7770
5138
6185
6910
3529
755
299
3463
93
2867
2007
6482
8162
9195
890
4250
2056
2174
9357
9961
2072
7460
4161
9730
6301
3045
7205
1284
248
9739
6747
7461
7076
8119
2617
5488
3342
6452
9207
5648
9466
9437
6232
9143
9193
832
760
9663
2996
5473
4747
5313
1556
2384
6516
310
976
6455
609
484
3549
9014
3215
353
6119
4545
9406
43
6577
5401
908
5603
2967
3709
494
2634
1227
5017
537
5469
2285
7541
8287
4774
4992
1434
5905
4691
1602
2307
4512
6886
5843
8723
2098
451
6222
5878
3024
4647
1425
716
3085
7595
4564
9143
2345
7847
1889
3882
9082
5959
5918
5140
8198
6007
726
8440
5361
4684
8640
4714
8440
4270
889
4021
9760
4244
1610
43
6411
5349
1993
5889
4043
1568
4456
692
210
5849
9089
8057
2802
7720
3224
8553
968
703
524
6091
9724
7781
516
8339
6007
6711
2276
8814
6705
543
9382
8101
6237
1846
7470
3732
3965
28
1096
6630
1551
34
8230
9512
5595
582
1912
720
1045
2336
3052
9057
3720
5519
318
8630
4832
3653
9881
7331
9292
5641
3986
9666
6466
987
1820
956
249
9492
4587
939
9606
3893
4539
9690
9550
1004
2743
5424
4799
1555
7768
4369
7490
325
4381
717
1527
8840
8899
311
146
3764
7337
5909
6048
8564
3046
4608
8762
956
470
1553
7749
2113
9451
9826
979
628
9079
3828
910
4457
2532
7736
7872
9616
2175
6141
6606
1102
9428
1409
592
4275
792
5841
6555
8629
3642
986
7958
8135
6662
3842
1085
6215
6620
5377
873
4555
9738
899
9760
5071
9401
5689
1232
9601
8037
6431
6388
6904
8001
7660
1527
9061
961
3473
1320
3609
3270
2350
6986
8092
5870
2774
7794
8690
6651
1657
2996
6797
5267
2051
1364
8529
1648
5521
4873
5102
4609
6954
592
7210
4597
1053
133
9002
2314
2023
5254
3147
4057
7264
1284
7387
3912
1668
9200
6626
7894
2542
2950
6379
3434
9591
1636
5950
6295
2998
7412
5439
8599
6217
9000
6315
1757
9775
3495
4817
2640
8792
6375
4627
6403
9849
2740
8003
766
3976
4616
9980
6320
8246
7207
2067
4004
4213
3775
5006
9416
4183
2706
9316
4611
9814
4547
7839
8263
4969
5630
4137
8172
4383
3986
9102
6166
8322
9975
3585
6850
3633
5184
2319
8382
7432
9118
352
9009
6933
2311
7544
5999
8489
5400
8457
6086
7058
16
6589
5301
4901
9739
5797
8346
478
1807
1937
4260
8105
5900
5681
4237
190
8155
5783
8998
387
933
7178
695
4194
8829
1330
2657
8085
8138
9683
8982
5528
3016
9108
8306
3385
8283
1949
3893
9387
3972
7903
5624
7181
6092
904
1032
6630
3306
5809
333
9617
9459
5698
6124
2837
5894
1107
6071
8408
3139
260
2340
2124
2954
8732
5089
6792
7374
851
1906
6206
1889
9611
6414
3029
1553
3513
8102
7925
298
6027
4779
2329
9349
9365
6069
7317
2983
5468
7491
7176
5877
5484
6247
3711
5563
3500
4227
7359
5814
4240
9255
2454
3902
4127
7727
9847
9284
3094
1283
2380
3004
8146
8110
7112
5481
11
2774
3588
2662
7772
3808
1905
3360
4729
328
6404
3363
2702
7466
8053
9286
742
2111
6057
6772
2324
8426
5222
1638
6221
8032
9888
4185
5111
4172
7731
7373
9135
8230
5552
725
638
4697
8041
431
7349
9094
9172
3798
1322
6484
6581
5628
3230
3093
2261
6035
2053
339
3157
1584
7551
1950
6441
9739
3920
7720
8248
557
2597
9030
4227
4472
1913
7327
8648
6045
4069
5625
9423
3229
9254
1424
315
9736
1451
4259
954
2018
1910
1696
5320
8795
5072
3967
3173
8687
8256
8302
6511
9628
846
8614
1200
2291
2256
2108
3714
5902
4444
6216
1965
6427
916
9927
2330
6127
1635
6704
8288
9660
6765
6230
8647
901
3710
5431
9400
7946
4153
9960
7789
5767
9114
9794
2383
639
224
8023
7480
9342
545
5052
7573
5693
9730
8893
7878
5145
1637
7046
7052
1551
13
6850
2862
4615
9967
298
8581
6824
2708
5768
1749
4484
8427
6198
7312
1122
7543
1691
5903
3611
9224
8945
9115
1713
8656
2953
1171
4817
7553
4254
6308
7106
2907
6237
5753
2264
6931
7767
672
9925
9441
655
6633
4776
3303
3088
7266
3532
1580
6756
7601
9946
1143
3440
2327
1067
7735
1148
5959
7013
9127
3764
9271
8453
9460
4642
1576
2189
445
5048
4190
9775
1018
5977
4170
8569
2312
4338
8410
5567
5686
7638
3236
796
6653
6361
5963
9466
3909
4685
4528
5782
1808
3658
797
5677
1383
8179
5316
8660
1512
5077
3087
6532
2565
7825
8927
5165
9270
3758
8755
3397
2738
391
1326
1488
527
8475
1800
3098
8678
2109
8279
5759
519
8407
7967
7360
5180
8492
7185
4132
9021
9749
4055
609
4551
6704
8230
8828
7434
797
196
151
5929
1131
3044
1417
2331
9308
5150
2908
6379
2218
9982
9402
6797
7327
6012
4158
9858
1566
9985
778
6572
4622
4375
2988
6335
717
6937
3822
244
2972
5664
7880
1913
8128
9829
9387
5363
6549
5029
5871
3342
4277
7753
6803
9767
4653
3812
7224
691
4072
8969
5867
812
9418
3578
1307
6756
56
5082
1613
2371
1327
2663
3406
6554
2101
7488
8668
7497
6625
8795
3308
6537
4113
7436
2295
6868
7572
3220
1681
6905
9712
3131
6172
4002
9797
7068
2495
4550
8522
2631
5306
1467
3415
3500
2014
1613
4347
249
7666
7164
5143
9726
4066
5277
5660
9329
6699
1982
1283
4438
9184
6835
3400
4708
2658
8196
6491
9403
6756
5033
4993
4118
8974
3993
3488
1841
3122
612
5421
681
2521
7322
5554
4517
1761
9985
9064
895
8341
467
368
513
3267
4084
3447
8471
8066
8706
841
3818
5122
4943
3492
2632
2170
1025
752
72
1788
3819
6207
6086
6560
602
1916
1861
1280
8883
2946
2673
9131
5596
1062
6289
4664
4480
850
4889
546
5016
3775
4415
9770
1603
5558
7578
3830
2921
2346
736
9233
8992
9106
4522
4260
4281
3952
2664
2168
1585
7191
9183
5759
8168
4686
9525
3880
7203
7967
7690
174
5862
9525
6772
44
1791
6315
4957
5043
4337
8030
8358
6537
2210
3439
139
6490
6539
2028
383
527
8185
2721
8960
7825
4592
8655
1602
6916
6032
3697
6627
4953
4655
561
3370
9466
2333
4478
2468
7965
8995
7621
7831
3554
8832
2645
3548
4728
4547
3035
7341
5174
7584
7162
1988
3141
565
8947
5452
3135
4713
8040
9010
639
1403
3404
1881
1649
69
672
4156
2061
9559
2417
1532
564
4889
5405
8992
1946
5106
6873
2368
2997
6356
1453
7369
7492
8572
228
8901
3386
9026
9333
3252
954
8610
7191
2151
5428
763
1899
4659
3874
8878
5280
5614
5167
5630
1424
8251
5159
9955
3505
8029
7840
5672
6013
4283
9950
6035
4389
3077
9840
1771
769
3034
226
9165
577
1953
7698
3254
3563
1182
3207
2213
8493
4118
1076
5838
2202
1861
7148
1977
3742
3431
5520
1304
5411
5282
2597
2908
2201
9393
6374
8822
4819
2103
8109
2245
5387
6001
5053
9470
553
1904
6391
2323
4821
5626
7178
1894
3207
4111
3833
2527
5928
7863
8029
7338
7514
8922
3753
5294
9356
4790
1052
4170
4807
4385
7394
6390
6009
8830
451
6200
6808
7678
1423
1837
7040
3197
6482
9785
8104
702
9700
8090
5559
3847
2893
6955
4073
770
4731
6464
2248
9759
114
5762
851
2220
7515
436
8232
787
5885
4376
3659
7632
5719
8250
6439
6192
298
4316
2440
3968
7190
8653
5089
2962
8611
960
1491
438
2316
5238
4099
3986
3952
7049
7563
5661
985
4819
5682
6046
1553
7316
4817
5323
4430
7926
8128
4643
516
7881
472
414
4024
8279
2568
1461
672
7889
3609
6554
8944
7793
8470
646
277
9673
3680
8669
686
778
5206
5478
8634
6393
2415
9873
3835
9765
8532
684
2831
6848
9922
4435
4765
3685
9961
5672
4480
6102
4988
3096
1210
9127
7102
3759
8846
4170
5046
4756
4246
9458
3956
9738
2674
4994
1779
7631
5864
2695
7625
906
9356
2925
3722
2095
7871
4035
5880
6591
9712
8008
4189
4583
5789
2110
4268
9506
9291
8655
1027
9664
4719
3775
6438
3373
2891
183
1760
9771
1905
2329
9807
1784
8477
4081
3739
8284
5404
5006
5888
4810
8289
8455
5044
6237
5268
9372
3948
564
725
2273
8340
7209
1668
7960
6187
5580
6487
349
9204
7687
2275
6109
4686
7382
8200
2405
6106
1708
8370
5983
4101
4284
2766
6216
1374
6263
8731
200
8104
3519
6234
1195
9046
9632
3989
2598
115
516
7893
8158
1797
5055
5802
8200
2535
2180
3768
7662
8037
2863
3266
2240
2193
4741
8171
4056
4443
5452
6585
9924
6849
6287
2245
5685
1453
1079
7062
5054
3392
5602
2289
5589
3814
211
4186
9046
8482
4566
3681
9193
2494
1068
2162
5241
252
3993
9001
4304
1460
9933
8155
4663
3931
7969
1309
5510
2810
117
6747
1455
5118
8714
4269
2435
573
7676
8426
1982
555
9125
5573
9877
1771
7391
7429
5780
4124
7004
5432
7459
2078
2758
3594
3459
7447
7626
1658
5845
8902
8676
6235
8364
7818
2225
4075
3780
6799
9727
4667
2575
5567
7019
3749
2334
4359
8278
2892
6539
540
5529
1385
5806
4685
9287
9377
2359
5120
809
4987
2946
6018
2580
3079
1879
2890
7209
2058
9545
3315
3649
8980
4397
2336
2856
1891
5058
9009
1259
9100
9169
4734
5119
5304
3373
7290
429
3679
8531
2848
1715
8659
5989
4739
1720
6557
2986
3939
1869
9444
7150
6219
3346
3223
6891
6548
6988
3469
1828
7395
4318
3350
3860
1709
5818
8211
899
7276
9706
4588
2460
3529
3526
6696
1600
4989
2991
9658
615
6299
8904
1118
7139
1815
1949
2949
1387
1895
8413
6824
302
6959
1851
1135
8529
8365
4798
4279
8920
3508
5658
5710
4233
7281
6983
3620
2692
6650
1623
1901
3556
7330
2854
5529
8491
3200
6211
2045
9759
2869
6823
9003
8862
2881
4286
5501
1678
2391
8166
3234
191
8711
737
7106
640
3194
6885
9857
4832
8329
256
4737
272
6511
3268
2972
4104
6321
2644
5329
2153
2753
4519
6050
6685
6654
6847
1351
2994
1481
1941
301
8483
8388
1710
4844
6592
5747
4888
5297
6314
6353
7213
1430
2613
2086
8731
2351
9613
1314
1396
5357
9747
2837
1081
7438
4192
4686
421
3986
6346
5534
6863
3350
6387
9954
6254
1883
4801
8423
6379
8357
1432
7347
9014
5799
5539
3089
3437
4598
7922
4496
1737
1680
85
6584
554
5645
7307
4272
652
1906
5326
902
8950
780
9490
3862
5042
2658
5831
6847
7550
1189
4935
3039
3924
2400
3822
5281
1898
1102
1249
5822
6063
1849
3796
5182
3264
9802
9400
608
4576
528
7770
4473
3030
530
8396
8233
6308
1677
8046
779
8767
1075
6945
547
6745
7046
2660
8154
1823
2025
2373
9549
656
9503
4839
7100
6984
4308
597
5240
3257
5223
2271
7021
3419
461
8
3394
4003
5589
8973
221
3056
470
7055
4988
4904
3248
8437
6218
7142
1246
8785
2551
8155
8221
3816
3527
5691
1295
1249
2000
1079
2806
7521
3544
8803
9924
7128
6283
7037
9266
4150
6233
3052
2152
6493
186
2448
9850
2196
3735
5870
4379
8097
2010
6437
9719
8866
5197
6645
6481
7702
2708
4339
6972
9141
250
2948
3511
6184
4979
6119
2154
9180
7876
7096
2551
9499
6002
1727
3629
1078
5840
9098
7513
6130
6699
4708
5510
7106
9083
1057
1930
9637
556
1563
1442
1893
6080
3011
6243
7238
8937
3666
7217
7616
3716
5198
221
4914
3885
220
2864
3470
3015
5402
1862
3609
6826
841
2441
5541
7437
6404
7100
3922
4188
2516
8624
6313
5654
657
3419
2991
5484
6391
2141
2173
1881
9897
2414
1500
4487
596
3220
8863
8193
8460
6621
5153
9700
7832
5067
5238
569
701
9800
2532
6565
3294
3427
1199
6574
3908
9259
3228
6801
9873
7985
6624
3260
9688
1728
6929
8427
941
1054
6841
3183
8237
5728
5728
5894
3470
6612
7822
5590
8180
2422
4783
6591
9609
5607
8586
6469
1214
4926
578
1337
9992
2061
8320
475
9997
1892
11
6104
8137
6810
9628
9646
2959
9348
8328
7565
7699
5304
3104
7295
1437
7637
8620
7451
3202
32
3651
4080
3141
459
7212
6014
476
5504
3191
6175
7408
5252
5896
1577
6600
1717
7452
1369
2793
5136
3632
261
7279
1020
8770
5909
1822
3282
9899
2354
3440
869
7273
9965
8241
5931
2962
7677
9598
3613
9170
7455
6157
2152
157
2446
9408
1526
695
9719
184
7250
4657
8065
6400
3390
6801
2120
1689
1303
4192
7193
5604
836
2735
6539
7979
5931
3336
669
8755
9775
1771
9180
5966
6176
4104
5126
863
6323
6501
295
2587
179
2170
6189
6211
9207
3564
4851
9130
841
5987
8295
9420
1977
1850
5320
9417
3617
4467
3476
8190
25
964
409
5479
5476
2099
223
9286
1674
1257
5366
4801
3896
4605
5424
8666
6545
327
