7031
4754
2252
2002
2466
4701
7499
2075
6079
4570
5154
4929
5797
1605
147
5234
2261
5063
5596
8988
7788
3165
7060
4977
3902
8984
9953
9640
5819
1438
2091
545
3446
3467
2987
8139
1161
4790
3611
7817
2053
1113
9806
5895
1895
9706
68
7949
1283
5571
68
2321
9592
6539
5161
3866
7694
7274
8100
3482
4747
7859
6255
4641
2479
4609
1483
2329
8617
2007
4072
7471
1451
7779
6935
6674
3359
1164
3082
4195
8916
2004
8356
247
1369
9769
953
6906
8305
9121
444
3887
6690
128
3069
4194
4858
5164
3415
7285
8223
7738
9331
9275
1499
2597
869
1813
9604
8486
507
6529
4191
3904
4565
2743
9502
6008
3271
2709
3656
4576
4024
9496
1563
184
781
1323
4709
2740
1816
8194
7748
5796
5972
1178
2672
9081
8747
8772
8900
9139
7301
9819
8614
3914
9696
2785
5563
326
4691
8849
1893
705
3629
3646
3714
9835
7712
1315
1815
9546
7103
6863
6669
2312
8781
8394
7932
3387
71
421
7260
4498
3809
4516
7274
4204
881
7648
488
7995
5759
4382
8049
2967
6301
7042
2167
2325
7464
2836
1369
7432
6956
9354
2036
438
3149
6301
5133
1301
4853
2175
255
4270
1588
7394
6896
9113
6372
9509
8954
64
827
3820
3786
2720
8814
3702
6011
1738
6227
5606
5922
7234
9052
9828
7542
4454
2480
6836
1055
4579
2514
9186
3142
3583
4127
3778
1378
8906
145
3053
5953
7955
3882
1304
6605
3136
5568
9315
1624
9447
290
3395
5074
9246
6253
3020
5218
1760
9852
2442
6633
9536
8454
4374
7549
1640
678
202
8593
5035
2324
7104
1592
3173
9653
7967
3352
7747
3222
4406
8886
3164
5212
1608
4289
9119
4111
3895
7330
1106
8560
9617
9054
7703
6419
6417
9501
9507
3755
4964
2457
5365
722
6588
7122
3185
1802
1900
9593
8285
9668
7471
8537
5445
3556
3468
4324
6845
85
8429
7529
6783
2871
7486
6475
2706
8050
3888
6754
3236
8466
3844
3991
8258
1948
3520
2442
8623
4485
1103
7316
2210
4301
9045
1437
1089
1079
3608
4147
2951
2092
2655
9422
5325
7434
5674
2493
3235
113
4416
5135
7913
5146
6357
9818
5824
3479
279
3497
35
1026
5700
2360
8981
1113
5318
2481
3826
6048
5386
1627
4441
9741
3802
1143
5811
4422
8666
823
6273
1027
9207
8510
69
5967
9402
7064
7944
9227
5613
7609
799
111
4112
1924
6392
294
440
4212
2116
3192
8667
7186
4727
2788
694
8172
1343
5213
4006
1402
4813
9455
7223
9008
1818
7190
2291
3013
1710
8254
4537
4599
435
7776
827
4330
5629
1878
4751
5517
3981
4453
8707
3081
2359
2021
3782
7280
5273
1230
5720
2730
5220
4211
2795
1343
2887
5103
106
9201
8003
7426
2502
3862
8655
4068
6750
6950
1961
6364
2543
9465
462
8489
7420
360
748
4142
6648
9797
3407
5010
7740
479
2533
1806
9378
6224
4980
9483
1442
525
1771
5549
7514
6554
1950
4844
4425
8291
5270
6832
5319
8909
8686
6254
2268
6731
6790
2435
595
8744
8455
308
5794
2992
9686
2022
1328
6849
4689
526
1969
2477
4921
2018
7693
4913
975
866
8409
5904
9717
8357
4527
6575
9691
8830
1792
6278
9538
2647
9433
2544
8888
2697
2070
1463
9755
4522
6867
9928
3516
7576
3601
4743
4862
2841
3987
6668
8561
7354
5755
5924
4026
4690
9027
97
5781
9218
3300
856
229
5049
7311
2042
1092
9425
3589
2223
9948
6230
5158
6453
3998
8480
2387
2140
4755
9784
1713
6849
4842
5124
7717
2183
6891
3509
8518
4197
3670
1972
5682
536
1221
6011
9698
8466
265
1559
3650
5437
9252
1764
6720
2330
2196
9302
1925
5545
2302
6886
5342
5997
7505
6450
6013
5105
7332
5127
5150
7583
906
9391
8553
7976
548
4621
5232
7987
8782
3921
1875
3196
6133
6276
7597
3078
8404
5387
9986
7589
1584
2972
1894
6783
6629
9685
3031
4770
9997
4593
1134
5137
6408
6067
4530
9860
3210
8744
1781
7575
4070
3937
6763
8381
5010
2145
9863
1229
8853
2935
6700
1944
5141
7561
5998
7934
7497
1769
1346
863
1590
461
7989
4188
2787
6738
6787
65
1745
7736
9867
9660
3605
2411
3519
7646
6208
3513
1772
4484
9821
1802
5916
7062
7892
9189
9995
8847
68
6595
2363
1441
7397
918
5984
3608
5948
2574
5594
8272
5357
9797
9483
1117
3067
7040
8339
2730
4041
8351
1725
3984
9996
6861
1042
9787
4545
927
6296
3597
6742
7940
9997
5150
5373
8425
2262
2687
6426
9910
1698
3634
7918
3500
9126
23
2319
4799
3995
851
850
7265
4805
1716
4869
8379
1444
536
9876
6197
9063
5021
6277
1996
1530
7417
9800
4332
5743
4641
4778
5651
6304
4131
6653
8091
6065
6496
7735
1018
7468
9745
6931
5445
2747
9476
3134
8280
280
6993
6980
1726
2811
229
847
6677
7356
5922
1969
1709
223
7986
9055
9353
6073
5199
961
674
5063
6778
2314
4948
2800
8858
8728
9318
8089
832
9248
2053
4282
1520
4052
8750
7660
3052
2839
6075
3284
9976
735
142
4526
6026
794
9482
689
7578
9371
7548
8515
2460
3216
3502
4679
2032
8925
3953
1500
1528
8588
6523
6673
9915
7426
8702
3933
305
1692
3020
2359
4886
7390
5087
6042
2171
421
6774
8063
9245
8628
510
1461
1700
3538
1822
8303
550
4071
5628
4126
8886
4574
1755
1388
4212
3468
4611
8599
2091
5549
384
5885
6350
5189
3628
5069
8129
7459
2507
1610
2150
5890
2255
2900
8077
5062
4972
6376
5604
399
3383
6234
6064
8894
3472
312
5635
3699
1830
8703
5810
8175
5971
3696
8244
4624
5110
6511
9910
6752
174
3090
1563
4017
1976
2996
2318
8854
3310
9149
8495
8234
2995
1692
2165
4149
9821
7456
1716
3316
9434
4430
5628
3804
5800
3975
9918
8559
4655
3452
9952
8461
6466
8851
224
293
4670
2047
6918
476
7993
6780
388
2681
207
7575
5179
4279
1530
4094
4803
7653
4795
6594
7317
5744
7461
7759
8216
8000
3077
3759
4199
9858
9197
34
1768
4143
1467
1872
9479
7773
538
1239
5322
2654
4041
2947
3597
8225
8795
5639
7028
560
8648
2298
3665
9871
1533
4480
2831
6910
3831
8917
7398
4234
2580
530
3483
172
5806
1035
2811
9658
4615
7030
7115
3555
1272
4663
1702
4513
4162
9990
9204
7438
6731
3638
1209
6898
6368
1896
2609
6987
9040
2569
3942
1620
3840
1087
73
3511
9464
3424
2418
7759
2827
7369
5945
1618
5183
109
8599
6870
2777
8317
2748
3840
9712
9959
7503
8942
9320
6585
3803
3909
8426
5823
617
2045
3087
5494
9714
184
4589
8191
5049
737
7572
1445
4611
9361
7692
9591
1714
6259
3297
5739
4210
722
9821
102
1908
3881
3584
1131
4191
2878
9621
8508
9333
7004
6751
3899
8531
9689
394
8415
2280
4585
3268
2010
6267
8267
5348
8141
1249
9729
4870
7544
612
2686
1613
9895
2224
2984
3585
5833
6599
3458
4000
2170
1116
9063
2111
7606
2610
3792
1060
2025
5864
4882
3458
9624
7454
7810
3834
3640
8532
5443
9881
4462
8008
2076
7896
6646
5390
6856
1675
5546
6103
4561
1815
8822
585
1097
894
7204
6155
7741
5530
7456
8668
2845
1680
5730
9228
1989
2440
4413
9150
9944
7301
1155
3577
9538
4161
9039
1167
5465
2216
5754
2117
5513
5921
1302
3066
4636
9038
6356
6916
6630
7485
790
9913
2424
5793
5163
396
2165
7417
3401
4415
7261
6396
6159
7259
659
5244
1047
6935
1854
6037
690
5525
9776
5339
3154
6923
377
2663
4592
2950
6083
7497
2519
2459
6511
1242
1152
3744
8998
8642
9001
8047
8814
1338
4856
9117
9762
4043
2407
9391
7991
9421
5061
592
6794
5265
136
7085
2638
8239
19
9501
2825
451
8332
9764
3876
3699
748
9416
4091
7302
7937
3212
7035
2643
6710
8438
483
4037
7161
6333
256
5200
4958
6662
2435
1927
5664
1245
1106
4067
1106
758
8623
9499
5221
8363
3005
5092
5241
6062
3294
2990
5299
689
1483
1849
3556
4151
8554
1697
6601
8601
1078
3685
9244
7625
5492
1669
7328
1949
8034
9502
8309
24
6195
7179
4588
7535
7421
8346
5432
5391
8796
1099
3039
7266
9900
4269
5178
585
8370
1513
2691
9408
7465
2505
9680
4937
254
7596
2871
1335
7763
3291
8027
3792
4680
5275
4493
4304
7261
6021
6729
207
6265
1210
9805
9979
646
1978
7724
1222
6491
6743
3578
6521
6811
8901
2558
3690
7499
9650
7280
9825
5475
4096
7627
5504
3071
9246
2585
4624
9776
873
3324
2349
4784
2483
3143
6254
2700
9700
4291
8276
9871
1649
4844
1019
9713
1506
6980
5779
2717
803
6805
7610
8740
6903
4732
2168
3583
4300
6907
1399
9393
3099
1446
5617
3419
1229
1737
4327
5757
6303
990
7798
5359
9004
9953
3825
9252
6608
5791
1565
2265
6805
1907
8973
4068
5713
3608
7880
7750
974
2671
8399
2793
2892
8882
6772
202
9226
7600
8483
9768
2653
21
6414
9812
9007
2251
9735
6950
907
2916
6974
8509
5342
9133
2587
1192
2473
1549
7705
7621
3857
6577
4783
3631
2590
5004
2466
122
3181
3623
25
9008
7307
1796
9612
6784
5492
9160
5060
3462
3873
929
6843
8058
5697
9889
7450
3758
6294
5579
7729
7677
9894
862
5911
6075
5238
2782
7222
4002
9784
9613
3768
7283
2891
7966
1201
3546
9520
5803
5700
3313
6489
4242
3747
2927
9733
6724
7934
2701
7554
8707
3827
7602
5893
2347
9113
6445
5884
3536
1546
2709
1937
1057
3678
4260
7160
9559
5166
7730
8687
3904
4238
491
9879
4416
1188
5652
7114
2983
6342
8513
4848
4521
6448
1076
5785
6166
1390
543
8853
4755
7661
5983
4257
2990
1375
5431
564
9487
5767
173
1558
203
4013
3649
4469
3336
7722
1477
1159
3460
9331
2900
7194
3032
7861
7416
4609
2602
8474
993
8169
4623
8877
3931
6242
8254
6233
6889
3040
5756
5088
7626
7216
6168
6955
4644
507
2798
6606
2448
8444
9912
9383
5392
5424
4761
8789
1224
5128
3958
822
7961
1013
4773
2004
6934
1326
81
7407
6215
7103
833
8436
5402
8372
1705
5683
1026
6077
3216
6909
1810
5995
6026
2549
8257
5239
3484
8507
1481
9465
5008
1760
9082
4934
7126
6613
2443
4164
20
3318
426
5391
391
5345
7610
1475
3981
7020
3719
9077
7762
5147
1912
7049
9011
1966
4986
2223
3746
1695
7841
1573
5926
6749
2094
9073
9354
468
1245
5091
3239
6862
6056
9898
6482
6419
5604
681
4939
6781
1258
6464
4788
2403
1702
9861
9848
2033
5922
5160
1626
220
417
8325
5476
8852
9464
3641
3250
8537
2121
3513
5774
8627
5837
900
9090
2013
566
2592
6362
4305
7284
6965
436
1377
6784
3522
5046
2232
9224
7320
4545
6085
3465
3019
6445
7731
4422
7629
6954
1962
7430
6401
4660
7744
690
6161
6566
802
771
7834
1466
3329
8797
7320
2936
3451
7888
4098
2067
5942
8594
1018
9312
4800
8967
9688
5161
2817
4455
1359
7591
2937
5638
4399
6875
882
2305
2692
687
623
6956
4244
1461
1389
5854
1215
7288
6144
83
2993
9842
323
5561
1012
3368
6412
7089
9859
8777
1001
999
3748
6347
9412
243
8529
7691
4398
445
2054
1146
5196
3411
1444
8986
4350
9556
7922
8946
7751
2400
9016
2734
1461
1516
7268
7375
4626
1031
463
3793
2445
3914
9685
9623
3207
7896
2049
1146
7325
3524
2889
5699
8029
1846
4646
6912
4117
2026
9018
6855
9166
913
1025
8601
1983
1013
4885
7896
2975
1153
3065
3366
9981
8260
8701
1281
3725
1821
5778
6453
7507
6776
1620
4227
9510
3317
4705
9615
6869
355
3258
2599
2013
3607
4626
1531
2889
1084
7640
2194
3011
4153
8171
6171
458
9522
5718
9768
3144
3364
3186
2295
6248
2564
9348
2390
9292
6797
9090
8666
6308
5269
1026
2619
7895
465
1353
6373
3634
7169
8392
2641
4180
3583
3441
3353
8604
5449
3769
9987
7598
4937
6470
3505
7169
962
6351
9448
4259
2236
2239
6091
1993
8974
5886
7741
3127
5552
8275
9992
8169
9344
6134
5975
4972
545
8114
2664
9123
5994
3785
3843
3028
9102
1067
1370
8799
7520
5449
6933
4113
1905
2114
1397
4930
2300
647
5206
7697
5700
226
3052
7173
3776
1818
8254
8803
495
8533
6623
2847
3687
325
8264
8451
8396
3063
2890
7907
4515
8942
5606
102
1342
5879
6264
7229
4736
1045
2671
9898
2908
4967
3422
5768
732
6669
9252
7284
2812
2567
8303
8987
8826
4085
426
1579
3850
2945
6533
9237
7756
7299
3181
6757
4620
2950
5831
7897
5554
1025
4066
9450
5862
6725
9939
8720
6902
2496
7718
1726
3811
5606
5094
1947
638
6618
1276
7256
5452
4684
3379
1790
4511
3433
2142
5608
1785
6665
1147
7782
838
1354
1729
1787
8501
8853
3125
2100
4146
1705
4677
1353
5227
4806
5426
2149
2204
1233
6119
8001
1673
8574
2444
869
7645
2275
4938
2429
4583
4330
6934
237
1348
9936
