8954
7085
1735
939
1934
9983
5593
1611
6901
4354
7780
3667
7870
7446
4816
190
4495
7905
216
1340
4125
9541
7859
2859
8397
8876
2925
3641
5178
1953
2532
9325
5502
4318
2022
5386
3757
4006
9247
5002
9582
9868
8854
2888
2805
2000
945
6324
7727
5375
8615
8952
7303
2042
2246
9412
9225
8876
2542
3057
7057
1952
6432
4948
1821
8454
8165
3551
5424
9430
6433
488
8657
5214
1758
4256
686
4970
53
6397
7931
6601
5914
9803
3337
3579
2022
3460
2072
2609
6160
4881
1464
6189
7944
7629
3436
3906
1067
4350
3835
7394
899
8297
8942
8126
295
2089
283
7990
8726
4255
8822
6145
5126
456
6037
6629
1610
8241
6432
4704
1479
2814
3269
1552
9024
2467
7269
4128
820
6780
3903
5702
2562
537
5701
7616
860
5211
3284
9933
3176
4081
3883
1905
6058
5319
1063
7488
1591
6806
2295
2825
7918
9130
5914
8085
5027
7390
9102
7827
4819
6154
7170
1945
351
3119
3582
4588
4755
8421
5768
6399
4956
6498
1528
7397
8930
1363
5493
3705
1404
9781
2536
4013
4485
1077
7784
3432
4622
7615
2589
3470
6108
5457
5113
7021
6911
1938
1553
2939
1736
6474
2733
3170
1038
5895
7869
1419
7601
8517
9155
3664
1896
5396
6423
5038
3618
3156
7460
9274
5335
150
9966
7139
5831
2298
290
9499
1385
4506
486
6992
9809
2554
1969
4929
7048
9365
2975
8589
3207
6364
5830
6105
8460
8925
1573
712
9033
75
3403
3754
4478
2279
7603
1585
6508
5593
7339
8739
5604
8369
34
3095
8031
2162
3854
9342
3427
1493
7990
4252
181
8870
6066
8970
4320
3861
8678
6906
724
9578
465
1309
1102
6731
2514
7530
4950
383
8421
1454
2026
4235
2985
4838
6330
2735
8073
6297
5070
2230
7284
7540
2084
9151
3573
5607
6212
8633
7264
2646
6914
432
8015
6025
7904
8724
1992
1299
9648
6323
4392
3043
3071
6535
2225
5945
5885
1228
2639
1585
5787
2381
1835
8493
2294
2925
9225
1951
3157
6906
1317
6316
3119
5775
4539
1594
6220
6959
6933
7605
742
6774
6649
8747
7838
4240
4468
5548
6925
7628
9722
4984
5993
5679
6859
4533
8596
9521
3731
4979
9499
41
8141
2741
5006
8075
9924
7296
1996
631
9724
8926
4294
5034
842
9013
5731
3088
655
8053
8456
3676
5025
5529
7184
6332
323
7439
8916
5
2998
6699
3227
1954
8106
701
8632
3908
3740
9763
4316
7171
3552
6294
7903
796
690
959
4836
7845
8802
5507
8866
5677
6522
5823
5015
2612
5557
8673
7751
2484
8380
1990
7632
3025
5698
2339
6927
140
380
1823
9347
891
3737
1284
123
8730
7626
6388
5642
9363
2603
1070
1203
7490
7833
7549
5431
2283
5685
6020
8350
5067
2011
1831
8791
1561
8662
4877
5097
8350
4032
4696
7464
6978
6159
7974
1940
5238
5699
6285
4985
9169
3030
8388
9881
7310
787
142
5192
8148
6908
4644
4455
4360
3472
4280
8880
1905
2493
8561
68
2749
1290
7292
5331
7907
3605
4225
1330
9858
5608
193
6583
9400
1034
9181
2036
3623
1950
1481
774
8519
9685
6948
1442
9387
241
3104
3505
1879
9094
35
2745
7137
6217
2236
7878
5738
3056
1974
3704
6561
8811
5333
2540
6714
8060
5054
3326
4291
2243
5256
9954
1012
7787
1548
3064
4341
5850
5944
7665
501
719
9451
764
5573
7447
9445
3182
8797
1302
6298
566
9976
7776
4212
9707
4351
4408
4727
1326
5186
9777
9214
9635
3837
81
1733
9350
4668
9172
3537
9888
7112
4308
3203
5842
9360
4568
6966
9267
8615
1871
4528
2988
5945
4689
9978
3235
3574
1840
8712
9932
1123
4617
2479
723
1504
9816
6927
5492
5714
94
8514
9625
7764
6410
3454
5667
4572
8370
347
9782
7441
5459
2711
3314
5249
6226
3689
9147
102
8497
5776
2827
460
3605
8765
2494
1828
2479
4337
9543
7641
1474
3552
8520
3357
4902
5223
9535
1235
4310
8663
5203
1493
8929
2490
5663
1906
9165
5474
5278
6127
7779
5389
7217
4318
5686
9165
4159
7645
959
3839
2093
4033
804
2141
5967
1907
4190
9956
346
1002
4153
7912
5792
9834
572
1334
1530
1114
3101
588
2663
7005
9058
3416
9861
6085
6335
4202
7671
5737
1063
1890
275
471
6570
1170
689
6788
6523
3755
7715
9208
5127
4276
1973
9867
9597
7382
3745
4351
7634
3044
4543
370
1176
5087
4974
7387
2279
9881
5571
9987
2285
4608
9938
2263
7636
5321
3264
9402
645
4742
4591
9346
2872
3454
1878
4782
1443
9994
6488
8952
457
3319
8102
8019
7347
9904
9294
1482
6195
3301
4508
6641
8183
7728
6923
518
4337
9709
2230
4276
4118
4342
3706
2892
8453
5197
7497
7721
3209
192
5944
2285
3393
6619
9529
8966
6505
1919
4916
7731
6026
1781
3206
7344
233
7950
1162
5144
6530
1359
444
1733
7763
2211
4834
6114
9612
5210
9566
2150
2407
1572
8273
6003
7357
2223
3247
1564
8198
7957
4012
2417
4793
4498
8250
2336
1136
6362
2659
502
4034
2353
1191
1849
9747
4210
4521
1181
1784
3415
9353
1295
2353
2766
5324
4453
3507
7203
9987
8010
4702
9597
6946
8572
7346
8026
6940
3265
3961
2497
4978
3250
2551
9063
8115
53
381
6424
6255
3146
7701
2065
9780
4783
8604
2717
64
2026
9173
3796
8829
3932
6375
4648
5800
4437
5406
2618
4502
1720
7269
1256
7220
9287
8436
6102
8744
3289
4651
5271
4071
7083
947
6840
308
2637
9817
2163
9968
4629
7962
4913
4091
164
3668
1046
6875
7902
3263
3677
4646
7763
1921
4535
5876
6445
4845
492
6346
2502
3972
6774
7375
3902
9725
1745
2984
9534
4340
3163
4620
3243
2649
9873
3758
2355
7165
7055
5619
7390
9226
842
26
974
624
6308
5161
6412
963
3863
7791
9324
5816
7466
656
1187
7538
188
439
1922
8061
7341
3561
100
9056
1403
5113
2048
776
3521
9280
7790
4872
8956
3275
3130
6747
6401
3278
3417
6583
6572
8570
477
5371
5295
7427
5183
9216
2570
4817
6976
6615
3697
9328
1885
7280
9926
1917
9221
1195
3113
5635
7442
4583
0
4452
6860
4190
7525
4439
1137
6910
7022
5338
1489
8770
3084
4728
3761
3975
9929
2831
8206
8703
2303
1174
1175
9627
1390
5850
6821
4484
4057
2221
3469
936
1128
5893
5370
843
566
993
1690
8130
3679
65
9593
8358
7839
3114
4196
5198
8156
5245
1265
282
7429
8738
2279
8826
3276
7233
2800
1675
7618
6653
2853
4800
1868
553
7642
7190
9357
2917
3409
8936
1140
75
5023
2238
1581
2817
1787
8275
1653
1622
6328
8811
956
3187
3506
2389
3614
6544
7567
3333
8192
15
512
7026
7212
4793
6489
7286
5472
7005
5840
5238
1836
2329
9141
7354
3714
40
7245
458
5445
4524
21
5995
325
4041
3844
8680
7046
5252
3575
2813
5350
75
743
1125
9562
7997
5026
6787
6328
4501
2802
4648
5782
1089
6975
8626
4046
6152
8674
3573
9299
7108
7888
3667
9993
4516
6701
3170
948
7808
239
219
3429
3027
9888
1760
1586
8015
7791
5717
5014
457
4130
943
1722
5373
213
9235
7066
5217
4634
894
6578
2
3514
8241
2186
7075
1132
5046
1295
1855
5839
8520
4261
2582
1219
2754
1201
5214
7040
6031
8360
2956
8559
8841
2978
6944
1945
4619
4302
7466
6104
5730
3173
9345
3641
3427
9512
1646
9573
4510
6883
2745
4422
3159
4618
5609
6681
9139
4154
7458
8034
1851
8177
8603
2534
3621
1442
4672
5263
5242
5129
6512
743
3829
5751
108
5346
4916
8941
7791
3241
9554
5640
2529
9147
5614
8534
5400
4223
7368
263
2806
465
6844
9431
4252
7553
4570
6810
19
1984
4840
6383
4331
9381
370
2002
592
7407
4509
263
1764
197
6362
4216
8479
6211
5648
9455
6919
5087
6042
448
7894
4978
2323
6047
3899
4397
1498
2555
775
8106
8921
5807
8401
3171
1308
3148
8777
3612
7941
7992
9714
7104
8498
2608
4102
2627
952
8041
1904
5115
9891
4932
5941
4391
8488
9352
7057
4322
8103
6195
5908
1954
9487
3658
1275
555
5815
5307
4902
2500
677
3307
7145
8050
734
790
6480
9714
1945
1271
3445
3457
650
5660
8215
3989
9865
4010
4683
1955
6090
4455
5508
1746
2083
7759
7617
4839
1332
3547
6812
5644
3139
9404
4437
6583
7786
7890
3656
7697
2872
7343
2377
6831
2749
2451
1303
3827
5443
7286
689
1805
623
2946
6410
6222
7798
5399
5966
2974
3172
1641
8382
8398
4459
7800
318
1246
1222
1631
6203
1974
353
6985
9083
8746
2078
8677
8996
9632
6456
3790
9395
4046
2857
5007
5021
192
2994
8215
8785
2386
1924
681
4525
1231
8961
3979
2372
4949
2132
57
2604
3812
1082
8714
1451
3637
3862
7663
4143
9121
6403
6334
6518
9382
2245
4335
5540
9452
2779
125
8252
3006
2846
3817
50
9671
2460
7852
9785
8098
6304
4046
7499
6399
1185
5583
2963
4142
3555
1383
6329
5330
4071
9663
5982
5589
4163
5142
8985
4625
8438
2920
2170
2007
1804
9597
965
7265
8663
1780
1176
6010
7877
6044
2816
2356
8835
119
8197
6661
1372
1397
5896
1395
3796
2921
8935
3182
7834
4461
5508
7318
8866
5160
9660
3384
1876
5492
4594
1588
4617
5697
5478
1774
207
319
7453
8026
6847
3626
6754
4043
6945
2324
3253
7040
7023
774
8211
8883
662
7783
9431
4202
6272
3857
7143
2716
6384
9432
480
3342
5524
6608
2044
5674
5918
4122
1188
3476
5468
908
6334
4207
7707
1464
373
6542
1907
2619
6361
1101
7281
5711
926
6833
6266
1276
5502
6349
3175
4736
1642
7415
3145
3411
8518
336
280
7579
1121
2901
9586
4734
3414
9754
1448
5223
6495
4808
3484
601
809
3765
3071
9378
6061
9813
5682
5210
9407
4642
8620
4839
300
731
9265
8919
1062
4295
2945
37
6261
4328
1497
3459
1514
2546
2296
1171
5385
1042
4780
694
2864
2574
3927
7876
4344
3767
7349
8705
4653
5070
8171
6479
4281
4747
4433
2683
488
2529
4161
2199
1862
3447
4339
6481
2267
9611
7863
3515
7517
4510
9824
8365
9861
7925
1974
7726
6804
1389
4575
7294
6946
4240
5383
1191
6156
5018
9178
6767
8113
9613
683
2855
6881
2580
8831
9417
8234
7445
5609
4733
5903
3834
1187
143
5245
9806
6617
6355
2773
6706
5878
9099
7954
6866
5253
7622
8064
3148
324
7249
432
1096
5401
7904
3826
6968
1483
7280
9094
2557
9492
9358
5780
9842
1391
3111
3052
5239
5946
6350
8400
2823
3994
1406
3734
1584
4901
14
7327
1208
1353
5085
7121
8359
4300
4806
8432
3283
6316
8276
8322
9337
7260
216
7213
6519
3319
8112
5474
2142
4570
2824
7202
3973
8849
7608
7102
3995
4169
2242
2067
1469
9953
7885
1203
4407
2237
7420
5541
6585
4678
9768
8923
7669
8028
9063
5563
3778
4192
7214
8265
6789
4539
5185
6638
8528
7883
3147
9509
6691
7703
4437
9113
4074
6209
6852
9383
9374
9012
2806
4282
5898
2570
8889
7463
4801
3900
9532
5945
9785
2045
3324
9802
6955
3976
5277
6929
4768
1247
2675
6523
9089
7910
8849
8881
241
655
4849
1460
1175
9679
6188
4765
1385
2931
2367
4219
5649
7721
1837
4627
8350
7202
9724
4646
4379
4634
2158
97
932
9922
4615
8127
6337
6283
5193
7987
3721
8
7221
4146
9051
8072
4770
106
5857
8558
8417
4023
1609
1058
1280
7046
9409
8047
8173
1887
8186
4203
4501
5607
8496
4751
528
1252
5064
8060
8428
5102
7738
4379
497
5641
499
7691
5576
277
2431
9617
8788
5820
6217
8134
8488
9873
8642
7568
8718
8290
8109
3305
9800
9518
5506
1614
5649
4300
7544
3517
5041
7796
129
3314
6285
7229
560
5639
6546
1718
2471
7895
9455
8568
5414
8680
9389
362
6262
654
2609
7496
9342
138
6992
4433
4578
979
134
8885
2042
1275
2733
8914
4576
991
5690
2902
1849
1259
9313
3003
1021
6999
5818
214
3849
1232
4103
6825
2224
5286
8037
6890
907
7545
8454
9991
6321
1851
2650
9580
5505
7661
9676
1195
5162
541
3992
4422
2989
6486
8512
5003
1340
9606
6474
2342
4319
6778
583
3346
6876
3308
6660
6755
3237
5842
8006
7031
2537
5699
6581
9997
8608
9733
7498
3359
7323
4623
5051
3308
7239
9681
3835
5738
6774
3034
5549
1301
1070
6111
5671
9543
1268
9303
2704
2196
1001
2920
7958
9319
2534
6960
1885
7290
9905
8515
6394
1607
2108
3114
5019
9696
1727
7274
6107
7195
9472
922
9980
202
292
6704
5960
6425
28
7038
8728
9305
7029
5301
2358
4402
6665
5731
774
278
7796
6545
5832
8259
6640
3942
9193
7955
1092
5975
7815
3994
3196
5508
2724
78
2939
7755
9027
5829
999
5459
7262
2867
9786
7088
4577
6806
756
616
3030
5995
6500
5828
9399
2926
5090
1721
3562
6350
7511
8005
5333
4052
9222
4734
6108
1520
2576
2279
1462
8910
6704
4944
9278
2336
9283
2964
8473
9551
9364
2386
7199
476
2944
1820
7494
7368
6109
9798
4988
1218
4193
2677
8318
2994
126
3209
3645
5051
979
3057
4229
8476
9153
4120
9290
1556
6549
7062
3642
2125
3248
4010
6985
5124
805
4856
1108
7401
7240
8740
5410
2778
7290
244
4716
4027
6625
6284
2210
6074
9318
3421
8571
6307
8157
8723
1322
8823
2529
5937
818
9047
6155
2863
7969
182
5691
3193
2188
5269
2100
6243
7811
2239
7646
1450
1185
8909
9403
5263
4930
265
4851
7568
2806
9827
5438
677
6967
2082
3534
2284
4872
1302
7922
6363
6623
4427
2274
4534
8335
3432
4095
6941
3974
3075
5610
6332
8660
6706
7537
2413
9420
7265
1007
553
4195
8587
56
8142
4743
5014
6226
106
1734
9815
1371
6508
4317
1283
4827
6757
6634
4869
6927
1497
6169
7909
3593
9731
4216
9106
2016
260
4544
1120
2864
7606
294
7368
2167
8036
4371
4132
9790
3321
7205
3989
5206
4158
1704
9102
2015
7377
1879
779
5779
4550
338
9509
4383
6286
4993
324
3926
5637
2997
5965
5561
613
6951
3764
6213
6948
9116
6790
2386
2502
5079
3606
4292
2180
2702
9435
8027
5114
7090
4639
8380
3765
5341
8313
7268
784
2985
5881
3043
4047
206
4152
323
1239
8428
4593
7207
7939
2888
5066
8260
5089
8393
3276
9471
6731
5217
2203
3583
5557
2296
8811
8546
8357
7584
1796
5271
8637
6495
5428
3963
3235
3746
8338
2295
926
3282
3052
3752
8109
2228
88
2226
2023
6379
3291
5371
2064
8842
536
5567
781
2298
7485
1750
1394
5605
1966
3654
6632
9321
8570
1443
7459
1103
5025
1342
54
981
8545
3449
2165
8451
5473
3329
2208
6585
6523
1978
4293
6424
3206
9794
5959
9861
3181
936
6261
6587
901
5320
1315
9397
7119
8788
3657
8644
4766
920
1353
1949
5316
1083
297
7087
3401
2330
6824
4156
9542
4809
9082
9988
9361
207
6114
8775
5484
7597
7922
4088
5080
3467
79
3224
2133
2767
1331
6684
9671
3564
1818
5602
624
2343
1108
2123
9497
8872
6459
850
4112
2105
7045
6092
6238
1327
35
6912
2674
4882
3159
7169
2997
7264
6868
1849
1004
7072
4953
634
999
139
4484
5978
2990
3479
9363
7018
9098
3991
9277
6612
1137
7071
9976
2975
6421
3987
6985
805
2731
4418
4010
4789
404
4649
2605
3360
5474
9259
1119
2424
3918
5825
9851
3972
7620
1067
3101
2758
1964
3017
7813
8683
5605
6547
6031
5926
7287
3892
5427
7016
87
4147
7902
6580
6129
9695
5573
8341
874
6003
1543
9839
2872
6852
2693
5311
7219
6004
5355
5354
886
4227
8841
9714
6604
5327
9183
3857
8617
6678
6072
1582
3831
4102
2337
9770
7923
3270
7843
7925
5493
4760
1884
5961
1473
7974
5810
8752
3853
719
8706
1283
8537
73
6130
5860
5306
8188
9975
801
511
1716
9723
4196
9930
9961
6008
8769
4515
2922
7388
3949
8161
7429
9860
6125
2342
2880
8240
8630
9516
431
3
7897
7971
4788
3044
3758
7972
6477
4464
9734
3294
7042
7414
3777
5036
7688
6030
1512
1966
7041
4237
931
3330
4757
3122
1107
212
4
3517
2426
9948
1345
1284
79
1713
1825
6224
5141
6916
2250
796
8037
8458
7654
654
1119
15
6083
1088
4654
6849
6727
6664
2475
6194
9071
4566
3214
1666
1937
3545
7968
2960
2037
9786
1949
5757
7334
2063
3211
1463
888
4595
9716
6245
6199
2472
5676
4102
2002
1091
4129
8915
8862
5576
3220
4680
8809
3885
2641
7258
3009
3474
4979
8704
2828
5077
6420
7867
8705
5361
2681
4019
7877
3190
5961
2132
6948
6230
9994
6599
8890
9111
9664
845
9415
9052
4097
6461
6566
7268
6948
3448
9421
5952
8454
7413
9616
1011
3416
1122
6052
7809
5397
6641
8410
109
1037
5671
9615
1088
7732
2578
3891
6042
8368
3897
3810
4133
9288
3775
980
9959
1301
1436
8413
9233
4597
1925
4736
8548
2515
5937
2813
8872
547
1081
3714
3023
2435
9306
8015
8425
6846
5477
9535
4369
9556
3379
7583
4556
3602
5482
1722
9641
141
6092
6507
3960
8228
9176
5511
9111
935
1066
8572
1795
9765
5019
5495
7287
183
787
1698
9982
5760
2554
3113
5823
1901
4043
9676
1218
4341
180
4945
7033
4214
3172
8730
4454
4573
9754
4794
3258
3795
8903
7490
5779
6905
7740
4604
4537
7884
296
4372
2814
3783
1740
3881
7587
2979
684
2059
4184
9500
4292
4770
754
6121
1538
7580
6593
6289
1040
2713
429
5992
8439
6186
6856
5064
7334
8917
4160
9439
5138
3334
4045
5807
2130
3250
2474
9290
1142
1475
3889
7694
610
3757
9502
4133
6735
9657
5367
159
8010
8247
6843
7583
3943
6822
5343
5553
7024
2522
5644
1766
7898
4745
4361
958
725
4946
3990
8288
5106
7302
5146
9565
8824
2734
5382
4682
6684
2723
8328
7676
3550
4001
1428
6891
6490
6461
1864
5308
7906
6920
2266
8620
5830
2123
9795
5864
9396
8543
3408
1789
5666
7078
5052
708
3101
7277
8758
1208
1439
661
8869
4301
4194
7968
8215
3897
3316
7470
4467
4263
3082
8682
381
8186
5036
6526
3735
6701
2939
9517
5286
8140
9315
6539
2009
6472
8948
720
3789
9212
7703
656
3868
7244
8050
7965
4425
7862
3907
5898
2548
1925
4075
9144
8706
6984
6696
6866
5672
6574
3542
2057
8269
1922
5375
728
4985
7655
5958
1743
4949
2596
3680
5254
6560
2426
4813
3137
135
7071
2100
5873
2793
7041
6969
3360
4064
170
7832
5025
9775
2082
5048
7214
5670
5645
2386
1946
1869
7322
2979
6770
1903
2163
948
9951
8244
8820
2584
6280
2170
3559
6730
8600
4474
7669
9263
1228
4952
2014
6664
4815
9822
932
1968
2867
7548
6465
9584
914
39
2867
1267
2813
4091
5330
3969
629
6092
7018
5116
5243
7586
1551
2855
6215
5351
6447
2740
8000
6381
1158
6993
9854
658
8164
6947
970
195
8081
2402
1778
9236
1669
6241
9302
2291
3917
4508
9144
3699
8634
5135
7934
6898
1420
7228
8271
8077
5752
7515
1100
3725
1583
4533
8880
5873
1413
2155
5927
8382
2999
433
8010
4615
3337
6007
5916
5309
3552
3923
1434
1938
3596
4300
7747
6022
9059
2956
9237
935
8676
2892
4443
566
1302
8053
7652
7135
7360
3428
878
1761
8580
761
700
8200
7125
3319
3560
5413
1312
2961
4525
1828
6080
9162
128
7282
6786
2858
6814
8457
2917
4992
9705
106
5990
7444
3313
5284
8354
8780
7949
123
3045
9672
3357
2834
3600
9546
8897
5739
9395
3824
9622
5715
8367
2615
4485
2139
7924
370
349
4502
6613
2421
8844
3588
1056
594
2209
9680
6
8276
7058
2531
5012
4401
8783
6407
5804
7293
3682
7239
3960
1075
9062
9092
5369
3989
1738
3375
2958
1173
7359
7984
8431
3446
3509
624
828
9769
1778
3005
7336
9216
5733
1118
6766
7091
703
3966
3831
8077
6335
631
6687
3109
541
5538
3359
9752
8218
7066
8856
8834
6721
8833
917
9073
4100
1565
891
8159
5579
6035
5515
677
9902
4743
5341
7944
2326
8278
3286
7772
9543
4881
4837
6728
1297
5321
2904
7971
7264
1075
1550
4712
4149
8502
2495
6900
200
7692
2990
9138
3074
5672
2497
300
5115
6009
3206
5798
196
5415
7425
9940
3779
1083
9291
1840
3995
4189
7776
8778
8660
2920
894
4504
4484
803
6528
1400
2248
8441
7743
4633
5287
4148
4697
3870
2383
4537
1612
5287
2114
7106
7774
1849
3650
1610
932
3065
9210
654
2905
6010
9915
4211
477
154
4778
7993
5815
4312
9481
1806
3549
1755
7671
2792
4652
9631
6385
5420
9456
9457
2577
2489
6664
1554
5145
9044
853
2874
9871
3462
2189
1593
5536
1732
4717
1075
3671
4543
9091
4389
8722
7300
5805
308
3557
6019
4178
857
6957
1300
6679
3789
1198
3448
3433
7426
7547
8923
5008
5734
7139
2941
4441
6019
9616
1956
6218
5938
8074
3577
5960
1842
6329
5067
734
5276
6684
6355
7997
9126
4866
9995
5917
8570
6782
8399
395
2088
8298
7291
3527
4748
9535
3357
7250
5781
2858
9786
692
1600
9800
8239
2783
3379
5340
4837
7460
6131
2713
8156
742
1192
926
5882
867
7143
7023
5871
9236
1216
1560
4130
7639
782
49
1212
2306
2972
7816
4953
2418
6897
5663
6396
9325
6626
7212
2537
3229
1944
939
4264
9375
142
6549
2335
3821
3652
2489
106
8757
6987
549
9475
40
5670
599
2001
3329
4128
2530
4488
8314
7759
5738
3844
5528
4530
6557
4241
9931
4486
2641
7291
277
7296
4755
7497
4233
7714
7390
8654
482
7710
6196
5430
6348
6188
6355
3654
6027
5211
9207
9100
9414
6450
5950
1616
4403
2704
6807
9291
7095
8248
174
4271
4345
3258
9198
2744
915
3101
7767
5615
6738
3876
4005
603
1562
308
7496
9339
8174
2902
8213
4720
5278
3541
7877
3826
1346
3139
3094
1528
906
8098
1558
2234
7535
1924
1084
3090
6990
3611
2739
2925
7443
3592
2362
5537
2444
5346
53
4095
5208
7467
1117
4193
34
5454
8993
804
5380
5371
1397
7776
7
6238
4708
8639
2317
1771
3067
9638
9223
4406
2349
4562
163
5288
7277
1686
1178
2339
1381
5999
3085
8999
6320
3439
6981
7365
2200
2081
2931
280
7709
1618
2213
4962
2917
1204
8883
3722
3219
673
2278
414
4871
802
5117
6554
4030
4745
8176
7307
9625
3040
3990
5398
4690
1008
9918
1269
1658
4952
9571
985
6706
8943
6696
731
2348
5200
2370
6072
2802
7456
9120
708
3720
2671
4127
5518
8321
427
3335
7454
3905
5624
654
4668
7628
6815
272
1909
1286
7613
2064
8267
1102
1292
3708
5928
4105
4386
4205
8830
2374
2104
4504
2169
3920
3281
1677
2019
6880
4399
2947
1230
1617
2117
7080
1081
8288
2027
3102
5533
4927
461
4785
5189
5391
852
9606
2428
8962
8199
1412
3935
6221
4505
5079
1800
1120
8485
747
4346
5138
8252
5028
6887
4666
833
6649
8984
4212
2626
7639
2077
1283
8672
3902
1913
7318
9314
6777
3067
3675
9249
3056
8681
2987
9011
5009
7112
7037
5280
9961
9803
1280
8756
394
6675
5432
7898
522
4558
4202
621
8216
6335
560
9334
2652
7549
603
3165
4481
1805
1707
7680
670
5889
5195
6347
3899
5654
5824
9537
1946
8931
2665
7835
797
2526
8277
7226
6480
9420
8792
2218
8864
3054
1032
6721
8121
3652
6359
7459
6509
3872
798
8155
8096
3599
8085
4504
1479
9085
3998
4868
8734
4665
8674
9284
3670
2724
8536
125
9272
3376
6685
5061
3013
9488
8815
7616
4856
8474
8226
246
9295
8365
3028
8074
8133
4509
9739
7197
4441
3772
5747
7394
5421
3923
3484
4199
4379
1748
3050
5396
5115
6233
8186
3133
7186
5736
5142
8607
4784
469
9648
3004
859
3751
5572
368
1636
599
1150
9161
2985
1338
5684
5499
7628
9290
9640
9089
6003
4615
3236
3107
5424
2829
5130
3061
178
9895
888
2397
9366
1132
2412
3971
4124
2742
6535
1669
8351
3115
2563
3780
598
3888
2411
3777
549
2687
5504
7896
6096
6052
2603
169
7233
6540
7580
8030
8620
2510
190
1741
9711
8753
9795
1853
8925
1712
1375
4885
2755
7971
738
2888
2052
9455
2509
1535
417
1353
2512
7491
4391
2991
6301
3313
8528
2243
6738
7584
5162
8504
3048
5840
2925
822
4068
1844
4093
558
4851
8836
1311
618
5140
8124
5314
9715
8117
7777
4030
6044
7612
7267
9998
2698
7350
6719
2452
6481
3324
6682
4974
3791
9723
4250
4923
4898
9962
1230
5387
664
7442
9859
6502
3676
6179
3772
7851
8176
7999
8813
4126
8960
3553
9118
892
5781
5841
226
3471
7348
9392
7612
7234
8168
3861
7520
895
890
3201
416
9752
6886
2389
3365
8601
7753
764
6321
6519
3577
8868
4276
8482
4511
2556
6013
237
605
3357
9141
9056
9736
7758
8038
1272
9830
2625
8334
9814
8658
2877
6960
4974
7582
9060
7239
6570
187
516
3139
5016
9520
3707
9894
8480
5116
9129
2722
5612
7848
7283
290
7532
4059
1360
16
9128
4351
2093
8771
5127
2430
6507
7860
700
1907
9301
899
5451
5316
9442
49
88
218
4125
9536
6028
7864
9558
6155
700
9902
2721
1966
1375
2586
9428
914
6222
9043
8110
2219
8093
1744
8011
2586
3013
5846
9193
6572
5814
8230
7271
295
8405
7233
201
7314
9934
1823
3987
1264
4792
5937
8071
5225
9708
4540
6484
8113
2479
8386
4676
6407
7206
7223
1955
8344
2206
1538
6522
182
8670
2986
340
2469
2631
2425
3561
4142
2385
2114
980
4398
5055
6846
7426
2156
3672
2786
2877
8472
9361
1080
4092
7428
3553
863
3089
1182
5277
1857
5107
8396
5300
3805
2594
1806
5596
5601
2594
7283
979
2342
5728
365
7406
278
1352
360
9796
9799
4671
9420
8660
8050
820
7589
8893
2912
8916
1767
9336
2378
8864
528
7006
2584
9097
1249
4251
5619
6559
8070
192
5594
7493
7019
5352
3727
21
3275
9511
2729
1386
5477
7185
5686
9735
7250
2985
5004
2913
2684
6685
826
7947
8600
3477
5199
3358
4822
1180
102
6108
4176
3240
6600
9228
3066
556
3800
2237
5165
2890
5641
2256
6606
992
3387
3342
1319
2848
1847
8264
9246
2706
3875
1385
9365
7647
8892
3541
152
368
5199
2094
9408
6621
7209
2237
584
6458
6668
6693
9184
2767
7747
9793
1044
8570
1340
7607
90
1857
2038
1973
9333
1838
6861
1469
9364
5215
9862
5419
1663
258
2085
4797
7691
3546
2848
9985
3783
1149
2758
4861
6180
5153
9079
6479
4959
4081
341
795
6306
1285
3451
8295
8329
3226
2761
7569
9759
5739
2872
5369
6595
1249
5029
8925
681
2950
2102
7497
5721
1355
3824
8941
9098
7177
5793
4180
2758
381
6510
5282
4874
9067
9112
378
6807
3789
6467
4465
784
5278
225
8043
8276
7389
8265
4930
123
153
5797
2009
1979
2843
5073
4951
7460
4510
9196
1152
7432
8581
4811
9377
9228
7589
494
7528
2137
4651
2117
6891
6482
7637
6713
443
1129
5781
664
1709
8912
862
4056
2604
4583
4501
3302
2030
3993
4160
2918
2297
4593
5315
7032
2203
466
847
8814
686
6894
737
2793
5472
8035
8905
5526
4342
6130
4629
3822
1678
3845
7486
2239
6570
4524
2206
4794
4727
4286
8464
3534
7976
1732
9820
2298
1167
604
4509
9976
281
6966
9977
4815
8175
8069
8584
4568
5677
8975
8960
5900
9363
338
1239
8451
7107
3075
461
7678
8260
6053
4087
6399
8429
7202
4816
3739
8215
6607
4358
3737
1620
4652
3540
4711
3868
2670
4064
8500
5939
7637
9116
5751
5326
2563
4170
7638
492
1368
5190
8092
143
6831
1716
4227
2879
3577
6385
972
3252
4845
6353
9070
4617
5222
4280
4711
6797
6528
4583
4436
9010
1960
1738
623
6937
8335
1073
5866
3031
7177
3247
6846
1416
6265
3594
4789
2936
9313
1832
290
6284
3091
5247
1094
1283
46
1134
104
8283
9459
841
3964
6785
754
9082
8182
5092
1093
7290
4544
2504
519
7941
6075
1598
9506
7653
8351
1627
9491
1774
7484
4695
4293
8152
5918
6712
644
9339
6890
7200
968
7583
3571
6336
9282
61
662
7183
5412
9696
1843
2022
7287
7785
5765
5150
9172
9496
1777
2393
2783
8477
8791
7685
3357
9268
2492
2602
3163
1469
4448
1753
399
7343
1536
2935
4370
9738
2315
9445
6990
1167
6214
9794
9931
5461
7408
6507
2386
768
7539
1147
7562
4497
4417
2491
8791
5886
2979
13
7569
8060
4019
3942
5248
89
1622
9944
6249
2829
780
9434
7180
2331
5402
1615
2262
8997
7753
7895
1860
5984
215
2395
3929
3300
4191
5902
2926
9045
4144
8483
6758
2302
1875
8929
7147
2272
4546
9841
3838
7463
257
9557
9987
8105
3967
5230
9094
2801
228
9794
8132
5083
8153
1584
7845
1623
12
1948
5897
5720
7018
7204
8685
2296
2675
4878
456
6472
4467
9990
4451
7911
4056
4396
5727
658
2408
5824
9333
8961
6807
124
8816
4349
351
1675
4149
291
1084
5524
2259
2597
3944
8118
445
3052
871
7691
5430
9088
4773
2621
8333
238
5343
220
1027
3756
5856
7186
9215
4188
2615
6935
8912
6894
8388
4335
1945
1000
729
164
5388
8943
7731
1853
3967
5938
3951
2674
9786
4716
394
244
4187
4185
1790
8578
9005
130
647
392
4434
3897
6308
8070
9982
7008
9205
3551
4664
6535
5745
4429
8358
4609
7233
9390
2506
3490
6253
5088
9804
3182
7400
4498
3794
2370
2747
4727
5103
9809
5330
1815
352
336
5730
1490
2635
9660
1870
6958
6733
400
8010
3250
8971
5964
1885
9578
6952
2400
6071
5515
3876
5559
588
1252
6497
1809
4275
7611
4260
4478
8447
4854
1205
3930
4077
8022
8879
5743
6755
2845
1619
9295
8355
9403
5172
4149
5527
7830
484
3169
7775
2703
3738
9814
7938
4792
9748
4477
4992
825
5385
4258
2697
2254
1952
3155
2045
5041
1887
3863
699
1208
5645
3225
3896
4581
7204
1184
6080
2347
6282
6445
7127
1091
6703
5744
1116
1391
5991
9284
8274
4401
750
5929
7460
7360
6597
6100
7450
2016
2104
486
5943
6621
2469
6566
7058
512
5918
3357
7588
8563
8397
2644
4542
8939
7131
1606
5551
6208
2038
654
9049
2602
5589
6298
458
9715
5764
6535
7984
1104
3733
4063
243
5796
502
505
8621
137
8686
604
5472
2634
1695
9710
6003
8105
1387
8521
228
4991
548
1242
9978
1450
1436
3340
1032
6171
6107
7342
4747
9382
5372
6484
4829
4334
2401
8746
8437
6626
2984
5414
7521
1434
5181
6414
906
5878
295
2353
8327
7243
6307
2993
555
2491
4085
8793
4359
7162
9473
2450
4029
1343
5856
6090
7261
5211
4881
1669
5704
2641
84
3602
2006
5134
3720
8544
6268
5022
2433
5154
5876
3754
9015
7503
3075
2379
5929
2338
249
3607
4386
1275
7152
534
1385
6178
5577
9090
9152
5695
996
8625
6648
5686
7159
2704
986
5421
8770
5541
2524
9337
4728
4319
6573
274
2328
8353
3015
4882
9282
2542
1419
2096
8254
8808
6450
1472
3748
7542
2966
7178
5869
6738
4157
7250
7105
3328
343
370
1393
507
3568
4707
1082
5049
6546
2833
3960
1110
3850
7224
6075
4270
6413
8453
7205
4552
7432
8350
6254
9514
1672
1228
2574
5346
3468
7990
162
9323
3168
8999
8009
2644
3489
8774
8974
6711
1013
3204
2262
3616
7511
2638
3692
5742
1102
1598
325
5703
44
2553
5895
1993
4116
1878
8835
2339
2133
5736
1581
8556
2670
4637
7942
4850
9214
3430
781
7638
9479
494
3538
4227
6088
2637
2003
9034
7536
6831
4243
1869
7665
4459
9278
615
3104
6016
8527
1610
9938
6635
4578
5277
1623
3706
945
2873
4696
8841
6527
7671
817
2686
6224
9550
9014
1667
5904
1479
9875
9801
4803
5301
1493
9712
891
8211
5359
7326
1746
3198
4903
9170
7700
2843
5915
8261
2604
2382
1691
9129
4337
8694
304
6571
1051
4978
8234
9727
1600
1436
111
7048
1735
136
1831
9276
3784
1910
2814
2734
7513
7369
7095
3328
2768
1646
4985
3380
3634
752
9063
3522
9787
745
5463
6109
4997
4921
8660
5912
9977
5631
5726
309
3087
7854
7435
7563
1012
6638
4477
693
9567
8957
1615
6968
1598
6975
3802
9405
9993
4854
6092
847
2373
6588
7261
989
4672
5722
4279
8862
3250
6902
2756
1882
1642
6786
240
4914
4210
7422
2367
6996
6274
8369
3955
829
9129
8494
4510
8021
1118
9255
5919
5122
9538
4878
7936
6498
592
6446
2890
5290
2359
5615
7443
2664
6200
9733
5326
4812
6734
8887
5194
2570
2486
9096
4573
4004
2633
6431
1859
6177
1211
6258
7743
3995
983
7634
2343
6764
8849
3741
4322
7764
4531
7077
4636
659
925
1290
4629
9396
3168
9698
1286
2231
4060
3348
2635
441
305
3932
3865
4161
4586
6712
4078
6101
7871
3448
1681
8566
7389
8561
5963
2992
4565
7429
8039
5408
4460
3913
3078
1343
1802
2463
3009
1513
4971
5512
9934
7634
4998
1902
6459
4916
9876
160
3178
7818
2999
8535
2787
7477
9608
6063
2007
4607
3735
8293
7665
6631
5309
7227
5981
6391
854
2522
2359
2123
3703
2565
1129
2359
3513
4046
3567
5487
2102
1046
3116
4404
4251
220
2409
5924
1125
5600
1734
5738
456
8401
7777
6677
7846
3302
2325
7771
5920
67
4062
7354
7801
1054
4114
433
7405
428
3964
5562
2496
6519
2505
2689
5177
3260
2379
5088
4817
56
5266
5253
788
6620
1667
5302
4787
4452
4512
210
1721
5795
9566
2034
6983
5762
6603
3197
6105
1975
8519
696
1636
6171
3242
3936
5896
5088
1500
4585
923
7237
2953
5863
4801
8808
6565
1181
9386
8812
5645
2953
5915
3753
3841
6700
6953
470
5705
9414
6657
9182
8982
2842
1537
4569
3617
4616
3377
7731
9405
9699
2951
9926
9287
4483
2841
3702
7233
8175
9196
5421
3810
7292
6329
5566
4781
7883
2330
6542
6983
5425
9383
2085
7928
1740
8254
111
4326
231
5191
1949
7803
1655
9407
5946
1
5988
4465
9357
3858
3250
3237
7529
218
1235
5372
1689
6512
5971
9788
5734
2285
6835
748
3980
315
866
1998
7547
6229
2729
9376
7001
2984
7246
7618
2154
7885
383
5564
8792
3417
2973
2683
3732
2187
1853
1867
6692
6367
6564
3599
8355
443
9457
9663
968
907
5426
5630
9135
3990
6918
3128
1129
3874
6235
4545
2971
3617
3218
3804
6128
406
996
2316
9312
4152
7015
1792
8462
8998
5306
1180
9664
9129
1021
6558
3526
7583
6650
1246
2458
4752
6429
4802
6498
9844
1554
9858
5952
7307
8896
3074
3148
2760
7470
7948
9447
7140
351
6815
3891
3634
7168
136
8683
5738
3463
1999
2852
9677
1018
5388
6967
1971
1345
1376
3976
6194
5818
9467
2597
7157
5840
1154
102
2232
8031
6903
