1047
644
155
7010
9826
2288
8430
2376
7181
7580
3726
7533
7087
3846
4458
4371
7441
9410
6693
2468
8864
1687
8932
907
1813
9933
2976
2864
1638
3373
9567
9242
3548
9425
6134
2479
2398
3428
325
7024
2318
8717
7202
8205
2617
6895
2217
9763
1548
93
2088
2619
7313
7002
5800
9359
1712
9247
5196
9893
9311
5566
737
3807
8013
4483
3984
7662
7711
1979
1973
4013
9084
9669
150
147
4484
726
8290
4918
7715
3212
1315
1544
1285
6947
1928
6545
3625
6774
766
3150
8231
432
7712
6752
7979
3395
192
8133
2910
4555
2051
9569
8119
8074
3535
7644
6852
5653
4875
985
957
278
2178
6099
4250
9193
2522
1065
2554
7439
4036
937
1212
8823
5782
8652
1956
3398
2167
1089
533
156
2007
3160
1160
1746
3424
3210
3412
4284
9693
7972
1898
9780
2192
7952
8254
1612
2501
8786
873
9127
5578
5471
518
1114
8357
9296
2292
4883
5687
3454
3485
3786
452
800
8271
9017
4939
2503
5768
9311
7652
8270
7746
6064
9039
1431
6630
7829
397
344
896
3381
216
1406
4578
6535
2641
46
3389
4128
918
8529
8596
6238
4486
8112
9328
1392
9681
9236
6673
9997
3017
1561
1474
7307
7725
4454
2075
6925
2666
4463
4485
5343
2557
104
3570
9045
6222
1735
6376
4893
9114
1640
8392
9123
9674
1507
1577
926
2102
5238
8147
1161
3671
898
364
8654
9932
7270
8809
8187
7971
6463
1461
6455
4043
3253
3681
4382
4542
283
5169
7945
2859
1779
883
1376
3168
2350
7633
6218
2876
1148
4823
7427
6315
3323
1672
1658
9739
4915
9112
8952
2926
8189
6922
2650
178
1937
5079
6420
7826
7194
6384
1818
68
202
8301
1891
15
8987
5485
7581
9636
2590
5310
6822
1640
4034
140
720
1581
2022
4642
9626
1170
6217
5018
4670
4857
8232
1198
1231
7270
1212
8392
5681
4764
3004
7359
6112
5021
9780
1643
752
9429
1530
9315
335
2879
99
1010
6144
1797
4359
4839
5803
2551
6757
648
3851
5183
3631
7033
1782
7788
4254
311
8423
4198
9628
2058
8636
6675
4027
5698
1800
378
3890
197
9639
6901
4683
1791
4758
7222
5054
9433
2911
6373
2588
3130
8007
2356
3507
929
1390
2747
9860
2963
5175
1219
892
6137
3250
8041
2373
9469
7770
8661
3039
5424
8661
6560
1008
6950
500
1839
2275
4560
2734
4821
7400
2050
1609
6498
4050
6280
3167
3097
4307
9053
518
926
5022
8420
6009
8545
8540
6716
4848
5584
1662
4249
3333
7163
4468
1447
1347
6557
429
9551
472
5300
229
353
3819
8841
4528
6752
3990
6093
6301
4672
4354
3986
4906
7735
1537
2588
940
1954
3298
5558
9711
7149
3158
3150
8716
4445
2030
2603
4932
6610
2668
4755
8581
5217
696
4668
4600
7167
4017
1788
2726
8755
9283
6990
9895
9347
2257
6732
9909
8759
5616
8475
6253
4913
5589
3079
7195
669
125
82
4722
1387
1160
9691
2004
9598
5405
9689
7038
6869
7988
3773
7936
1510
2832
956
7866
6168
3255
9368
2188
5297
2694
6173
993
4193
8502
3667
9628
7617
7473
3931
7041
3935
7065
1339
7594
9592
4986
296
3942
2567
9693
3039
770
1842
538
4742
2081
4633
5212
1026
7414
756
7894
9424
8692
4987
8697
7810
1096
1737
61
9421
9396
4057
6732
4000
4444
1493
3361
8274
1182
2958
5426
9620
5604
9654
5402
9150
3654
3759
1586
4994
2404
6446
6517
6285
6041
7641
2646
2607
894
7175
9200
2204
2506
272
3643
6713
5110
6537
298
588
1271
6938
9844
4455
5329
8273
3820
9038
9584
9546
4156
7336
151
5066
7016
2949
7539
446
7959
6803
8846
754
7380
4006
3757
3222
7114
5331
6010
8688
4040
7116
3461
998
3722
5466
6601
2061
955
7767
3820
3607
3023
1347
3019
1864
2052
7439
3256
694
9173
4663
8578
3494
1741
517
9558
5838
697
2107
1159
8488
3028
895
5506
7039
3874
9153
1343
1549
6347
5478
9491
192
2983
5238
7731
6032
987
1893
1169
9674
2075
5315
9514
9376
8538
9966
9256
3205
5908
763
1364
8848
6608
5331
579
2127
5841
5979
7990
2899
6096
1706
4346
3695
5172
8386
511
6502
2786
3525
4850
8803
937
1484
6413
7712
1380
6130
8501
3907
9897
8138
5640
5583
4114
643
3583
7651
4659
5603
191
5008
3903
8270
3578
369
968
5819
4203
151
9455
2753
418
2383
5913
2560
7910
5123
8918
2867
747
9711
7478
4082
3002
7957
6065
8763
9581
4528
4802
2860
1843
7183
3334
9842
4900
2666
7906
6043
6743
5561
1926
8349
4452
7143
7719
3257
9670
1553
2732
8460
8733
1791
4856
480
7529
9821
5268
5620
4303
2205
6237
9675
5349
6594
910
3235
9048
6070
7659
5244
7216
2874
6124
5185
7784
9128
9629
5858
238
2807
9092
8027
1796
6342
4127
52
2327
2854
2312
5079
7397
2286
1739
4537
9323
2251
3000
7857
6232
4484
4209
3599
3893
7488
1243
5858
5667
9670
2695
8401
191
9409
5382
1496
3113
8209
7878
9006
2467
858
908
6194
3758
2580
7846
4929
1134
1586
5862
5533
6128
1771
9625
5753
8598
5492
4134
4307
5098
8268
4384
2656
159
3911
4888
7988
6904
243
1424
1114
4372
3993
5390
5374
3576
8015
9841
1313
9642
6313
4724
4080
3808
7161
2273
8419
9783
9628
2898
7620
4075
3570
3908
4199
6473
8251
6034
9847
7692
9857
8025
891
162
4748
1161
2135
6381
4251
2177
582
5651
2820
4665
8785
3543
303
8848
2998
1637
6468
8204
7275
7345
3803
7038
801
85
1190
8901
5324
1980
9993
3621
9784
8288
3833
3918
9059
5999
138
2037
5532
7450
2315
1968
1255
8905
5123
655
6169
9402
3036
8209
1223
1653
749
3545
6358
7709
359
2049
5191
5349
6853
8602
5657
9199
4880
496
9710
6385
9788
6998
1499
4431
2671
9824
5029
1835
5783
1895
4962
535
2732
5921
8943
1784
2398
8130
7538
287
7559
1350
5640
8088
6846
183
597
3712
6310
2056
4025
4626
944
9783
9614
6038
6709
6791
8982
924
8516
4523
1926
8464
7087
4656
2617
931
9658
3873
6801
6749
2958
9423
8826
8438
1358
3411
7585
2487
9227
1317
5524
3727
7870
336
9590
2948
6307
2905
5074
5606
9147
6613
1771
3035
9424
7175
1000
2189
7566
9665
4053
2437
5254
7275
1667
1521
957
1175
4680
3297
9206
6495
1697
7199
8999
8198
593
6751
5066
9669
4624
6753
8798
1194
7601
6345
7652
5790
9013
4182
2410
5395
4921
9561
7263
3087
8472
595
8668
8068
1990
5131
8225
1776
6399
2652
4915
4572
4036
1225
6582
4249
7123
7896
5041
7300
3638
4060
9673
5322
3869
5166
2162
497
886
3810
1573
2136
9935
5912
9726
9998
8082
6997
7678
9492
8528
7021
4795
4949
1429
3080
1754
7787
7599
8161
8271
7024
4519
9962
9448
4412
922
3346
4199
6823
2969
7727
890
2589
1079
2779
4636
8123
1499
6584
6166
126
218
5549
8772
6616
9265
4724
3892
788
3412
4374
2898
2725
5539
4548
7616
9973
6464
5313
9076
4736
2797
854
6523
800
6131
2205
3869
8650
8444
3631
6288
1015
1995
8145
6806
8970
1190
2831
5147
6197
9453
3410
3411
8595
4829
8164
7050
6530
5162
4663
1659
6185
7508
1429
7328
9363
9025
7971
485
7059
854
5242
2344
9780
8086
1882
729
7393
7742
8646
8782
3632
166
2878
5283
9387
7442
7928
5971
7966
5155
7339
3487
3780
1971
102
3507
565
816
7442
9944
3219
2346
8088
5343
4210
1065
3630
509
2946
7435
9656
8788
6516
5880
8026
6019
4629
6146
7941
1921
1097
1999
2518
1903
3515
1755
8564
7809
7983
8375
164
6577
300
8701
5562
1286
2078
7535
1072
8321
3811
7418
3025
531
5499
8551
6971
7900
3945
4082
8877
4418
2874
5521
8847
1219
9827
6185
1827
2455
2501
5821
2525
4571
7270
3078
8487
7814
317
6740
3941
7094
5074
9620
8109
3678
8974
1986
6403
4964
4783
663
3864
3901
9497
5745
3703
4779
9854
4342
1458
5893
5707
8616
5819
7990
4893
8453
3260
2421
63
9156
7582
7204
141
1783
9344
3253
7411
5168
2245
7840
9781
6863
7671
1837
1957
8623
5074
1525
9374
3708
7960
5974
5281
8048
1386
6457
3800
119
8784
520
8726
3981
4900
5627
3081
6659
3759
7713
6400
449
7367
4686
2097
3617
6111
8843
944
3981
6032
6269
3379
1735
3046
6354
1195
1607
1922
2093
396
2887
9452
7292
6383
1725
9114
5800
1962
2044
8756
5297
4864
7360
5124
8925
6341
3274
3877
1663
1937
2543
5512
9819
4086
2515
7140
6991
935
8546
4431
1474
4736
1666
7317
3513
997
75
8302
371
4503
310
6881
8900
5225
734
1405
6019
6610
4121
13
7921
7729
258
156
7853
7374
9633
3205
3868
4584
2123
4865
3416
7612
7282
561
3198
43
1610
7928
6266
4971
3505
7160
1626
5662
6611
4593
3352
1109
1121
380
6813
8532
6510
3744
4478
1510
9463
6139
1363
6869
4434
5787
2379
5445
3464
1288
7943
173
8207
5975
4999
6193
3747
2949
4223
3098
8529
2191
762
5040
9853
2758
3462
1742
8051
4883
1101
3537
6082
1688
579
5471
6564
9396
537
7718
4780
6180
2197
5323
6649
3178
2902
5145
5380
620
4785
3561
9520
1379
2980
7272
5376
6322
7015
1675
2324
637
7394
8580
187
4405
4090
6519
5396
9528
9628
4350
2411
6505
8317
2349
9993
5439
8390
6675
9856
8317
6362
7431
98
7539
4017
4703
8707
3306
95
241
2380
8861
5394
4143
8786
3616
5136
2243
9087
6382
9749
5852
991
434
1150
3015
3062
630
7279
9936
7932
340
1819
4007
4274
9962
8482
2647
388
9387
7811
2090
9433
9386
1970
3549
1110
4173
3562
6376
303
6146
7587
3473
8567
509
6439
9664
6389
1002
1640
8076
6027
158
2309
2040
7042
1387
9868
8823
5134
2488
1855
9700
8571
7659
6419
1605
8464
7600
1904
8888
7068
902
9633
1785
2753
8345
5439
3764
3523
8817
6257
9385
7746
9734
6062
9274
7077
9929
6507
9723
4305
4738
1241
7814
4291
7887
4902
908
4090
4834
1200
8789
9098
2752
1008
5124
524
524
9286
8697
5947
6104
5300
6317
6230
2469
1953
8836
1596
7144
4527
8534
1092
2180
4583
2329
9661
1819
7493
4866
3442
4530
9674
8689
7617
7468
287
4994
8726
938
8750
6553
642
7810
3775
8200
9438
4924
1583
1821
5933
6065
9312
6946
306
2665
7696
6917
8168
8678
5463
8705
3030
4420
5254
1417
6429
6610
8699
8762
2182
6958
110
657
8394
7974
7891
3282
8404
6382
2891
4736
235
5672
8932
7376
5217
2728
8383
4951
9771
3369
6826
47
5475
44
3522
6222
2556
2358
1771
2827
6224
2821
9639
8975
5955
8655
8551
2331
4774
4414
8513
1786
5787
726
8470
7357
5488
7877
6199
3701
8227
3747
8990
8812
132
63
5182
8349
4452
1669
725
6045
4611
63
8511
7413
6033
9956
1421
6562
4176
6051
177
5357
4856
5039
4260
4748
1574
6164
733
4678
6159
8069
4600
2477
3831
826
8843
5892
3473
202
7879
3104
3688
2467
7174
5723
2214
1056
1324
5532
6455
9636
9525
2175
3569
3632
3956
5092
5802
433
6774
8287
936
6047
9885
6541
5462
6034
3582
5206
1113
5528
3089
3973
8172
7072
1669
2388
7865
8536
2534
518
4840
5201
8222
6523
8543
2425
8907
198
6869
3751
89
3039
3427
9592
2168
7641
2581
632
261
6179
7474
6117
4419
926
6546
5552
4002
6497
1963
1567
7227
7266
7899
6256
3447
5734
7824
3362
7998
3036
7127
3383
8337
7361
5439
50
545
8580
4903
4027
9806
7232
8275
6354
3044
8722
781
7295
9976
2991
8422
2409
8235
5301
6524
2823
5140
7171
6144
6433
9817
9219
2634
7224
9052
4090
7780
7057
5487
6496
5006
5422
1593
7935
1761
9994
8991
1545
3212
4724
4953
528
3385
5006
4613
4717
5148
3035
837
2616
4910
3374
2435
8469
4210
587
4597
1050
7301
8953
941
3724
1808
3480
7985
3000
816
299
3540
6529
3831
3594
3959
1419
1480
9289
5833
7628
2610
4334
8942
4745
6219
2871
1586
1632
2986
3123
3725
1173
5397
7940
4243
4259
3783
1228
8719
9905
7021
1612
3901
4848
9494
4308
8784
1315
9415
1015
6988
4921
4754
6969
8440
2966
10
6195
7504
8936
1894
6353
14
7692
6573
2367
1131
5891
9351
9700
7636
252
569
5927
607
997
433
4093
5251
1911
4087
270
2216
1970
6135
8804
6418
8428
9500
1276
4248
7587
3723
9782
8011
667
1598
6208
8275
7126
3176
2892
1964
9715
3379
6736
4351
8827
6362
7442
2533
5916
944
5593
4849
1623
4136
8043
1557
7768
5949
2703
6390
8074
5451
48
6528
786
7915
9939
9399
4224
5818
8124
8735
1194
8306
2501
8591
9398
4453
7591
2066
2057
8743
8331
6643
8130
4933
6388
6531
3554
4651
506
1177
472
6502
3890
4263
3330
208
3565
911
6423
8043
8308
98
2819
6857
3655
3316
1634
9452
2159
3315
8357
637
4332
9330
7120
3405
8397
5853
1527
3407
5844
9573
5312
6947
8262
4692
4416
8238
5260
9190
888
6680
5643
4014
434
8233
3823
1272
1278
3071
4897
4101
2492
7190
2819
9834
2169
4559
7143
9924
1810
7711
9383
3015
2198
8734
4786
5872
8594
8962
8900
3395
4191
2968
2427
1677
4994
318
8895
8887
9582
7124
4575
8455
8509
1742
7081
8121
4127
8428
2523
9856
1095
5336
7379
3176
7296
2627
1815
1699
3446
7950
2678
2315
4171
1501
9910
9523
4763
1142
4840
1850
5663
8255
342
4685
3136
927
4505
456
1653
6664
1745
166
6439
9043
2300
8855
5588
9251
4380
2367
8503
7195
5440
1631
4446
2259
4284
7008
1832
7557
3358
2985
3588
672
4193
2839
4993
2694
39
6368
8121
1359
46
6781
6205
2511
5875
5127
9200
1054
3934
5511
6761
2472
3347
8467
2815
8711
239
876
6642
7497
8623
4095
3306
8760
6578
5767
4850
9461
3862
2894
9212
8012
4245
7143
7149
8658
5425
1935
6384
9157
7807
777
3623
7846
6223
1115
7325
5725
24
6281
2454
9162
9726
624
2735
5950
3475
7445
5932
107
276
9739
7192
1039
6299
8749
8226
6203
1318
4156
3285
8304
4492
7485
9689
7845
472
5460
2536
5463
8442
9124
9436
7580
440
49
8286
3621
4408
1199
5183
7980
6002
6276
8880
8067
3584
2583
1547
7474
2888
1121
4407
5867
2996
4150
4669
2240
934
4889
5477
8014
4908
469
1665
1151
303
9612
599
6249
463
4605
1795
119
8973
5305
2301
8215
8604
1622
4261
7889
3913
5062
2574
7320
4717
3568
4583
6289
5380
6045
2687
9518
5721
7168
3071
5532
4611
7728
7764
3972
1983
5297
7011
8283
9326
4288
6894
7690
1849
6454
3636
9311
628
7588
4101
9846
7894
4344
6434
6734
5028
4310
869
4417
1917
2276
4398
1804
2234
6768
3603
875
3857
288
5905
8615
8051
4291
7994
429
6674
6892
4440
8925
2409
3375
8890
8132
3066
3224
7638
267
1294
1030
8943
7673
4427
2593
6365
7049
9890
5089
5456
5080
2850
2760
5454
339
1682
5485
1795
3603
6350
6005
59
8135
9870
1943
2008
8541
3386
6265
8737
9009
9130
3336
9580
2826
1345
8232
4187
5457
7925
944
538
1584
1436
9359
6075
9648
7921
8550
6449
7580
1429
4034
3917
5289
970
807
7802
2484
584
7823
3663
3624
6352
6447
5949
9513
3179
2627
8994
3450
1298
6337
5677
5405
5466
8475
6699
510
5868
2360
620
4836
9816
1157
7580
5095
9419
4291
1856
537
429
1703
4873
102
7281
6914
5232
4988
3410
6561
6468
5293
9555
2998
6282
5091
8357
8511
9823
2494
4107
7292
6615
8224
7203
8826
3808
5194
8867
853
94
8888
771
8456
3020
9594
1464
5575
8123
8551
3243
1711
7100
9307
5891
5327
5280
6817
4874
2489
6738
907
4467
9361
6429
3136
5088
6649
2898
8454
3106
37
6121
2556
6466
7580
4522
1099
9978
6687
3626
2782
387
1271
9251
2396
192
7307
2332
1876
3546
6990
320
6378
4115
9186
4420
1409
2026
9883
4506
4814
2676
9669
5445
3206
5589
4543
2840
8311
804
4181
6839
8186
8862
3955
519
3196
110
4033
2944
7780
4317
1022
4908
6115
9717
9743
8440
7280
3159
3112
9072
94
2181
8811
105
718
5825
6044
6807
5648
4466
4020
1071
9365
151
2133
7515
160
8666
1224
1299
7993
6939
6725
497
1654
4760
9330
3489
5846
6103
5560
5152
7691
5108
6744
6005
50
3849
9801
7370
4065
7225
7295
3314
296
9950
5542
5963
7583
2227
8279
8614
1934
1813
1079
3154
5456
8313
8451
5957
6495
2555
961
9545
8906
8868
3379
4257
3406
6128
7464
6310
8865
3854
7233
767
9644
3410
201
1703
9218
3366
5905
3618
7823
6946
3217
5878
4029
3590
548
1736
5397
3843
875
1509
6264
7749
4408
1428
6571
1285
2556
1455
4762
1968
9748
8080
4579
311
3510
2045
8112
6748
6739
3128
6649
7342
1721
1959
5650
7501
228
9816
5579
5728
913
5021
2978
5723
4503
1894
9002
8773
5132
7932
809
4450
8855
5854
7197
5136
1298
3717
80
8503
3624
8648
7103
7746
4859
8922
6027
2448
5777
9069
1057
2740
5875
9034
1055
4726
5101
8855
5808
1615
3042
9339
1616
8807
2318
2199
8487
5867
4762
513
6202
6510
9736
7076
2103
2264
7918
5232
863
5580
5867
6554
2995
6062
6874
8069
8574
9820
4799
2470
34
2442
7909
8464
5460
4285
7032
8295
5427
2660
434
160
7685
5263
2866
4547
3003
8799
6930
8791
6808
9869
7991
227
5748
6487
6343
5554
1932
4249
3624
8666
1067
2292
479
3760
8600
1271
1615
7818
5232
9622
9804
8203
5146
5706
8869
7732
3195
2327
5066
9775
2890
6008
5662
165
4450
7682
2716
8973
7941
1477
6362
1178
9035
1768
9092
5393
4784
9106
5946
1731
7184
9111
3558
7185
65
9788
5081
41
7618
8610
2358
9605
9182
3849
5776
5059
6630
313
9309
918
8555
2641
9877
3754
3259
8626
9167
3377
6613
3475
2947
4089
6380
3334
2591
3778
2449
8476
100
4662
2600
2674
1355
9330
9118
6757
1995
5186
5992
4033
8763
4470
9796
5028
3176
4542
9234
9803
3926
1438
621
1703
3428
4142
5662
8269
3225
5848
1258
1998
2610
8153
213
4647
8317
5880
1286
546
4636
6502
6630
3980
7385
2580
4712
8477
4292
1352
158
8049
4543
2645
4549
8661
4040
897
9246
7212
3668
848
3531
6147
3928
3993
1422
609
4257
5149
6710
7296
3255
8688
5167
7423
4808
6640
4317
848
9429
7185
3977
1872
5690
3208
7454
9964
3604
1552
606
7420
6633
4073
6878
3787
2970
483
52
3391
1157
4102
4220
9143
4642
2861
4793
5854
7478
7125
3852
7400
6580
8397
7783
6482
6871
1659
456
719
6539
1458
7005
2704
4542
9290
662
9181
1810
1379
4453
4324
6587
925
9691
5327
2965
4834
7230
2828
8415
1599
2485
6478
7699
3205
840
8235
6290
395
6916
1311
26
9332
6852
9698
7097
1515
4600
5351
2199
5611
4044
6098
2672
9528
813
5654
8706
2456
3516
2036
4428
7628
2304
4939
8972
527
5005
1336
8450
2426
2891
1414
4463
3141
4297
7254
4073
9992
8229
1450
233
1878
629
2803
7555
6386
3805
8171
2392
5185
9529
3834
6879
4879
6883
2398
7028
1912
726
6570
6509
3264
6901
9772
2720
2629
1635
9530
5230
3558
1580
8714
4226
2066
1802
2549
6998
9501
7384
2585
6721
6834
8943
3264
2897
9056
4535
9583
6258
1899
226
2160
9265
1659
4940
6969
4977
857
82
4926
4751
4274
2940
8834
3604
814
9608
4812
3077
4333
5400
7527
4528
8140
9848
9675
4321
3637
6874
3664
8093
2052
3272
3330
3331
9420
9449
2566
7125
4833
7571
6141
9418
2458
7834
2447
3893
108
9659
2083
9448
9722
6506
1924
6498
2699
7632
1125
1811
5264
2648
1339
3982
6418
6832
2699
1002
9610
5503
4184
1365
7041
7687
8243
6761
9259
8108
2070
306
7400
5782
4212
3977
4791
4216
8370
5546
1347
6831
632
1787
8323
755
1860
2185
6232
2159
3000
5625
5135
1444
4283
4605
5474
718
2406
2035
8262
5162
7239
4590
5562
818
4410
9482
8435
7362
9190
2201
8461
7153
9655
2778
4871
2397
3041
6286
5826
6058
529
7099
5108
6444
5171
5956
1499
9607
8503
4073
1809
6335
7283
6184
9591
6041
6224
7505
6345
2378
3749
8869
2968
798
7164
7981
1789
1505
9733
3077
7676
6120
6209
2203
4632
140
9482
9118
5647
8454
7983
8828
8859
5117
392
2126
9869
3470
3186
8829
6172
5536
9940
3447
2309
1660
4131
4309
9279
7189
4166
9993
9873
5425
6396
5689
125
5079
1551
9451
6559
7106
1857
7890
4394
4920
10
7851
406
5037
8112
8319
8318
904
6904
2140
6179
2761
9894
2972
6008
5172
9838
8457
4288
7989
8955
3433
8720
4703
2000
4789
1918
3734
2269
9066
3678
2050
9052
7388
1649
6279
3902
4242
9076
5847
1674
8968
8521
4255
9509
7363
5185
8578
3443
1387
7267
3399
3602
6405
5965
6577
9130
5703
3037
3323
6400
4584
8635
7838
8462
4129
3709
2506
1323
9728
1269
5596
9381
8440
6314
9986
4911
4464
5193
4637
9604
3340
291
881
1798
278
8447
2647
1422
5071
7149
8199
1204
5753
9446
7090
333
683
5793
5380
3654
2678
7254
3714
117
1671
4018
5161
90
5979
1666
4666
509
8399
3718
3059
4293
7753
6039
8184
5681
1061
1084
6252
2579
3070
4391
3627
8994
9224
9652
4228
8671
9813
982
6925
6085
6576
763
127
6259
3285
2556
5442
3405
2482
7689
2805
2035
6387
2796
2580
4644
7609
9698
2592
1594
1002
1134
7047
7279
391
6167
866
6326
7437
5995
696
7416
6792
6974
7717
6989
5912
1924
2395
8504
5641
2847
96
5380
1586
1591
2606
6427
7072
9584
1061
115
8390
5331
5083
5441
3716
2847
5867
7118
1690
9116
5967
6487
6993
5388
5242
9412
5079
5590
8731
5684
7302
4087
5953
8155
1037
1667
5693
8799
3560
4438
9253
7853
4933
581
9026
1461
1890
2275
3273
3064
6056
5277
6814
6525
6879
3609
8387
6198
6349
3194
1348
1482
852
5377
2812
4302
9377
6928
4403
2048
7153
7068
3557
7251
9862
8113
1554
6412
6361
3780
7522
2803
2317
5666
9628
2025
7273
9428
1275
7428
3279
9495
2450
366
3090
7771
7001
9556
7768
4724
2084
4962
7872
1224
5910
8988
1719
9562
6662
8765
2054
1975
9836
2568
5671
8544
9164
5185
5748
787
7028
9949
5652
6974
8769
7658
4617
3190
4161
2090
1112
1998
8643
1637
1696
2559
4931
1093
9756
640
305
7710
2765
2509
5373
1304
9658
9881
4694
4545
8606
1815
3807
6980
7695
2134
9310
897
2455
8252
4370
8529
5400
4572
7653
56
3331
8199
872
3112
3613
8071
5429
5108
482
9317
7183
3142
1600
7464
8000
4736
8496
9616
3483
9296
8191
1662
3942
9561
3249
4034
8637
1503
6269
1776
2310
8193
4856
5317
7973
1459
9009
1582
932
534
6386
8698
6498
8377
4951
6167
9296
4990
251
9634
32
5784
1088
8356
1865
1668
4256
1310
9863
9579
9433
3925
8839
8705
7007
8989
8285
6283
9491
6540
5726
6913
8684
2948
2909
9492
5164
5564
4610
7081
4737
3647
1252
6635
1743
6525
7105
6499
3452
6304
7202
7699
1719
1352
1101
2461
9859
7792
1369
5961
7881
3012
5499
3711
3907
3119
7100
8139
5446
2372
6504
8692
6700
2781
4841
5786
2673
2204
6962
482
1884
1785
2831
3186
9338
8027
5193
7331
1847
448
9633
7371
4195
8648
9199
1725
8147
7540
2727
8623
9424
8966
1053
1079
9800
8510
998
8938
6511
5314
9788
7655
830
886
4077
6095
181
2313
4372
5880
7925
9769
6291
4998
2739
9132
4496
8051
3581
3116
7639
5132
9477
8339
1057
2918
732
1751
3385
828
7028
6255
819
6533
660
1977
6541
3308
4571
3103
1543
5834
3168
6846
698
9655
2674
6054
8340
667
4013
2946
5356
3395
7674
4655
8178
2490
9828
1158
5363
8430
8927
3544
8851
1669
8950
9757
4338
761
2591
1187
3480
477
1573
1804
1964
2630
7640
1402
243
4678
3411
2718
6814
4081
899
7423
8858
6004
3799
4050
3479
3412
7740
3112
6907
9623
7994
9028
705
2917
1716
7578
8075
2826
9466
4878
1822
5870
2691
5547
4850
8426
915
684
5019
6208
6730
4769
770
1526
898
8333
6962
8541
7707
67
2736
8460
4897
2340
4635
8612
696
7326
2961
5832
4642
3987
4614
6020
5601
2988
3312
8251
9200
5053
2497
7055
8093
698
2893
3224
8257
9179
2018
3382
615
9534
5118
9399
2141
3362
973
351
912
6237
7729
3589
7723
9186
1566
2742
155
4750
5924
7910
5020
8710
9340
2654
7569
5681
366
4198
9447
1410
354
1517
5307
9578
5216
5107
8869
5215
3878
2239
2015
2961
7339
2962
7323
8908
9332
8906
9132
150
3069
3507
3254
4108
8362
1905
193
2464
1830
6460
2995
6774
904
9501
5882
6212
8281
8144
3969
6458
3872
4939
871
3685
5894
2059
1371
6378
5330
8660
6348
1459
5066
9296
8340
6847
8262
1199
1216
3311
4913
6405
3385
7418
9243
5240
2057
7837
7080
1111
627
1188
4937
2673
6277
8129
2636
9569
8213
6302
533
3815
7133
3169
112
1535
1708
1607
1160
9034
7949
7081
6927
657
1544
7467
1554
3453
4441
654
2
3533
9297
4219
8033
5160
6522
2392
3018
210
4211
8693
2986
4914
2778
1098
9272
215
7305
7708
3532
449
6677
8045
3162
3545
4260
4279
1128
8810
6575
9182
5127
7559
6300
7000
4518
2913
5135
4951
5012
9315
8588
949
4823
9255
4095
2013
7879
446
8194
1339
6147
6733
7121
9552
6856
1252
1057
4488
900
2242
1264
4208
3635
5028
3566
5427
8613
5777
6580
6358
5080
2354
2695
4217
1860
5727
3221
3906
9450
2246
6400
682
615
5236
3035
8394
437
6747
144
3265
1855
647
4051
2770
8051
4380
7313
9794
5688
8667
3399
2101
3866
1836
6258
3793
4037
2903
7692
1128
8030
7150
5037
8653
5841
581
3593
8399
1993
5172
4989
1866
5633
3314
4502
4433
8302
9924
6166
7480
8413
3427
8218
782
8846
4299
6815
8779
8977
9241
4356
7534
9054
9015
5235
4705
5609
5397
6928
7469
787
8913
7800
516
3678
1532
6467
552
7333
1825
5490
4112
6736
212
2714
4602
8932
4255
9807
1542
3766
4813
9422
2752
816
7454
2811
6617
8078
9797
8823
2905
2996
8697
6693
9499
5626
7701
7103
7313
7831
6263
1446
7151
3751
243
797
8842
6301
632
5772
1354
5590
5386
3702
5973
9491
5048
9700
6223
8720
9849
2473
7535
3001
2584
1116
8039
3518
3214
8976
1230
7151
2493
3710
7503
3367
2270
9000
572
6657
3969
316
7446
4025
7469
7315
7610
4994
719
8
578
8001
879
8592
7982
3789
3911
4150
1166
9127
2758
5323
3086
1656
4541
4202
3096
1675
6199
2606
7220
6047
9127
9566
4751
9532
5027
3509
5532
5269
3506
3044
2799
3206
8397
3228
6271
3901
5728
3714
9456
8120
7834
1445
3899
8645
7229
5789
9483
3267
4218
5934
8795
8113
2787
4530
8874
1313
3840
8449
8761
401
8617
5896
5620
9713
2524
9880
3258
1313
7930
9195
5947
2485
3149
9100
8213
7682
5667
6106
2303
9238
4026
2265
1051
7571
4249
4685
418
3867
4354
4958
60
7278
4952
9055
9502
1937
5824
4185
6120
7348
2530
8170
5336
5023
9987
6310
4963
3687
6316
1191
5645
7734
6146
9523
6374
6352
4845
8048
5464
7838
9462
9390
6958
2972
9135
8668
7532
4094
9597
6276
1858
1481
9985
4954
6707
5856
6928
6028
7584
7938
9721
6731
7551
3163
9312
2325
1132
5428
2680
3149
7091
7775
8721
8282
7886
3140
1212
2364
5887
1318
8777
869
4089
40
9332
4163
7749
1192
2816
518
9423
8817
463
7525
8116
2730
1839
3794
3659
6809
7535
2103
1413
6447
9184
4083
2760
1702
7067
3567
4643
4564
140
6266
9160
8852
2642
7511
3830
5149
4576
9940
2612
2161
3726
8274
7311
1195
165
5155
1300
7417
8704
9077
3782
6673
9455
7641
855
5249
1402
6046
4124
9249
5874
4859
8676
4197
8365
9264
88
4328
9964
8510
2233
7595
9491
9251
2721
909
6772
1565
1537
1911
2266
7226
5860
1062
2483
2486
9396
5000
6655
8581
3746
8530
5816
3362
6287
8866
9597
3113
2829
901
