5248
4115
1158
1860
2797
1151
4601
2056
6505
1792
1482
6981
1060
2540
6060
2585
2343
9586
5085
9772
2275
5279
3819
2505
1176
1383
5171
1171
3949
7314
5549
9152
7843
9655
4201
9963
7286
2784
1144
2899
733
5835
8038
1181
1113
8390
3606
9216
5209
9766
8273
2680
1746
9373
6631
9968
296
8652
683
1413
5979
3429
8107
9190
6242
2329
9138
1405
8339
6096
5298
9559
8442
2185
9038
6440
7240
2637
1391
2785
7776
5955
5962
4182
9041
2869
7405
8469
3023
4232
9667
8633
2100
9730
6920
7304
7727
8848
4938
8783
9252
2201
876
9113
4467
8713
4237
9561
334
190
2727
7658
7261
7897
3637
23
7467
3924
148
3373
4924
668
8381
4107
6429
6665
7458
8712
5265
1734
8712
8392
7699
2608
3532
5575
5079
6848
9715
328
8631
7844
8134
2832
1504
2009
1372
4203
6093
6897
9837
3803
8699
1564
3859
8584
3819
6769
2683
7802
1254
5525
4296
8600
1478
4334
9959
4652
4364
8062
4944
618
4209
9820
4742
7079
2533
5548
2602
4419
5292
3255
2619
8367
1897
4909
9693
6134
8748
4948
1755
8309
4165
1913
9073
3105
3548
9534
1354
7169
2049
6719
9838
8031
1952
9218
9594
8878
6822
6779
6050
8271
4167
8264
2509
7999
2906
5928
6702
6568
4641
3825
5903
9416
6306
6634
6453
2295
747
1636
3531
2999
4193
5432
2369
8572
3417
4588
6415
2678
5315
814
9311
1969
8897
3483
4142
5900
9403
1073
199
7620
2831
4786
2528
8224
816
422
1724
5318
2765
7298
8130
5185
3248
3051
4077
8734
5894
3936
4582
8317
9513
4024
1253
3826
4513
3934
518
2822
2491
552
2892
9674
1437
5911
167
9407
2904
4144
7756
2994
2864
1096
9913
8016
2684
4125
8720
5846
9406
5408
6
5466
6491
1881
8106
8807
3532
8701
3711
6881
9904
8901
2826
2212
4406
8456
3748
7337
2884
4669
5830
1749
6180
1587
5453
8416
4111
3236
1142
387
5214
4671
3416
7083
546
7425
3182
9555
7804
1359
5874
4202
433
875
3090
3962
8270
7700
3610
4227
377
1383
2962
4736
9577
8256
9286
4904
6428
9690
4696
296
7559
3323
1667
5232
5484
5742
1666
6981
5274
4193
9533
1524
8795
1627
1315
5304
8496
1490
145
6411
9625
6915
10
3831
1709
8679
7505
2289
8138
8278
3127
8113
6663
5578
6643
7109
9208
7858
8478
2527
6033
6629
8953
6183
1849
1437
5941
7950
6940
3981
6407
4937
9544
8285
670
644
3313
7835
3522
6804
8236
9377
8842
6995
1066
1419
4860
3217
4984
4206
6096
638
3012
7618
377
2996
7962
3826
1981
271
2738
9555
5348
4156
1871
8189
8568
8378
4907
5999
3796
1372
4335
1673
4290
6655
7787
1957
5117
430
6577
2723
2965
2734
7885
5769
1924
1926
7907
7673
2682
9486
5854
3250
4066
8681
4029
4685
5124
2876
2850
6482
8309
8984
409
4724
6302
1339
3327
3721
5209
6004
8709
1550
3694
14
6589
2613
6271
6102
6264
6642
470
7233
3317
4310
5517
1084
7607
5609
2626
3101
6833
2240
7579
95
4414
3980
2325
3161
9466
585
8598
4185
2464
6677
776
4303
9556
4051
2091
1415
8414
9022
6612
6208
6011
1076
5667
6099
9206
5217
3732
7717
1095
2108
9171
6469
3971
3599
5600
2608
287
3109
6635
5679
8043
6285
4769
6639
3534
1213
1528
3555
3518
1211
4686
7811
5628
1371
4084
3338
8313
6226
3954
4248
6853
881
3090
356
7506
4306
332
5957
8450
9482
1127
5304
2386
932
8164
9725
6306
9027
2564
7992
3689
176
4199
9883
7421
1360
841
2600
9514
2262
4295
4061
9155
2386
8826
7162
3194
4412
9133
9227
881
5571
5105
4036
83
9382
5424
4695
3206
4358
7031
9285
3661
5962
559
6677
6681
3206
2935
6145
3464
7731
6442
6188
5186
7066
6149
9999
2106
1002
6531
1894
9894
3337
7110
8118
5071
163
9800
8039
5935
6146
9394
5156
5231
5010
400
3192
1827
2149
481
9987
1477
2987
5762
3150
9128
8916
8849
3017
3232
5424
2588
2204
7827
5136
9391
324
8851
2441
1605
6518
3406
4895
210
7318
8337
1285
957
176
6666
2956
8172
9957
521
6543
417
6906
7574
3960
8989
6154
1313
6783
4806
510
3557
7189
7329
94
5619
75
4341
9385
543
3962
6581
6581
2777
8444
4812
7843
7959
8673
6350
275
7252
2631
1683
1283
4719
2485
2749
4890
3452
5451
5204
6622
89
9699
3761
1147
3956
863
4556
6590
8615
8787
9414
6558
9961
3835
4128
9130
9148
1146
8194
2640
432
4530
3258
926
5506
6045
5374
3134
7326
9450
5933
5091
8758
9958
6492
3078
4683
3664
3886
7096
4116
9760
1659
8465
3216
5125
1321
884
8356
3619
5742
2305
7256
2563
6190
5558
6440
2835
5641
7910
5488
1422
9263
9165
2853
4322
7799
2
7343
1049
4447
5483
7259
1098
8523
671
2871
4793
7709
381
4724
4490
4777
3707
3707
3627
7834
6194
3768
933
6637
1848
8023
5976
1607
2693
496
2494
5611
8893
7325
1318
3540
7306
9172
258
5046
6158
4040
5518
2687
1647
5125
5259
3186
998
6645
5556
5457
9226
6488
1604
6234
6409
4412
2598
7460
1282
9490
5830
175
376
9181
8815
3055
3405
949
7470
4535
3449
8580
1676
2154
8250
8246
4989
6722
2763
2790
609
6048
4940
7036
6385
2405
5720
5084
7130
2894
6573
2797
3764
6667
8210
5343
2310
2466
6310
2203
9780
48
9175
1021
2008
645
4811
9450
7984
8163
9422
5876
4697
8491
8881
9781
5234
3340
2795
6409
7335
8320
3819
4575
7961
651
4816
5009
3944
2906
5935
2523
411
559
3010
561
6872
3918
5027
5740
7594
6269
7100
8967
3472
696
8100
5272
7785
8428
108
8970
9670
9901
4868
1459
6229
4599
3059
1357
5828
9802
5506
5077
2227
6898
5465
4138
5481
8320
2909
1316
8312
7055
8815
1065
1220
4851
1103
7265
2551
9544
7223
5515
2798
6965
2852
510
5690
1550
4332
2273
858
3670
9912
7791
763
2023
6740
6573
5231
3961
9790
9465
5519
8792
658
2615
1086
3803
239
1377
3496
5794
8806
6283
2579
9990
2278
5262
4046
4955
8447
3931
3987
635
457
4641
7142
1023
301
9197
8111
4529
2033
8589
9753
7757
9996
4005
6306
236
9423
1887
1311
2954
8776
5064
4864
3628
5212
772
9744
1478
2527
276
5514
5859
5477
4883
8335
6016
5472
62
3501
1042
3265
8967
3760
217
6530
4821
9993
8273
8955
3809
5531
6559
2620
1032
1859
5392
9777
3514
5810
9528
9452
6633
2002
1757
3074
3893
2279
5113
5670
290
4763
9361
8386
268
9689
9809
1303
4647
7097
391
778
1471
2522
8718
4744
8954
3239
4445
3023
2942
6239
1958
4251
3972
1589
6632
6965
2003
7142
2636
2541
4880
2603
8664
9045
6170
8172
2351
1343
2050
4089
5130
6416
5419
8749
7981
4110
3284
7012
4119
654
7834
2089
2727
4050
2805
5109
4414
8679
3057
2844
9300
7504
4461
7849
5898
8868
3858
9672
8574
781
887
3101
973
8853
1109
5541
8832
5222
3608
2521
3680
4990
3022
1981
4707
2791
9875
4614
6239
1061
3758
3672
8286
9206
4788
7625
1955
7570
2851
9113
252
3611
8438
3337
9766
4733
1116
3873
2941
7263
6276
9192
5070
535
9163
4310
4482
2479
3141
3106
8992
9243
3432
7513
7023
7215
4815
1767
4064
3484
3586
1262
2370
4495
2268
69
6551
9684
2215
9974
1675
6002
1672
8976
4784
4566
8601
7750
43
478
3142
9475
4428
9744
120
1008
178
925
6314
2550
9917
9349
9808
9457
3677
5014
6821
575
8267
9093
7758
4797
264
3167
1431
2990
7570
4456
2728
2457
8614
7064
1724
3586
341
4110
6833
2625
4374
1259
9891
5626
3370
9664
56
2326
6193
2215
5299
9770
7744
8025
9483
949
2720
8345
9211
1261
8313
7130
3437
5721
8196
3857
3936
2852
7624
6222
9115
9566
8180
4196
6201
7007
9202
2131
1427
599
3110
9105
6796
5355
9157
2958
4713
588
7581
774
865
1996
4898
5572
4312
7243
7821
4169
7429
9513
5727
7203
4701
9970
3100
5732
1589
3547
1823
2475
1746
588
6918
8612
8150
9207
333
8082
6564
5238
9144
3348
5271
6850
5357
7119
4667
2608
9884
8958
9185
5033
4701
1914
4872
5906
4404
