2017
7594
306
749
6819
3931
3487
8218
279
6012
2718
6886
7954
7464
4733
4075
9441
5744
467
3687
9262
630
9285
9897
4481
1811
7858
1209
3169
8420
5857
211
6109
6228
6820
9010
5174
2789
6316
3666
5582
5671
6386
6901
3745
9594
5143
5932
4220
2092
5194
9707
4162
7025
5540
1387
8308
409
6267
5007
6072
2277
5048
1859
154
2507
777
1725
643
5722
8900
6652
9428
6800
8104
3591
4243
2383
6151
4887
6668
1926
6989
1077
3226
6150
6049
9083
688
5432
701
4765
6521
1308
7594
3304
622
4526
6746
1238
8817
3417
5288
8498
3192
8541
278
7361
8920
1948
7143
5924
4257
1380
8339
4145
5288
3971
8633
4004
6457
1693
1037
5210
5020
4134
131
8120
9206
4800
2968
9717
5637
4912
6069
3250
6638
8490
7885
4684
5871
8687
162
8739
8288
4776
507
5140
2969
3448
8015
6651
5892
2742
4781
7123
2380
77
3477
9057
8410
2158
8154
4120
8980
7426
287
9345
5310
5088
7507
6798
6086
3949
8132
7770
1531
2297
6922
243
3627
4990
5150
5758
6785
6317
3825
2894
131
8945
870
6560
5012
8828
6274
3713
532
6042
9758
862
4489
1161
9829
7880
5941
1217
565
1943
4609
7010
5592
82
3155
3233
5429
3419
7007
2396
7334
2663
3601
7392
9214
6364
4218
946
1785
7258
7675
4419
7238
5489
2538
6059
5754
2465
5161
7270
9817
5568
5752
1882
8284
3121
3353
787
3405
1779
3398
2854
6705
8135
8707
7095
7261
7096
1947
3464
3661
4995
9431
3306
4267
190
9771
103
7543
7095
7479
2964
8258
9737
2579
1766
6911
1719
9107
6093
3011
3430
7540
6
3859
4820
7713
9103
6781
5443
8798
8657
517
1696
3608
4821
6136
2445
7614
8094
3349
3250
3243
6310
4299
434
4596
6968
5556
6941
183
5542
7989
5854
453
231
7454
9425
9447
9446
2477
668
3321
2100
8296
8821
2446
6561
6128
7757
5629
4466
4104
1013
2743
9760
187
1229
5706
3425
224
745
3546
9840
5259
3256
668
4663
1243
3377
7367
6710
2998
8167
5616
2681
9928
1143
8014
5478
7988
8034
839
7799
1311
5717
1437
6975
3111
692
44
6225
3719
6021
9222
1732
7121
3481
6840
5039
8152
7783
5318
2751
390
8918
1467
5937
5396
62
9832
9043
3215
228
5437
2189
9905
5747
8528
9541
1819
3693
1551
550
3333
1141
2991
6976
8945
3884
5559
6447
4302
2974
7325
204
2716
8088
7408
2393
4249
5499
1578
3049
860
1000
3010
3491
584
7032
1827
1374
4953
7299
3220
4459
6231
4767
9417
9248
5927
4491
6992
1512
4503
3384
4741
240
2902
5232
9473
1816
8338
6134
5291
6319
2114
8502
9690
2333
8131
9500
6391
1912
2057
4185
1493
7003
9754
2865
3973
7949
8671
8160
6466
9758
8507
65
8546
7475
6258
2769
588
5352
7559
10
3035
8818
2007
6900
2345
7728
5076
7084
1117
6426
8099
5079
9455
317
1890
7737
486
37
1258
1523
3145
178
9668
5533
7812
2048
9956
2214
6074
5361
8911
1039
4353
2046
1149
2675
4996
2853
520
6244
2872
1586
7042
39
1658
3427
610
8228
5585
8521
2283
551
4094
6035
6865
2856
9150
6473
9088
296
7772
2862
1010
5755
7515
7060
725
7408
9168
9215
2741
7632
9516
5013
8651
1558
3135
9628
3874
4384
1437
1728
6629
7553
3078
8359
6944
8318
5181
8293
3524
8522
3765
223
8472
10
576
1287
2524
4598
2701
3201
9060
6369
5779
4650
1034
9080
7383
5306
9720
9521
2599
4703
8858
6043
6232
3456
2676
9155
115
2407
2227
874
5690
4219
3867
9293
6541
8641
982
1848
7104
9276
1682
8236
2668
259
1773
8428
7325
7864
934
9875
8572
4002
5923
9061
1364
2429
3777
7119
8610
3368
4482
294
974
8185
679
1559
782
1741
2539
8742
4324
7871
2417
3322
3021
622
3374
5972
1683
4248
1830
2251
1472
2352
2301
1687
8296
4806
7929
4111
4863
3862
3237
3736
4794
1388
7262
4483
9580
213
7645
5583
5325
2192
5550
700
1585
2600
6039
741
9054
7804
5436
4362
1537
2231
8821
8621
5883
8991
3263
5976
3811
8427
3879
461
4634
8681
8528
1633
3360
8891
6392
1469
6602
6246
6925
9280
6801
1601
102
5695
8766
7187
5057
7058
8425
8874
2198
2563
2566
8640
8599
589
6949
1669
1772
6897
8312
5089
6066
2904
4072
4406
7381
162
1412
3967
7760
5290
5305
9541
1820
4282
8889
7568
7210
6624
3370
6821
2035
5759
6482
5964
9066
4719
291
5802
4519
4933
4474
28
967
1712
5534
7197
1622
4359
9805
4894
5645
4458
1114
6907
7258
3024
6820
4317
1700
9381
4458
5147
3527
1491
3053
306
6421
8107
5339
2661
9871
5609
9448
2826
816
5277
8573
107
8747
1691
5946
2850
6818
8475
1175
7577
4645
9574
8706
6042
7899
5973
4102
5137
474
9326
6500
9475
8659
5227
775
3514
9019
7144
5023
35
5010
8287
6091
1981
4450
6712
5569
8
3435
1608
8329
5052
316
5475
5661
6847
9401
9297
4762
3897
1506
4310
2352
1489
8776
9097
1448
3519
915
2431
3830
9674
3452
1139
2567
6357
3483
6725
1591
1187
403
4094
1702
8866
996
1447
9159
3183
9566
3928
4113
9721
2381
1125
8528
699
5934
4601
3204
5352
5263
2050
9093
1003
7777
8655
1599
9176
2908
9303
3363
2676
7706
3574
3493
7412
2607
3486
492
7328
9938
8264
3953
6986
8318
4108
7292
2326
2611
1867
422
8881
3521
6238
5923
8353
5001
698
1088
2341
9848
9983
275
262
564
1436
2015
8807
7631
1116
8092
2448
4108
5875
5414
6998
8096
2106
2685
3668
1363
9272
6564
1040
8880
4482
9155
1468
7651
5139
2411
1908
2397
8151
7480
9954
7989
3690
6421
6881
2093
8485
4694
1494
3775
7974
4773
7645
823
8924
257
2894
8013
7420
978
575
3418
9234
1381
6082
2281
546
1155
2492
8705
6183
50
5957
8394
5460
9009
4405
5684
5804
1574
2877
4577
5070
7265
906
9709
1509
645
8727
4882
9516
3895
4977
7172
6905
6535
8755
2308
338
4599
1547
7329
2202
2789
7591
7923
8815
9251
5362
9915
5851
7210
2209
5845
8100
5997
8348
1968
475
6373
772
9901
2428
7609
9188
2288
5073
8784
1488
8925
253
2096
5345
1204
27
5547
2375
2280
9674
2982
893
2258
5283
8812
9030
2306
1686
9132
9071
908
8186
6786
1833
3965
3826
1646
4901
4593
3600
5303
2850
30
7762
6436
9661
3755
1864
1004
5817
2552
3622
6068
2294
7493
5480
8514
4618
3616
8579
6882
601
5941
9713
580
739
3467
263
1380
7377
8381
646
7781
8679
4370
132
862
4495
8846
9151
5275
441
681
3314
6518
7286
2117
4492
4340
8484
5312
7027
1285
6014
6718
4701
6908
317
7182
5697
6194
3492
484
3626
7436
1906
5840
7388
7923
7360
4617
4018
5771
4464
3303
6441
9920
2627
3194
3294
8621
8974
5923
2895
2065
1353
9360
1767
1961
9668
3223
544
7313
3148
2956
1782
9957
7054
5878
4612
1445
4729
6568
6979
3866
1293
1256
6820
2710
276
4781
4281
7123
3887
7076
7219
7569
7588
1561
6082
2546
4072
5427
8255
4136
4072
6705
2623
1507
1521
6484
2865
6748
8581
1848
3892
2406
8943
9029
771
97
2539
9057
1684
4887
8942
3421
3425
6072
5737
4213
2369
5493
9795
2066
7373
9301
8313
2843
9794
4588
8632
5312
1189
3792
1915
7532
8541
2039
3184
4813
8625
8559
790
5984
6
5015
3742
3367
5194
651
3279
6551
5770
7307
4115
7371
6953
6515
4475
4590
4092
6100
9234
6182
1465
7227
7868
7892
2971
1409
4879
1386
2887
924
5588
3810
4703
3810
2060
2357
5559
4945
7649
9142
1309
2081
9542
3882
9677
4544
579
2026
7564
8593
720
2525
9324
4607
4519
2779
7147
5849
395
3784
5771
1893
3663
4846
1718
304
2668
3142
4455
2117
9030
9146
8450
92
4873
9383
7684
3986
8215
8427
830
2853
3821
4293
203
3062
4485
96
9290
9280
5210
9709
4550
3865
3371
9415
8417
4696
2163
9372
1875
7437
7570
5447
9563
1573
4074
9231
9734
5136
5094
3161
7634
1968
2953
2918
8071
9369
4642
8656
5818
2572
3851
5174
6906
9320
4596
4585
6721
5457
966
2988
1822
8842
6551
3393
5282
8374
4730
8630
8988
5254
361
4154
4186
2049
2075
2582
911
452
1344
9047
53
3507
3553
9303
3585
2396
8540
242
6977
9488
2510
4276
4169
2105
1338
8791
5416
9560
7635
9697
4639
6012
9667
564
2210
9696
987
4857
7245
2014
3674
6268
4113
1918
2934
8315
5289
7248
9807
2886
9834
4487
1652
9499
2743
6085
9984
2081
711
3283
7165
1350
2817
1646
4408
4041
3839
2988
7093
3888
1408
3682
2997
4962
5813
6242
163
2251
9170
3022
3502
8168
9752
4748
9862
151
4359
167
7821
6124
9711
8906
4146
3961
4848
2324
3451
2466
7509
8893
4476
2300
155
5919
1478
6151
1489
6690
3685
6501
5922
7733
2910
7688
9780
8997
1597
8068
1784
4257
9681
3671
5167
968
4176
2501
9536
9035
113
3489
2791
7696
4742
277
8546
1202
8012
3833
3270
3710
8661
7668
6482
1320
202
1978
5996
6457
4181
5850
726
5382
682
3252
9211
804
7133
9186
1742
8976
6615
2454
6576
195
3709
8225
2991
2633
9142
8578
984
7764
4798
8073
5595
2013
7189
3846
765
2198
6505
3079
4854
4262
2763
7408
7014
1489
1065
7741
4068
8826
2091
4293
7095
6207
1092
6286
7610
1977
8987
3363
7314
5602
4866
2961
584
2609
7656
7198
3615
3287
8421
9544
2471
3535
7599
2313
7432
6301
1211
1501
1567
1401
4509
2158
5673
504
977
9387
920
903
6235
8788
3210
3142
5764
9252
9396
9802
6823
4404
3832
3867
4126
781
404
2546
1822
3559
8608
8778
8854
1309
765
7485
1795
5913
1092
2707
7288
80
1631
8268
6277
2712
7051
9633
6333
9329
7771
8347
2916
7629
9478
6806
7668
7700
7274
3728
1753
3126
8682
7418
779
2141
2049
4926
8022
5725
1346
9851
8159
6689
2514
6743
2773
5564
7589
1414
3730
771
6213
2492
5788
260
5861
1224
1831
3958
9817
4094
8638
7364
953
4161
1397
4213
7489
4135
663
2124
1610
608
7982
7919
188
6227
5115
2734
4033
2104
111
5860
9998
982
6913
6189
1629
518
6280
824
3095
4064
5907
7251
1213
794
5735
8352
5345
8559
8075
3453
751
1605
9161
5605
4510
7869
72
9634
6108
9096
9925
7713
3983
2777
7366
9971
7248
5208
2583
6970
7855
9838
9028
7546
4700
730
6705
9393
491
6762
7389
5473
4029
6658
5109
8392
1821
1308
1679
3760
446
6646
4716
3999
4139
8194
3268
8436
3427
5764
1104
137
5976
1105
5597
912
2576
1615
904
3779
1163
678
9142
9345
1707
4451
3683
7324
7667
8974
8150
5939
3528
8823
6523
1209
5122
5029
3407
6506
7462
8269
5966
4726
5658
7252
9497
2924
1060
4196
5815
205
403
7900
2596
9767
7503
5370
2292
9687
4510
5943
768
4453
7614
5164
6608
7153
4581
4388
5790
7547
8208
4398
6317
2894
4712
4415
3687
4455
4954
759
6264
3470
3158
7944
5536
5628
6226
6755
3705
9752
2737
3719
1995
1518
7500
1512
7112
493
643
2343
8342
6672
8406
8268
1997
6005
1582
9701
5055
3088
1682
7837
4733
3751
9679
7298
1294
9670
9628
980
926
7825
682
6038
4809
4488
2403
4799
5394
3199
7303
3193
3811
2610
2416
9591
5064
4890
5946
9530
4045
6524
1699
617
8069
4900
8985
8244
1838
202
218
7441
865
9662
1417
516
5990
2368
3458
7509
3602
6783
4307
1856
5785
8488
4025
2123
1334
88
2233
6404
3724
97
6934
4401
6126
64
7968
9909
5502
4158
2960
5192
2981
9861
2328
4148
1192
1900
3600
2695
1431
8437
5928
7261
2217
9843
4832
9580
874
6862
6909
1749
7968
3813
3717
767
2728
7015
4390
5925
4399
3548
2006
9443
3823
9114
8875
5924
6160
9876
930
9433
6488
9538
4973
5286
4169
9673
2183
6282
5232
8388
9035
8640
7249
1210
7224
9167
6143
1561
1420
4177
7509
7674
8296
7882
6430
6484
3438
3103
968
8908
3420
997
5932
7475
5261
8429
8840
8430
6597
3054
4831
8108
693
6011
4513
3366
2194
2612
1890
9707
9780
4598
8455
6752
1924
8813
1242
7090
8856
7685
6234
9080
5314
6324
4968
8037
2708
9773
5948
8794
327
7712
4963
8365
9345
9401
6981
2285
3368
3064
4290
826
1212
1260
9127
8821
2542
9179
5551
6448
7187
1749
9574
8912
6820
5750
2793
4368
1042
6476
658
2421
6663
3096
9380
2068
9635
89
7407
2522
1831
8957
3722
5792
3394
5408
7868
4054
7197
6147
5495
3528
4221
9500
1606
8578
8137
6050
1545
3595
6608
2612
1242
6891
2405
1868
4162
8116
1879
7058
9185
2452
1772
3028
4616
8230
8026
3782
5517
1411
7882
8739
7171
4895
981
7129
8199
7163
1490
802
3931
3584
8544
3812
5914
9218
7714
6830
3386
1525
1246
9752
2174
138
6961
3042
1756
1193
4883
3375
551
4355
533
133
5712
7868
5441
6346
5909
5276
3669
6998
6625
1077
3127
5601
3907
7959
7113
5398
515
1195
395
3991
165
8130
6564
7032
7934
7938
5372
7006
2280
8114
250
9575
3051
8410
8099
8045
3777
1368
920
8109
7856
4247
3126
1096
7011
1359
9135
3796
4079
9484
2859
9355
3959
6541
9968
7582
1304
8409
8411
7971
9904
6663
4717
8511
827
3551
2550
5497
9860
9068
1621
9147
275
2286
6135
5917
5004
5467
20
6574
8803
1575
2927
2795
5254
895
5616
6509
8441
517
6741
5367
2956
2949
8205
1193
9530
4614
269
3460
8809
3637
3936
5010
7863
3711
9080
1673
406
4051
2578
5836
8388
1837
9167
8329
3736
1921
3256
9931
7935
6040
7055
9343
2326
6253
6191
7325
4081
4942
6387
389
5198
6560
7765
5166
7638
7916
4931
1542
1814
3943
6103
4390
7938
905
6978
1119
3782
9876
7457
7608
1358
337
5524
2768
6582
4593
2684
1610
7520
1755
7592
5464
7663
2188
637
1828
4071
4000
690
5819
6990
1713
8117
3992
9937
2664
1404
1421
9274
5072
3542
4204
7485
8779
9031
4860
1035
4997
8583
3045
5232
3321
4022
59
6350
639
6727
5749
267
5150
7047
9781
9185
1637
618
9644
2220
1532
2831
3917
3188
1262
2335
2448
8213
3387
7978
8884
3157
5777
792
9073
5417
7644
587
3668
7691
8058
7641
9297
5937
5654
1154
4124
8024
3760
5019
5847
8160
9386
2640
9503
2166
4666
9857
3969
986
1573
1846
2963
2660
7842
2592
4489
4357
7973
4364
1541
1049
6949
1953
4162
3890
3533
7980
7534
107
8210
4424
4452
8368
2131
723
3771
3137
1288
6907
750
7787
6617
2682
6117
6212
4677
6637
8094
3062
6664
9766
50
9395
3477
4798
1211
7432
8478
5612
8633
6685
2323
3861
2775
7149
7393
4595
529
7118
8820
1352
3069
1066
3613
3754
4431
4267
5836
7949
9213
6895
9885
4471
3443
8443
4374
5056
4890
7332
9512
6338
4659
5675
8274
4064
5463
2756
9906
8967
8818
82
6107
976
4241
5312
6697
8983
5781
9723
366
6943
1596
528
6399
1737
6800
7851
418
4332
2775
2337
9705
3196
7606
2482
6693
7393
2791
9549
8290
1675
4361
6868
9131
9131
788
8909
230
8130
1745
5390
9274
5166
6965
2569
4741
4130
9276
6537
7264
7612
2337
5574
6192
6481
376
2910
3370
1759
8618
9304
6192
6232
1433
8691
2581
4727
1396
7268
949
7890
7621
2287
2586
7385
3062
4538
6231
5036
7740
2562
8117
6254
2284
677
9338
8787
676
2650
8754
7877
5539
8470
9512
2441
9197
3041
3733
8274
9987
13
2734
2007
5588
9374
9991
49
2988
8806
3418
5838
6679
8333
4019
6056
1187
9938
3948
755
9352
3794
4051
8746
8514
3072
2351
9150
2775
144
8187
21
805
7956
5049
7726
9828
6109
665
2910
686
9288
5799
1870
9231
2916
1197
7206
4451
3455
1253
9259
9093
2977
8921
6192
5962
3987
3493
2516
7022
840
7273
2843
618
3397
5032
8723
3284
6292
6228
5077
9272
1038
69
64
7995
2181
9515
5597
1874
5145
4699
9320
8890
8928
928
7827
9034
8856
1763
5840
2616
8149
5887
9846
2014
2955
1251
5833
7883
2473
3921
8158
7227
6176
9986
8054
2908
8857
8197
3781
4471
7895
641
1877
6141
7953
3952
1690
2469
7205
9689
4428
4528
387
2460
1123
5150
222
8049
5039
930
3681
7714
9401
1223
6540
2092
2714
8941
2873
4918
176
658
7982
1368
4721
7508
4009
3705
4061
9003
9560
3364
678
2784
9493
3629
6839
3715
8863
2904
2685
808
3157
2850
790
180
1240
654
9600
5860
1238
2748
9596
2286
9512
3769
6546
9018
7739
3615
1141
6517
3987
6036
1369
317
7035
6616
1729
2910
5253
8998
78
9969
2233
9367
7500
5131
578
4540
6267
3355
4104
8200
7764
6811
3768
8392
3272
5724
7083
7821
5976
5248
1762
6168
6820
7121
1481
473
3144
4623
8925
6689
607
2239
2670
9627
53
144
6268
1414
8440
3198
7347
7786
2412
5787
8271
4558
6549
8643
3344
6005
5826
7431
3021
4829
8206
6065
2547
379
3650
104
1396
1643
4429
7414
7593
5525
4140
4140
8338
3127
9455
5669
9381
2778
7901
3976
3755
1033
8849
6923
3924
4500
1279
2919
863
3176
9217
7841
1421
3987
7597
5889
7764
8335
1802
5703
3356
4997
8194
2746
417
2408
305
216
6549
157
8049
243
6928
4229
2309
1513
1529
6727
6180
6895
363
1509
6551
4416
6307
6299
2719
4350
5530
3566
7905
1046
976
2197
620
8757
2839
6103
6505
1516
4195
1063
6370
705
5126
8974
913
7191
1678
6084
4359
1036
2154
4906
5339
1846
8446
3777
6439
4117
9688
5954
4686
2983
2252
7003
9266
4730
3608
3552
8673
5426
221
4664
2699
9300
5139
5846
9290
7332
5386
5528
2672
9445
9206
6868
8891
6069
6858
8774
311
9062
9663
2387
1827
8241
6377
3387
8452
8122
9707
6182
3582
8125
7410
8933
815
7490
2207
6039
6706
2599
4486
9106
8731
4160
3281
5240
3776
5384
8111
3197
7871
4834
3241
9610
5762
7833
2836
4457
2922
1752
7393
1168
7625
9203
1945
4547
2035
273
6053
1400
3862
819
2067
7711
4576
557
3656
7667
4960
1137
9610
3068
10
6510
8311
8748
4884
7799
3170
2981
4654
7749
3116
4954
5206
3317
1481
9527
2215
8734
3204
3503
9330
6711
9334
7052
2766
5529
5034
5205
4176
5168
9497
1785
2141
4324
1157
1114
892
3196
9662
4235
7102
3072
6746
6112
7702
7112
2505
1258
9075
4129
5452
6226
7932
6107
3738
3299
7175
1258
5981
9355
2765
7965
8804
9485
8252
1331
2813
881
2160
366
8634
9018
9071
8969
6400
6258
9964
3222
9349
5653
3023
3776
6129
47
9716
3271
3852
6033
586
7858
3939
9634
7215
306
1469
9137
4267
7261
7859
6371
4299
1624
9098
8708
5494
6433
7154
8962
9707
7479
3335
3953
1908
327
6332
8989
1835
8756
9768
4981
7478
6779
295
4301
6427
9000
1802
8765
7499
7262
1991
2703
5362
2977
1354
1398
4677
7420
4553
3282
6116
4890
6326
3106
4522
9985
7725
6888
3974
2480
7302
5510
7492
2878
8893
7520
1329
4796
2281
6493
4631
8389
1463
2444
5488
632
8590
8931
8973
4933
4311
4414
4203
6485
8864
2588
453
7188
9779
6441
1275
4914
4790
5019
9960
6480
5210
2484
4084
3834
69
9881
5139
8060
8651
7727
3426
3881
7618
3890
1395
8793
7915
9041
8168
2887
1307
1007
4013
6305
7066
4140
5017
5839
5217
9716
3598
6444
2484
9008
5421
6106
4846
5138
4863
4430
9275
6142
7833
1136
9161
6572
9570
5888
5046
2481
6999
5749
6850
7073
5172
4202
8470
7779
6767
5928
4864
9300
2842
8934
4129
6982
1396
8609
8468
5288
3947
2776
4177
3738
3611
5164
3173
2876
7143
494
4570
9129
792
2735
2717
7849
9594
5411
3836
1219
7635
7067
8371
8935
9566
9975
3300
8898
7007
2178
5175
960
7419
9757
8534
4222
1572
3111
3461
7
1029
5594
635
6272
1357
5734
8507
106
6216
6280
7388
5985
4773
7249
7653
6879
4404
5242
4172
3636
1864
4274
5868
4965
5319
3610
1709
1034
4201
8495
6276
6482
1950
3829
189
2041
6432
2098
7577
3831
1467
3194
2682
727
4790
9189
6187
169
2104
1654
9818
6330
8939
9824
8142
6754
9725
5669
953
7747
4025
7472
5905
7721
3
906
4035
943
7059
5611
447
2306
7664
340
2169
8670
1592
5141
175
6129
7422
1540
8930
2546
8677
9946
7543
2125
5686
3435
2316
762
1145
9829
9806
3994
7288
4960
723
3883
5154
5243
3109
6493
1207
7511
8665
8598
7654
9472
5162
4583
5494
4823
325
2484
8542
3358
9044
56
3362
1909
5257
3624
3294
9684
1160
7834
534
8174
1381
6632
4417
6291
975
2178
8430
2437
1338
1165
1281
8944
4470
6214
8272
7733
5267
6321
9504
7321
5451
3930
5915
667
520
3244
9986
9484
3198
1523
6351
830
8064
9480
8090
8530
165
9203
3848
8146
4054
6105
2019
7879
8775
4418
7438
9043
5352
5561
4416
4839
8330
3212
2723
7451
716
3750
5770
7730
2192
8945
9238
9815
4813
450
880
4990
8123
9742
7567
6064
2473
1358
3267
9346
1910
8036
1892
6102
5806
942
4132
7636
7106
1512
2500
4851
6756
639
7813
6415
3433
6117
5954
5108
6866
2204
3065
8324
3537
2447
920
5609
7993
8352
2365
6972
9945
3377
5540
2680
1858
9667
1923
1249
4813
1602
2708
3301
7949
6029
8234
7483
1928
1152
2631
6355
5403
8158
2479
9706
4970
3567
2565
3359
22
8522
9642
8754
9146
5528
4905
3379
5099
5133
4557
3765
4193
4704
295
5264
9495
9763
375
7508
4213
3436
3681
6841
5721
6009
1568
1787
897
5834
7709
8290
7102
8564
1226
6290
1959
3954
4155
2420
1123
4854
2384
6794
6595
8865
2161
699
7863
7214
210
5206
3192
5056
9145
6586
4841
2801
3033
3136
3960
3118
2482
9264
7424
6266
6663
5629
3477
4004
3305
5541
5608
7954
6384
9359
1051
6886
245
6855
3847
868
3923
3682
5624
2503
5098
2045
9418
4640
1448
9157
921
1018
8460
8005
2372
3120
9370
328
2202
6532
7221
3858
3909
4668
9597
5237
8671
9786
5534
7955
2555
6177
9289
3092
9194
8799
3640
4920
1168
4617
6210
8837
2555
4147
4620
4590
9494
8379
6987
7931
7515
9917
4653
7314
3646
64
9772
955
2905
9861
3374
9632
9105
3493
6601
4743
1729
5367
8810
3572
9480
4449
9160
7585
322
8383
1303
9762
48
5007
5742
292
2799
7602
440
2638
1524
1974
9445
9130
9026
2684
2015
1306
1243
6577
9732
9062
7545
9877
2861
4126
9568
3414
8451
3065
756
7068
6992
5263
8761
10
907
7897
4118
3081
6833
1502
3053
3963
3218
9755
5922
9680
4546
6795
2434
7853
6342
3744
8651
2240
2216
171
2146
1615
723
9384
9151
7374
1882
4456
4981
4182
368
9016
1777
4117
7188
8161
9744
8229
6009
3582
6658
3105
8204
9888
8868
1656
631
2902
725
3247
6611
6520
7793
735
5751
2502
2358
7448
2351
5678
2081
8762
4773
1740
9311
5530
5018
8316
665
8181
4000
421
6231
8634
3513
9040
3411
834
516
7494
6743
8979
3730
1734
7570
3848
1222
1041
8366
4686
5802
2296
5878
330
1500
7895
8332
6463
576
3338
6638
2315
2237
2544
9247
6190
288
9158
7222
6711
9090
1523
6931
4856
8935
3101
5032
3038
4170
5463
4307
3976
9949
5979
2378
1703
4542
5901
7134
5617
707
6948
257
7178
856
4427
6741
1185
2487
1379
3559
2064
3819
1655
5595
4278
5365
1021
1395
8398
2863
5293
2292
5113
9030
2661
2365
6258
166
7543
1647
4387
2024
1604
6003
2142
1266
9753
3999
4507
6360
3846
551
2790
1903
2243
157
8294
383
8099
6338
3520
4506
8735
2754
5414
4655
5144
8147
8195
2062
483
1018
4943
9732
9172
39
2214
5652
3453
3012
5611
7022
6887
2038
9016
4742
9502
3210
6787
2504
4071
5874
2066
1204
8126
9880
3288
8850
589
7486
6121
1605
5804
2445
5876
2827
5608
3058
2730
2203
7943
2641
6930
5086
726
6498
7618
6697
3737
671
5153
1933
1359
5690
7990
4608
8952
3738
1605
9291
6751
3363
5063
5966
6890
4006
1217
4441
6162
6188
9134
6443
479
4584
4561
1429
8944
6980
478
1627
2261
6591
5112
9917
2333
4188
245
114
4455
1268
3875
1869
1453
3438
5451
4579
7578
963
8195
6720
5281
3177
534
7549
1537
8709
1454
6775
1128
6560
5663
1971
3260
9977
7030
159
8250
5145
3633
2702
3760
1103
9986
4894
2312
7264
4990
7040
9132
9981
3850
7981
8784
3757
6346
9084
6056
7563
8379
3623
2733
3469
8985
7894
5604
1903
8608
1475
6408
5292
6328
2433
7330
5493
2959
4177
3190
5640
5236
4273
3719
4413
7643
1147
2710
7682
3187
9502
3631
7945
4103
687
6766
9
9969
290
2118
2092
9289
409
8655
3514
631
3840
3653
1417
651
3290
798
2168
5893
415
2327
4106
9903
8319
5826
7838
5183
7921
8716
9106
7844
8463
1188
5641
5666
7320
5523
2668
2059
1098
6351
4827
5617
204
3782
3802
7493
1292
7030
9896
8703
1462
2051
3687
8359
2660
105
1649
4464
4279
6908
1367
1692
9549
5670
2168
2651
8011
5750
3331
7767
8130
109
4795
4064
7500
8488
9699
4537
2023
344
3890
891
8819
402
6382
6411
7501
7281
3006
7214
3874
8204
7779
4189
4983
3134
6068
4534
1613
1151
9481
5542
3699
2129
573
1352
7255
9623
859
4171
406
7112
2440
3935
3017
476
2873
9146
9288
5757
5150
730
2743
6116
3892
9925
2329
606
9080
4365
2420
5165
2924
872
862
8348
7191
6689
9828
5029
9155
7878
6421
8835
6807
6762
5763
3844
1171
4506
261
6921
5245
5856
6001
8751
2798
7583
8236
647
9023
6649
542
6494
1750
5241
4188
1567
3072
4669
3285
6183
9317
4258
6601
7272
4308
3907
9308
7130
4161
8485
9435
4574
4104
5499
9919
7067
4871
2111
5549
9608
8452
9181
6006
2506
7335
9927
7085
1566
2573
4196
771
6501
1221
4077
7603
986
9254
8728
4442
8891
8274
1106
6485
538
7213
5968
2389
6250
5321
7120
6696
960
9119
3677
7730
136
8252
4095
9936
4381
6822
7742
4556
9965
7713
2933
3352
26
7896
8932
7813
6142
7669
6658
1333
7346
2695
5468
5292
1367
7538
834
6245
5453
7499
9811
7381
7544
6347
7466
2734
5159
8792
60
2068
532
6549
6519
2824
4280
2615
2362
8354
6388
9307
554
3291
2461
2343
383
7441
2784
8802
8568
6843
5987
1496
9103
2466
7901
5551
5808
3679
429
6198
2653
7349
7608
4590
801
797
6175
2643
1012
8752
5175
2480
9856
6146
6945
6520
4920
5200
5963
25
9949
6356
223
3217
6080
9035
7446
4053
4922
8728
6806
8682
7924
190
6653
3204
5682
7871
1542
9586
1265
141
7790
9816
1667
3507
1640
2957
5520
1381
631
608
7716
404
6249
6297
7126
4390
8509
1765
3350
2121
7720
2284
1945
6492
4555
9665
9492
3741
837
7049
3657
6376
8759
9807
8566
406
1550
2572
7394
4488
8533
3540
8096
6198
966
7519
3941
356
6078
1291
9361
9776
6235
9143
2421
5506
7871
5174
8951
1974
3464
1779
544
3582
6950
1339
1645
6441
7731
6719
2840
5936
4371
8862
3588
4179
4187
5747
5526
7036
5724
9135
7663
9545
7687
3881
140
9615
7386
3059
2535
6375
3620
5419
1023
6754
2996
4514
9247
9626
5874
7499
2625
9358
8451
3425
5405
7373
5555
8241
1318
2124
9648
1915
6250
4329
4116
998
5895
3069
1198
2029
9054
4671
4184
6464
2315
8951
7838
6834
1182
9673
6499
5899
1161
8224
6509
8304
1093
4261
8475
2767
4059
9144
1740
410
6726
1705
9169
6694
2637
1997
8618
6178
8428
3844
8445
7954
5174
1986
1109
6454
9535
8721
7059
1645
5625
3749
754
8025
7819
5811
9905
1633
4593
8431
7969
9909
2930
3773
9738
610
9781
1143
4196
9185
1054
320
7470
7317
9779
8555
3130
9107
3151
2021
3231
5338
2085
95
4785
2976
950
1144
8875
6825
2092
6985
1584
9996
5874
8535
5023
1400
2248
499
6673
8391
4525
7873
591
5304
6278
3436
8245
9263
2681
797
8482
2572
5199
2631
7824
2835
8988
6761
9659
8636
2268
7370
7092
4069
8736
7474
1442
1244
3531
1729
6859
2652
5347
4840
813
4211
9503
9481
6697
7513
2898
9611
4144
1294
8503
9011
4797
3243
710
2188
2411
5486
839
8036
6123
7154
781
6522
6568
8804
1994
7001
5732
951
3938
5829
7224
359
1818
3612
3331
9507
64
2145
5738
2657
3226
5797
5565
9724
2676
8199
533
1342
9318
1372
1812
7311
8716
3658
3430
2981
2912
7893
5519
5896
3879
3192
7356
2673
1786
4438
1424
7098
8857
2904
5422
8694
2297
3466
3928
4983
956
6843
6127
3794
6468
4389
1633
2565
4017
9913
1642
8159
182
349
6594
2170
6626
9841
8778
33
8441
2892
7937
8238
6774
3435
2485
6413
5950
3118
5013
5250
9730
8446
2024
6069
1765
1724
9428
9489
1558
4790
8656
1873
2795
3265
6915
8507
6309
3251
2067
2456
4687
3894
6541
8064
8906
7889
7020
3033
1903
5219
6614
898
4899
6391
8429
1735
8324
525
405
4901
412
9288
8474
3650
4235
6063
5443
3509
6519
3978
103
2699
1050
2556
562
5835
1905
3960
7163
3876
4704
6395
7585
6338
8175
7758
6973
6404
4836
5180
182
5784
2846
7166
2043
5399
5420
2890
3828
2842
2446
3511
6513
7925
5116
3915
9847
2342
5828
2593
9830
4364
3362
6528
197
4017
1702
2135
5475
6477
9090
9038
8673
1339
3795
4319
9852
3884
513
5163
415
9014
132
4320
1430
1193
9881
9659
1222
4260
7910
4630
575
2242
5349
5818
2422
6317
6969
8025
3696
3284
7415
7350
3751
3407
4837
5174
4130
796
4062
5963
1829
665
2178
816
4231
9041
5098
9003
4136
2042
912
1214
8567
4459
8463
6430
5989
7977
1896
3535
6914
2487
1466
7130
1598
2782
568
8023
6355
4706
5529
425
197
1946
2801
9909
63
4533
1586
3380
1219
7965
3889
1653
2371
6200
8782
9292
4943
8407
9185
6153
8900
527
9048
9341
9199
5048
9217
1449
8472
7074
2648
9430
6513
487
1017
6620
1658
8554
6367
1455
6390
8516
2315
8948
8598
9812
4758
5397
3999
1276
3080
7948
5520
9376
1525
9670
2897
3459
710
5015
5315
137
4908
4144
5317
4459
5140
1884
5183
2162
7633
6388
2040
7729
9762
383
8211
99
743
9386
289
3820
7450
7195
3994
4700
3909
7136
8961
1346
3722
8199
7844
1351
6140
6253
3607
8171
3631
4139
4672
2873
214
1836
3643
6691
5907
7790
9613
1141
1459
2797
2715
1323
4725
1495
2686
7712
150
617
549
8003
2923
3836
8439
9434
8544
688
1589
3509
6776
40
6468
6604
4714
7416
3606
5613
3552
7302
8792
6118
7523
7819
9887
925
5483
6521
6626
4644
3566
5895
8020
3014
3589
6668
9950
6377
3397
4209
8147
5219
6201
6103
4365
1418
6329
6111
6608
7309
7889
7072
4159
2847
1824
4430
480
5103
3949
7514
3950
2023
4061
6944
9942
880
2019
3454
3014
8046
7466
7228
2216
9343
9154
3572
9917
1419
3453
8468
4595
9372
9912
9317
6755
6493
1736
5172
1189
9159
6188
4846
2428
5883
258
6124
1157
9256
6160
3485
9399
2874
3096
8562
9843
660
4856
4815
3693
8252
4513
9060
1649
5480
2918
4577
2110
4744
189
3449
9144
6847
2265
3855
1857
2619
4800
6333
9084
3030
2415
660
5258
9968
9069
1720
6275
1349
9474
6095
1637
6920
1479
2937
4645
7127
3196
6947
2964
5681
4013
6413
9067
2711
4341
2551
609
9241
6705
7223
5859
8523
5731
663
5837
3853
3801
1681
6410
1197
8301
761
5269
4093
1811
2223
5367
9328
9210
4729
9423
7853
3368
3403
9016
6001
1592
2546
5627
6517
1111
7034
4644
2251
235
3114
1189
816
7099
792
3325
1515
536
1767
7379
3252
1143
4973
900
2117
7184
1281
31
1975
7800
8006
5154
2327
1647
9835
2260
1255
6053
9893
86
1267
6116
3018
3858
8696
1034
4551
2228
8418
1403
7907
7316
1601
6024
5763
4857
6618
1646
3510
9333
9829
7003
2669
4450
2228
7959
8861
9169
7264
8531
2070
5461
643
1680
6111
7135
8125
1115
2203
1082
2633
9053
1613
571
9892
690
3553
6303
5883
4977
5641
9609
2543
559
256
4264
3447
8568
1630
737
2173
5382
4963
9886
9333
2445
6672
9920
9912
8627
6732
5503
9442
2428
6700
776
5390
2097
4557
1537
4406
2557
3285
2286
2889
2461
2918
84
1423
1847
3688
9557
9484
1466
8908
7250
4089
1726
1238
7446
4017
3632
6391
7255
8244
138
166
115
3859
9480
8874
1349
4010
92
6330
9615
2096
2677
6997
6871
9527
6588
8497
8064
4939
7175
6018
7976
3519
9449
6686
3663
859
7110
7519
774
6166
6029
4041
2750
2294
2803
6224
1942
2973
2338
5546
9392
5135
9292
5154
1412
4729
4366
7919
7429
5134
8326
2316
1069
4119
2190
6595
4409
2794
5210
490
6899
2572
5556
3449
6066
8635
4246
4576
6724
363
6554
5091
2601
1628
6625
2840
4226
4294
5273
8934
6493
9191
90
5639
7839
3713
2972
8631
104
6207
1814
9148
7763
1848
8647
6820
9579
5843
9087
2777
482
9789
1195
7065
8580
3235
9714
9440
7493
9350
2368
115
7520
6275
3997
7707
2481
9916
5609
2353
5662
5615
4472
516
8549
7406
7327
753
2981
9805
3260
8383
5207
2496
8452
6703
7996
3024
7059
4604
3998
3531
1137
754
3838
1699
1627
1487
7850
940
4338
9663
233
6734
7114
4867
5316
678
8516
1173
5907
8961
6459
7688
6089
3985
4908
5024
7823
7293
9711
9457
2857
1004
8354
2130
4478
3718
6677
6849
5779
5840
2902
2041
5467
3597
8149
8472
5381
3584
1386
7317
4508
5885
8697
5037
7072
3448
4664
9853
6791
6602
3663
557
1228
4881
6806
9229
8379
4983
388
1598
4001
1667
5394
66
6058
4418
2221
2492
5836
6435
9643
4238
5906
2393
4949
6971
2307
3317
5058
1029
9054
6824
57
9176
2176
2344
812
586
6791
8920
92
397
3196
9788
3316
2840
490
8630
8978
2654
1227
2171
4017
356
6959
9425
4650
8834
9932
9834
6921
5062
9925
9359
2544
7176
1609
6218
7890
3713
3605
1634
5701
6915
6342
9245
1042
6118
9077
2108
6481
3677
4339
2403
9801
6882
2807
9701
2217
2751
7694
1977
653
6956
1998
5030
472
3836
7244
6139
1231
4272
740
5264
9048
9592
6470
7101
4013
7713
8382
8532
9757
7824
3352
3244
723
7521
9557
5661
4369
1907
4000
5138
6019
1628
981
8744
4917
1312
8773
7205
8873
2937
876
2208
2937
9074
3355
209
411
5706
5687
4503
4369
9161
2220
2829
3604
8754
4307
2950
4279
1582
1770
9323
271
5601
9244
7420
8611
7726
2184
2701
8940
1176
9658
6819
6947
1143
306
1648
4166
9348
5249
8663
6220
9497
769
6858
9407
8151
5140
6162
7004
5823
2926
7291
1166
1553
1937
7335
9830
5935
1597
2685
3521
2985
5563
3192
9503
5400
5882
2460
8447
2658
8784
4931
6332
3107
3103
774
4832
2386
8012
460
2586
6021
5696
3117
8250
2367
5652
5394
9206
2971
1818
8230
7751
2564
5141
3234
3933
7577
7354
4006
2268
2679
7714
4346
7038
7994
958
8059
8449
1162
2503
7443
7922
1136
99
7500
7289
2446
4941
7135
9748
487
3253
5476
839
553
7180
3768
7966
9869
6841
7255
5031
4006
8191
9906
8307
1350
6078
255
1408
7593
6944
8043
467
4375
308
6614
2465
7641
5945
1487
2635
219
4258
1781
9425
2238
3506
6485
814
7190
92
8580
4321
5247
2411
3915
2945
192
9193
5938
6367
4685
5727
2154
3543
5209
5008
6464
244
566
1302
325
3923
5353
4619
4812
9748
6410
480
6068
7844
9592
9441
4218
7500
8363
3722
5220
1963
6392
3668
2272
8448
6
5119
7950
4491
2104
8237
4215
7229
7041
6241
248
5887
9767
4656
8967
628
7599
4167
6535
9712
3124
8094
6775
5244
1508
4653
5179
1487
9788
4501
3851
6897
9030
1876
3917
234
6669
320
7644
8172
6264
8839
802
3351
9192
8331
7733
3706
4754
4591
4364
2225
7133
2560
5324
1912
8344
2705
2983
7450
3057
2728
7440
2540
2389
3350
6856
7891
739
8733
3958
7278
6523
8362
3447
4284
7291
3423
6051
3177
6920
1472
6732
5196
137
1626
9764
6470
6552
2004
1890
3963
7337
193
5114
3536
1398
8261
962
5841
1474
9841
2967
6020
633
7085
5701
8770
9112
1039
4620
4920
6654
9805
530
1585
5995
2244
2403
763
3586
386
1338
8735
6843
9995
9941
6330
3247
9911
2886
9029
2461
209
1703
7078
8505
712
4563
3051
5924
993
7357
5513
7383
6969
7309
7531
9663
3529
7540
9154
5858
199
2255
1087
8503
4232
9176
637
7144
9371
5523
9201
8153
5590
2458
6444
8102
3451
3079
5283
7680
9351
4838
2593
3029
5825
1351
9874
2686
2409
6666
9717
2370
3732
3171
2262
7954
616
8574
4273
1535
3925
5907
6552
5470
8156
7359
1793
4510
864
9429
6211
449
2257
1473
6506
5360
9662
8058
2678
2880
9302
7951
4734
2704
5805
6830
4421
2419
196
8489
7486
4876
8806
3748
3754
3444
8285
7122
4872
8465
9558
5363
1821
2980
455
9268
113
2258
6664
6901
8292
2557
5896
1392
2232
5974
1173
3847
9664
1325
2938
9373
4314
2375
1943
1334
1643
8509
7718
3062
7075
2539
3185
4212
3322
3939
6130
1753
2249
6537
6717
2162
5754
3294
196
4928
8980
7413
1515
7780
2271
4437
7458
3547
5527
184
1048
9446
1037
9120
7624
1604
4540
3601
9826
5753
9372
1683
8069
8293
9844
9419
1598
3127
4608
775
3618
1020
2178
7014
2354
4229
6993
9938
791
2637
5081
9638
8685
3138
2890
6683
716
3129
8912
5112
7622
2153
3467
4443
5556
7296
9343
3222
7936
2851
2839
4330
8938
4751
6565
28
7267
4022
6766
3394
4610
4602
2810
7189
672
9733
2998
4931
5402
3160
8702
8468
4214
9495
3153
1465
7552
7735
1458
5057
4886
3771
2001
7939
9798
750
699
3934
6572
2861
9415
6694
6363
5518
502
3020
9342
6278
3770
5822
4297
4412
7820
4775
4149
4370
116
9442
1597
5099
2475
9532
2563
1708
8508
839
2600
4870
7390
9922
9033
9064
8358
2540
3744
2008
2105
8696
8993
133
2123
1274
3964
5636
759
474
5951
7226
3790
5427
634
1257
2336
1473
386
9883
4130
4654
7009
9663
420
4471
8887
3848
6788
5233
6053
5279
1030
2140
2264
1419
449
1464
2976
1200
5567
6927
948
8034
4888
5373
1080
1962
9287
7776
6727
6885
2154
3861
7878
7450
1686
9330
9713
7651
2387
116
8847
5526
4421
671
6195
1650
3163
9214
807
871
8496
9185
4315
7202
3706
8975
4775
5046
3391
6924
4560
9012
8506
9167
3125
7169
4261
4813
9733
1119
1751
5324
8813
5451
8080
5422
3612
4216
9178
9429
8799
73
6968
5856
8389
2969
9545
676
3744
2710
4555
4666
4259
5463
5555
9835
7019
5253
7546
9025
7388
8349
9481
9688
9120
3171
371
8864
9121
8284
5363
558
5868
3961
8124
4487
2043
2650
777
156
7624
3585
1069
7022
6564
7084
1064
3350
9895
8245
8402
8358
6670
152
2041
449
591
7279
6736
5217
2597
681
1554
5459
7347
3996
8798
298
7338
1068
7791
4369
4476
7389
1401
3803
7280
2459
3124
2035
2106
7021
8968
876
9882
7004
3887
5715
1920
7675
3896
4763
5914
5559
7559
6942
2030
5609
9675
2567
8286
766
6012
8827
453
4032
3882
9280
8750
8237
3169
8132
4155
4700
3111
5575
1713
678
5577
343
109
3082
8377
9663
7172
3028
8455
8916
9830
4459
1773
1670
2784
557
3748
1339
1009
140
422
5850
3121
4607
6965
3682
4505
5763
608
1213
2448
1983
5229
1351
32
9331
2458
5203
2388
6348
1655
7425
5576
4966
9449
4291
6463
1498
5348
3597
952
1771
4566
1572
256
9727
7222
5501
6117
4695
5157
1408
2420
7242
6467
7847
9229
422
1638
3452
8099
8545
8951
4660
8485
2997
273
8154
5157
2674
7218
3007
415
7010
260
677
7416
3657
1095
304
2109
6956
9086
7693
1191
246
5005
8333
8499
1602
5061
6041
9859
1895
5498
2406
2819
9906
3086
7259
9453
9067
344
3443
7476
2149
993
5409
6981
5789
431
5572
9327
1333
1343
1143
9459
1257
3468
8238
7991
1940
9655
3555
7612
1177
3147
8519
1511
7854
7857
7509
570
3836
851
3041
6611
5643
217
9041
9253
9595
1351
2709
1170
9489
6714
8525
552
4355
2947
1561
6437
4847
9267
7513
9412
6789
5830
6299
9001
2473
3897
9127
7932
2921
5001
5491
482
8301
4531
3816
1040
4426
8984
8396
588
6946
2384
8123
4462
4622
7966
7156
4906
6295
1071
5722
4568
3337
3629
9822
9812
3918
39
6779
5698
2224
4776
8249
4488
1223
8042
2251
9824
9131
521
2011
5863
870
6925
2465
4404
7707
1836
4379
4507
6741
4221
1636
1849
9278
922
7145
4671
4709
4003
7122
4386
2204
2698
8364
2169
4135
3635
3239
6579
5714
7332
5774
5774
9060
9859
3697
6412
1163
5417
2105
2081
5660
2272
8956
8002
3140
6399
5209
300
897
7580
5114
5128
3398
7624
3658
8172
8561
296
269
4072
8596
7800
8792
9408
8447
5862
2788
9418
7224
732
3507
9291
1898
5040
8726
9932
3741
361
9029
7735
8425
2939
5681
8134
2217
646
2376
1436
6201
5525
7851
867
5148
8033
3485
7859
3479
9548
9555
7277
3610
5791
3076
164
4073
5823
3230
8357
8897
3725
4431
8199
1266
2533
5646
5657
2119
658
7191
7800
3486
1352
3216
1699
2881
2639
4143
3864
1555
867
6452
4192
806
1751
4125
2633
9863
5516
4061
6394
7416
4018
2538
2476
1093
9651
9600
2614
2386
7828
5740
2820
2356
1754
3791
2257
2575
1376
7283
1433
1679
9365
6801
8030
7272
238
7393
9515
8408
3013
5794
6602
6597
796
384
9467
8814
740
606
3230
3039
1529
1478
3727
5127
3631
1836
9051
7960
1867
58
8486
8233
2627
4714
8050
7216
4507
5203
854
2257
85
4206
9373
2033
9137
6223
1559
1369
4324
3443
1834
770
4052
8394
150
7886
3074
2903
3641
8402
8342
1555
6541
2954
7307
8369
3969
6082
2334
2250
4306
5537
9751
972
2953
7323
2105
1693
5989
7408
276
7681
3635
8423
8223
7715
4180
4233
4564
163
4142
1604
1562
2451
3915
8529
7664
6418
4726
768
2253
5477
9035
2073
9137
6297
1018
3080
5440
2827
5781
1380
6913
6232
8126
660
7919
8117
4730
9591
4188
9736
1517
2170
8108
2702
3974
7300
7056
4423
9658
5686
6967
5221
5155
4798
8645
1562
9286
1926
6697
1100
8792
1737
4382
2761
4690
5329
4324
3255
610
9547
1687
5134
6579
2516
3959
6865
3964
6435
2323
3718
6023
1016
3168
95
4413
1692
1077
3328
2014
6356
8831
2804
2894
3088
943
9780
7788
5347
8011
8644
2975
3801
3813
111
3998
1833
8642
2638
838
1780
7598
2850
9603
2978
5076
7776
8568
4287
8347
2998
4252
996
1240
4253
715
8882
2239
3490
1573
4179
9077
8617
8423
3678
743
2221
7203
3057
6096
2580
3050
8439
2489
233
8758
5980
3201
9915
8011
3167
1212
3501
6999
5013
4392
1978
2560
9559
9395
5116
9593
5151
1064
6659
2703
8980
4427
5924
2235
2854
572
5510
8191
5767
9947
5813
8507
1006
5495
4735
5681
2324
5479
8406
2967
5576
1617
3409
9285
8764
9660
7644
3662
979
2986
7898
7374
5830
7530
9777
1553
7276
7679
5156
2594
5701
5309
1232
5065
8579
3471
1554
4063
4660
9434
7269
9672
2658
3692
7127
7363
1017
6639
3470
3194
2928
1848
7211
2780
2049
8438
2677
3476
5717
3182
8404
4644
322
5811
7265
266
385
8344
706
5293
8106
3580
9002
1545
5717
8226
4715
2137
403
2414
535
637
4209
1962
9666
3852
8098
8451
3016
140
794
8078
8345
1478
1030
2625
9349
6847
6426
6861
6977
2673
5933
8177
5087
9347
2846
5666
7063
3823
3723
539
3072
3303
2646
7767
434
8359
6145
3412
2167
1934
5327
565
4499
28
5234
7524
514
3091
8876
7867
5711
3542
5436
7861
4704
6031
6874
318
1006
2432
1387
9192
6416
255
5005
5042
8831
3263
2190
989
702
3013
4693
5043
7345
5367
3677
5059
4112
5322
5151
3972
4947
5855
4827
9530
7866
4784
3063
4402
1484
5826
2406
9734
547
6134
4149
4244
5022
192
8692
7251
900
7886
7165
2697
8848
393
516
9336
2354
1815
6205
5684
7281
7415
4245
560
5427
5475
7175
4047
199
7787
9504
4875
607
4959
4496
1210
1218
9433
36
3919
6629
7899
3071
7061
8690
2129
681
7473
4268
3726
2048
9669
9620
6721
2452
3131
1889
3588
8817
9547
3017
4645
7052
3113
8381
2290
2090
3889
5897
9305
8118
2920
1778
2285
9055
9382
4343
7184
1870
3297
4793
9702
9778
6473
5738
9835
5254
3886
2506
1364
9321
7629
616
489
902
1984
847
9957
8679
6400
39
6792
1575
4962
5608
9128
7890
7335
7665
3070
8787
4704
1717
5519
4753
3315
4866
578
7374
8545
7035
8204
1383
4533
9984
488
2304
1289
1383
7071
8534
4386
8504
5470
3257
8001
8126
4816
865
6610
1945
7919
6220
9435
2576
4616
5911
5096
5736
7587
7117
268
2583
134
9364
1835
5408
7042
4978
5119
6823
6601
5951
594
4536
4401
6200
6247
2261
6751
5189
50
9713
763
6600
9116
1983
1947
1957
5367
4576
7207
5553
3796
9953
8266
1802
8370
6106
1422
2592
1083
9837
5745
9786
5343
1967
5625
4899
8174
8416
9664
2835
8984
2397
7067
554
1820
3533
248
9851
3460
5085
9610
542
9616
1048
2155
641
6270
2599
7829
141
839
4158
4105
212
3967
976
1256
7148
6358
7048
3782
6951
4912
4372
6568
1398
2885
7711
9982
4836
5857
1570
9132
5998
226
5203
170
4295
9811
4983
8628
5574
586
9523
1995
4825
8292
6854
6587
843
2277
3099
3493
6411
1302
2659
5629
5244
4479
757
7756
8558
2617
2993
4283
9268
5026
8107
9986
8763
806
6960
7336
1374
8419
8208
6365
5388
2376
1742
3106
6031
1124
9138
2558
2757
8077
2720
4695
7567
9574
4926
9816
9054
7227
70
2957
7592
5239
2726
9799
184
6868
7823
37
5316
5762
2118
7991
3094
6294
240
2867
2736
7651
1724
7434
3478
434
1525
1191
2306
3411
2419
9189
5879
7144
8282
4147
8349
5250
8772
149
9649
1943
2921
9162
3301
9100
7241
6995
5959
4728
1601
1272
9333
2058
7079
1402
5502
2635
9478
7157
3714
1535
7493
6772
4449
8633
4157
8172
7480
7970
9642
7843
7521
91
3217
793
4730
2562
4133
4377
3192
4530
5231
7577
1810
1146
9856
3821
64
6879
8644
5714
5771
1614
6434
8114
4450
6148
4713
4667
4943
9069
9514
7988
5086
3757
3750
9241
8840
6286
6672
2940
8501
5100
3965
9183
6304
9915
4961
3302
8776
336
8107
600
9326
3927
2072
5907
3656
5103
6342
8581
7848
9465
9434
4123
5015
7243
2491
8053
7395
615
4980
3778
207
5703
7213
671
7649
7251
1810
4535
1186
1410
5891
4606
961
8914
8662
1158
1685
7843
5584
3737
9943
8091
5092
9035
5666
9841
4167
9060
7423
6908
5907
8161
5355
4328
393
3622
6713
1401
8258
6405
3293
1807
7394
6437
3574
4827
3161
6101
8580
1332
6368
9552
5030
1242
3835
2115
611
8177
5004
7807
3083
2749
7111
4278
5503
7730
9251
6632
8521
5040
4444
284
9584
9179
444
8136
696
8654
5460
838
6680
8066
480
6090
539
6355
3130
4112
493
8277
3010
8536
6396
451
3321
544
4695
3115
934
5844
5576
6528
7579
3540
6887
6084
9967
5850
798
5699
1419
1957
2716
4166
1126
5017
2269
1021
3739
9148
4599
5138
6139
244
2029
5908
3887
9133
5858
9900
3440
7581
7720
9616
5261
152
486
6939
9203
4454
6387
7280
3313
4794
6858
1053
5819
2229
9324
8304
8274
3674
9376
1785
1244
437
389
7335
1511
978
2196
833
9992
898
2258
3838
4237
3100
8904
974
4530
5329
1818
9284
2760
7319
1824
1344
3386
975
89
1658
9809
7554
1625
9766
8204
5934
8372
4824
9762
3151
5427
8224
2257
5553
7287
2415
2536
3020
6816
2719
3324
8349
3773
2944
1856
91
9025
3925
8613
9045
3948
535
889
538
1024
2438
9273
2492
5633
8302
4727
4080
1212
1379
9902
3593
7027
7207
31
9409
8808
366
4159
7370
8333
1459
3780
8680
7909
8113
6909
4446
6210
717
9202
4892
7335
1719
4528
4849
3142
43
7386
8513
7991
9243
7137
2394
3042
8262
3064
1817
3893
9203
237
3582
6375
3518
2204
9565
8657
592
4582
7520
1393
281
7869
494
2176
5009
6258
5307
2678
5181
6266
8764
2979
5646
9379
9089
4321
1386
5637
9647
5048
5091
552
7007
480
5619
8516
3816
9515
4963
6192
2550
5461
9866
7119
7710
1374
6642
217
8032
2003
7756
9138
8712
2937
1472
603
729
4139
3114
5243
7270
4954
4935
2471
6302
9728
862
14
6556
6493
2442
5792
7715
8989
3716
3302
3112
8526
1669
7715
7679
1168
7604
7643
7292
5952
1840
4069
9007
5016
7786
9677
6400
9720
8921
7595
526
7395
817
7981
511
6628
3660
1539
9561
1964
1423
9723
9220
8170
7490
2203
2469
5398
7564
6101
7349
7291
5178
349
7888
6792
1006
1540
8706
2765
9391
7994
67
6121
2776
5717
7708
3687
7204
1050
7508
6065
8082
5328
4528
2117
4848
837
7526
5583
7207
1002
2156
2819
245
3234
2216
467
93
3718
5622
2120
2832
6795
2572
3428
9655
3099
5393
1773
4495
8782
8194
6514
8593
1284
9208
9850
5820
5770
1943
169
4014
3123
5558
8389
5838
7247
5875
9542
3500
7240
3594
3485
5428
5387
3232
1287
2755
1099
2461
1749
5443
5753
1087
8424
2807
5642
4226
8961
4025
2366
4646
4322
1774
5452
8106
9709
1237
4182
7590
2408
7224
5851
8272
7254
5187
4709
1085
3205
8052
7921
7094
4721
3309
194
4725
8260
2035
7133
5582
196
3021
6913
5516
1134
2593
9271
1710
9975
7281
3522
49
8572
3509
53
4524
9592
7480
3833
3237
8097
4556
1020
909
6103
5271
9925
1013
1580
727
9845
7673
4103
8600
7393
9386
310
334
7137
4660
5916
2998
1110
5924
4529
7872
8522
1211
3255
5669
5132
779
8201
3896
7484
5640
2000
6004
9412
5863
2668
8258
130
9248
7435
5849
5945
9972
6116
666
4213
9258
343
9173
7320
5099
3445
5095
6380
8231
6748
8714
7757
5910
5594
9065
9471
207
1116
1752
7385
4306
921
1274
1992
7658
2867
1862
8489
8679
1926
8550
5095
2588
1455
5874
436
9028
6575
2385
