3304
5032
5393
1655
2356
5295
2656
412
3155
6127
8450
609
930
972
3657
2660
1639
2771
3874
7782
8343
27
4842
3767
3842
655
2273
9367
3753
6403
750
9390
1919
6312
9543
1502
8436
2673
9409
7847
9997
9219
1846
2283
1242
3435
4373
4498
9682
5809
8426
2365
3853
5338
7909
3276
190
1626
7812
1700
3021
3289
6658
6751
5377
9060
8689
4618
1429
2154
4224
8966
3361
6026
7784
9123
8181
2558
2524
406
6282
7775
9685
7944
7976
8384
5536
6581
8403
6266
1312
6809
4860
7708
4825
6708
2561
5094
6906
2182
4745
9755
3068
7527
1584
9460
9004
7827
7553
8785
5095
7631
9102
7406
5418
5246
3604
8714
8774
6992
3523
2108
6214
5162
842
7414
4105
5653
1200
1076
6562
3086
5652
341
5661
6526
4706
2158
6359
8516
9380
7709
9027
9617
1171
3680
7707
7454
2289
9579
3104
3846
6320
9913
8659
2637
3540
7905
6684
4170
5354
3350
6626
6477
2223
2008
1979
8760
1744
8892
540
1445
2355
258
7612
5813
3080
6597
3991
7161
9707
6651
3363
1621
7971
2715
6766
5739
1682
3024
2985
6800
5473
2189
3161
6029
1083
2550
7393
9162
1701
8946
5709
3397
9039
1658
1490
6061
2300
2845
9556
6943
3914
9523
4462
8703
9987
5004
8505
9508
5241
6239
7078
8720
5906
3739
5972
166
7096
1583
4730
530
9203
4828
5459
761
941
9966
2582
6313
1224
704
3438
8836
3468
6041
2886
5949
7726
4458
6041
6079
4045
7885
3920
5461
1867
6989
7490
5299
5686
1324
8965
716
8115
9026
7740
9085
4064
3700
7762
21
2421
2191
8283
4537
2801
8241
5252
9864
852
22
2439
2638
5542
8650
6484
1317
908
9997
8893
3951
2475
7282
627
9900
1739
2722
721
4442
8301
3801
1885
4026
6696
6020
3657
1853
9602
9383
2660
3625
1737
7625
4447
5663
8884
6327
5174
9464
2541
6422
8177
4066
4806
3810
7545
5138
1564
8382
2797
79
7520
809
1563
7051
8136
8413
5942
9521
4993
4631
1715
1524
7336
5267
2214
4849
2835
4963
1015
5412
7547
1256
1900
1879
5624
7819
9219
2885
8474
8519
289
1219
6586
2581
6104
927
6062
7395
7526
471
384
5653
4471
7909
4707
6652
6730
9539
1595
2696
2302
6600
7367
7385
2531
6264
8909
9684
1427
317
9194
3056
1047
6474
4342
496
4938
4754
9163
1286
8787
5439
7437
544
5027
1894
6785
3991
7171
8971
1089
9680
1289
5778
6216
3688
3851
9201
50
9840
2018
6378
5968
7209
1276
7328
4605
7997
3567
4211
1714
1975
376
309
3909
6863
9163
6822
2357
637
9479
4917
2512
2455
9228
9514
1766
5269
258
653
6644
5737
4704
9322
9268
2408
9471
227
9267
7699
7288
8787
423
2960
7257
9113
9303
980
1868
9352
4525
7029
6843
9412
360
7100
3865
3512
7981
1762
5561
9336
7739
2914
7567
5976
7270
1053
1040
1500
7391
8935
7555
4658
3348
691
4494
9551
5198
114
210
786
3400
905
6128
9615
8893
5291
8961
2167
8542
5958
2246
7504
2137
7952
1048
7509
5393
1280
1842
8250
9940
368
1960
5589
9473
2185
6064
9669
2605
4314
8313
7867
1552
4775
5935
6833
6785
7951
7083
1979
2091
8872
2957
1433
6689
50
2520
5396
9642
6985
4157
3918
8271
1959
846
3032
8944
538
141
6707
9227
9292
9562
4228
7644
4379
5952
7362
2016
4215
723
7441
4196
9863
6158
1067
7410
527
8899
9422
9665
668
26
5620
156
4395
9596
9592
3929
2903
7889
6247
7810
375
2752
2799
9310
8729
3789
2310
4098
5158
3379
5427
6262
6716
9721
8407
5800
9778
5621
8416
1639
718
7042
8558
9266
3941
4072
3249
4783
6359
3432
9112
6325
4476
9631
3821
7111
3359
1756
8681
6738
6589
5324
4506
7288
4598
9358
3440
4673
1188
3791
4150
7282
9472
4607
7091
3332
4193
3533
5368
4657
539
7527
7738
1725
4267
9102
1786
7084
5900
1296
2440
8021
6940
1678
5049
5394
2535
1270
4667
4583
631
8575
3594
2567
9281
1830
6852
9868
2539
488
2917
9826
6387
4024
6198
9061
7585
2780
3020
5496
7571
6355
8772
9891
1350
6128
342
7794
9557
1697
797
2922
8865
785
4025
1964
3932
5170
2444
2437
2249
1917
4545
5412
8379
2614
1633
2915
5480
5988
7808
9754
8250
9170
7011
4276
9803
3702
1216
3152
1488
9058
310
842
9690
9994
960
5602
9999
4234
5128
2414
336
583
3246
5653
1810
3359
1512
8736
4495
7426
2314
3569
3888
1042
4672
9695
3773
9748
2160
229
3954
9291
948
3191
1607
3702
5721
8384
1653
6031
2916
1245
859
5394
9418
7666
5923
1357
2466
6443
2190
2480
8657
4061
6744
6740
6954
8648
5321
1265
1829
250
2073
4898
8460
1045
9634
55
4046
8107
7638
3127
7083
8463
4509
1068
2710
8494
1624
7006
3771
2415
7281
5717
8039
1474
633
6887
6446
4867
6747
7073
3062
387
4201
2666
9172
5960
6933
8372
8031
5867
7311
4358
8805
9062
5396
193
9552
5676
4030
8460
7023
8315
7494
9413
2968
6356
6859
6986
411
2747
3609
9179
1359
564
65
6695
4262
1843
1895
6750
1560
3251
8974
7903
5103
2923
6911
8976
6077
440
7334
770
837
8287
49
4746
2893
4787
9697
2816
9100
9947
7961
5284
2258
8132
2998
8240
8997
8701
5931
7708
3780
7279
6900
3772
9341
9590
4309
45
9444
7882
908
9970
5412
2838
8342
3072
515
5318
3801
9474
2146
9079
7649
1612
5289
3690
5644
6971
9924
8671
9979
7376
4509
9626
6990
3557
1387
6276
5405
3303
477
9651
3371
1217
9038
7990
9871
9420
9789
9926
7724
3678
4899
6456
5562
4700
9630
5287
8482
5650
3945
7338
121
772
7903
3532
5461
5786
5847
4785
1684
4238
9912
498
8997
2494
5708
6431
2574
7299
3818
6224
7182
9997
946
6301
2476
8052
4063
2290
3926
6100
7794
9755
9357
3139
