2926
7408
6407
8167
8356
9955
3923
1819
3893
8276
7443
8693
3897
9483
3502
3922
9572
9166
3636
8456
9981
6829
6227
7889
8997
732
7285
5277
5845
4123
5593
8761
8862
9250
2134
3761
457
9750
8028
4456
2155
657
1111
7797
570
9613
5635
4801
6159
7660
7585
9185
4301
4951
1311
6097
1180
8517
9169
7623
2669
8645
5973
9769
2683
8681
9831
4646
7348
9740
3464
9822
1138
9180
6300
9324
5717
8430
7318
9384
5097
2484
9117
8185
6538
6408
4459
3910
7939
6037
2581
1940
580
404
1787
3510
4683
1341
5113
1888
9781
988
7452
6419
4195
7762
8047
5121
8651
1987
379
2749
1198
9785
2526
184
9527
7787
3231
6275
4222
5920
6707
1311
7159
1524
9241
733
7392
2790
4640
4376
3317
5430
9602
4108
5031
2698
3989
8775
8360
9337
5259
5952
5657
9831
741
795
7878
1602
3982
6895
8110
8838
7666
3861
4281
6141
9260
2671
8521
7313
7729
5860
7346
6003
9432
5768
182
8417
5153
6829
3797
4455
7914
4884
660
754
5653
7327
783
8446
2854
5790
8807
7744
6266
4478
7764
5740
9827
8889
3438
1318
254
1047
1608
9398
8606
9654
398
4972
612
9460
6448
7153
3098
3654
923
2781
3200
3527
488
1932
1888
74
4458
1938
7052
9602
9736
4953
8004
4441
8590
6263
3390
2479
4201
6867
3276
1262
2148
5998
6928
5810
7834
3394
9341
1654
4646
2612
3554
4982
2540
6299
8400
1505
9430
179
6588
9669
2345
9003
9918
5445
6967
6170
870
184
3762
618
9452
4056
9504
1938
1379
4490
5003
6077
2240
1064
2597
5398
4955
7124
1398
3021
1901
2290
7863
1884
3049
4022
279
3606
8916
3144
6079
1483
8842
1663
2523
9156
7891
4027
3159
9498
5477
602
4920
3910
6501
3352
7938
5523
7072
6947
4048
2793
4046
3945
4269
8579
2321
1877
7569
5430
3777
5898
3021
8234
8410
3520
7234
577
8541
3440
7506
928
3964
1900
7544
1299
7370
3952
5382
9696
6083
4756
6533
1968
9096
3286
7437
4897
7394
3944
6834
6013
6457
7729
5721
9579
7580
6685
5499
2981
6117
7361
6982
3631
9440
3119
8828
2145
6401
2970
1209
8369
6495
7873
9347
9020
9364
1053
9138
5124
6083
2337
3183
4596
6606
1493
4470
6235
6178
7964
3719
684
8452
2401
3578
8721
7773
2902
2528
5976
4457
5291
8495
4423
2735
8465
9518
8584
8382
6700
214
6526
7546
375
6898
3779
4178
2385
7025
7947
8649
2593
5966
8436
9250
524
9916
4093
4294
625
1247
6462
8525
3162
667
791
3842
8759
1861
8140
1974
5886
7853
9478
7750
7192
3137
8077
5502
9799
4543
5388
5876
4580
7326
1864
9324
58
5173
2210
8548
5424
4290
7756
5453
3752
8001
4384
9708
6106
9937
5419
523
8884
5972
2762
4739
6488
686
2058
7386
1839
8591
4495
6082
5858
585
3944
5835
8803
1467
3784
3586
9650
9591
6549
1596
97
4025
3998
9190
8753
8369
9395
9861
9123
4864
6991
8607
4563
7124
2835
9371
3114
4823
6709
6833
9794
1674
9594
3166
4057
8548
904
4639
6153
1833
873
9292
9422
1166
4641
2463
6688
2867
8633
3469
9195
4633
6958
994
3594
5336
1272
1678
8631
4412
471
4827
2882
9716
1801
8423
4430
832
5133
205
7464
4756
3708
7290
3991
7699
9184
3397
2482
372
2683
247
6190
3239
7638
5161
4715
8600
9571
8720
7276
9226
6008
1741
1361
6045
6410
9706
9365
6218
8033
5856
7734
8427
6005
4439
924
9667
7002
5895
6151
7874
9195
8258
1728
224
8636
9642
2078
6640
3707
5829
1260
6412
2929
8237
8747
1967
5928
7945
1288
9478
4031
6264
2339
6827
2512
7763
7234
3198
4236
5047
1598
3676
2568
9401
31
7749
12
1137
7409
6768
7628
2725
2511
2203
4595
1321
5498
7767
5691
8957
3738
9056
4606
6673
3842
2931
5919
4901
7711
873
2407
8879
2403
8660
4231
7583
3844
3528
8206
998
1954
4791
536
4520
1849
1306
3753
135
2231
1191
2265
9466
7507
5278
1308
2541
9070
5894
5558
7100
1830
5111
3425
6535
4360
8749
321
3851
7972
7012
7476
1969
9561
4693
7002
8947
8520
86
4823
2536
9177
5783
2669
6519
8608
2941
1371
7124
7351
1690
8513
7949
7969
1105
9168
6843
1365
4000
159
3100
985
9902
2163
5219
3714
295
9904
2814
8276
2361
4020
8983
1071
3022
7922
6046
2442
6905
7927
1419
7377
3196
6499
6281
8498
9527
4000
8455
5524
159
7581
4519
9926
1723
1550
9275
3619
7449
2805
8313
3036
8557
8848
4990
7669
9529
6878
4947
3183
3121
4401
4459
6073
8740
5722
7789
3402
5882
6721
4187
6294
1449
7289
8116
4779
9501
9057
9347
1471
8646
2427
4992
4100
9613
8382
8820
4347
1509
8611
8969
2648
9052
5271
2403
5758
3122
8445
1185
6000
3761
5873
7737
728
8617
2018
1587
1267
731
210
8168
472
7530
3476
4537
694
9408
358
6459
358
6902
3441
1893
7270
7751
1538
7242
6177
4886
2358
1657
1055
7871
3346
7709
2773
4689
4264
5483
7595
6795
7552
3615
1298
443
8496
5117
5576
734
1709
6349
2763
1985
827
9098
320
3979
467
2976
7078
4776
5409
6381
8373
8553
7113
2600
4184
5766
1763
6004
5143
4875
8864
3562
9349
9825
595
6826
9254
6420
1665
5442
3176
6008
8894
9069
7043
4247
7389
8793
4222
1287
8404
2818
1385
1170
5242
2744
3330
5896
933
9810
8970
5705
1205
7887
3121
7264
9749
494
3384
3640
3721
658
3110
9967
3205
2364
9659
8043
5556
9936
8376
2970
1781
3855
6471
6045
2176
8178
4582
7850
3496
3358
5487
1855
6471
7471
4803
1006
5948
9779
4498
6894
5408
582
7566
7746
9708
1418
7965
2878
3085
5286
339
996
1433
6000
3923
7349
1416
7075
5087
1570
5911
5534
143
362
5170
1255
3495
5733
7561
8652
2094
5777
5437
1481
7561
1198
6289
8725
6337
758
213
1704
4765
8209
3019
4490
421
470
3547
7453
9590
8873
4691
2928
982
9874
439
7203
2575
8453
7922
2232
5317
4432
3191
4561
5559
9952
8438
2725
1060
2691
738
4329
1356
4207
768
1933
7343
680
833
3024
2185
107
9062
3221
1086
2509
498
7686
758
9086
6150
7884
2835
7981
6387
332
5018
8457
8931
469
2031
822
6393
6899
8135
361
1571
6775
9105
8505
9859
1894
7619
4897
46
5209
5369
9969
3475
3049
9453
752
1966
1973
6541
2853
1493
3375
7820
436
6915
8886
1749
364
992
1363
3714
2163
5086
724
937
3723
8581
2252
9226
4255
265
7937
7934
1177
4962
5048
4981
5881
1015
1279
8855
4419
358
5281
8868
8196
8954
8669
1590
973
144
7254
3904
8682
1494
3206
4883
2751
2112
5729
2170
9713
2746
2285
2588
3555
5440
6642
5473
1867
3904
5868
9348
9713
2508
9295
1805
9805
1856
2740
4768
9911
662
8253
4111
3010
4033
9252
9682
1756
164
2230
3768
5286
9108
9141
1672
8072
2692
5312
2755
2311
3196
9723
7068
4276
7905
4191
6174
2199
1401
5077
894
9371
960
2259
9051
4493
8174
9577
9522
6188
6959
3717
1702
1673
2099
4062
604
3366
7622
3732
7112
6543
9985
2456
6715
939
1184
9834
5104
9841
3077
7483
355
5087
1335
4396
4325
6849
90
7179
9898
3115
5789
6567
5351
9479
8020
5394
2176
3843
3587
2807
4576
7668
7965
4351
9386
8503
5544
8112
3308
8339
4472
9681
3110
9476
3361
6615
338
7703
9737
3754
3276
443
3834
3997
753
3417
7104
7235
2918
5789
7658
1261
6253
270
2907
2686
7121
6984
5010
5821
1304
1978
3870
1558
8642
6108
3456
5875
6117
1405
5056
4472
4105
9832
9531
4132
3834
3968
3597
5968
1399
8308
5193
7518
680
3210
3427
2839
6568
675
9493
3353
2693
3916
2449
1298
6573
2275
5354
4645
9960
1229
1118
1513
733
3185
7156
6420
739
8775
8852
3152
3387
9041
4422
2996
6784
6351
878
5431
2680
616
9307
5442
1911
1703
1779
189
7383
8232
7558
1558
8613
8951
6008
169
7190
3680
6785
7494
6054
7007
2100
7793
1822
6340
9966
3651
9494
9453
4513
222
1397
9923
1965
9343
1921
5676
9601
9029
1405
6967
9037
2506
1216
7293
4539
4435
3033
4252
5806
3104
9565
3383
9377
5673
8516
1514
3619
5570
1737
8127
694
7929
3719
7336
161
8690
6986
6664
8248
1513
4078
7756
6088
9086
7969
9593
6576
4529
1801
5530
618
5241
3646
1409
657
8013
545
6292
827
407
2057
4031
7292
3277
6272
1107
8787
3880
7132
5848
7449
6368
6004
4292
9025
1809
7294
290
7703
8922
4937
9090
3768
6206
7509
5452
4282
2310
6679
2147
8144
694
5836
7840
9456
47
463
2810
2814
6862
806
2695
7396
5953
8080
4249
9237
9354
2383
8848
719
255
8588
1904
5470
2967
262
1085
5768
819
6824
6477
7201
4984
7703
6754
532
8163
4836
8977
1345
4483
7475
840
8115
2241
1693
7815
8125
3259
6215
4928
9926
7830
1427
7889
2105
3931
2370
6489
9785
9377
7042
1994
37
4329
5494
2412
8249
1326
3717
1074
4517
3406
7502
6236
2779
7748
3789
3228
1273
2446
2959
2509
4604
1895
6550
9370
3556
9814
4649
6600
5793
8346
9192
1967
7441
5481
802
3786
6747
9280
9566
6799
9541
5140
411
6520
328
5191
5109
4357
142
9142
5215
7338
6418
4532
7390
8142
7778
6123
8855
8434
6676
7117
5280
6170
4213
5534
8795
7298
6945
2
6480
1993
2880
6159
2968
9463
1484
30
9042
8365
4704
292
6457
6651
3131
1853
5549
2908
8091
2660
6007
624
425
1131
123
2423
9860
4240
2306
4793
6396
7811
7411
140
2661
3222
4457
258
1564
7926
6658
7748
7081
490
3730
6384
660
8629
3039
2360
9985
5886
9206
4285
3994
5856
1567
1749
6036
544
9603
7243
7724
4248
1969
6893
2880
6317
3989
9909
7395
5291
1344
164
6002
8259
3542
9934
7401
3738
1763
1230
1201
9946
4807
509
8604
3126
6145
6804
1654
2708
4221
1020
8322
9414
23
2832
8520
6836
3504
4342
4639
3130
4964
4694
4542
9041
8282
5735
2313
1632
4348
2298
8780
8372
6042
7778
9440
1459
8289
9753
171
7184
8254
4687
1069
323
1842
6587
8235
710
1414
564
234
7421
6590
8071
4981
113
5966
9562
4843
409
4490
21
8359
1923
2239
9949
3372
2245
3391
7061
8547
3751
4170
7454
4875
276
3624
4218
7199
1695
7499
1603
218
3783
2063
1359
1782
7970
2796
9327
5493
8726
4909
9761
2694
8233
6328
9145
8083
1892
3215
5989
7318
4353
2017
6483
3250
9135
3196
4705
6488
1747
2362
3148
2910
2886
9802
4575
9859
880
8167
5401
9449
4064
1567
9820
8841
4408
4760
6641
3948
4478
6134
5307
8479
1509
4285
5865
1766
5580
8109
2646
4774
8091
2838
3745
6363
1760
6851
9807
8430
1752
9286
7203
3724
7813
6540
3253
2785
2196
7641
8841
4375
6554
756
2009
5612
7055
4668
1400
8601
3936
2808
4278
2771
5521
627
1357
1225
7822
3457
7080
7557
4953
8211
2196
5192
8931
1582
666
4969
1031
3080
9570
7939
9267
8271
8220
7334
828
8132
9308
7092
5451
1205
4494
8943
5007
4431
8203
7185
5182
2027
4963
8739
561
1284
9421
8343
8560
6817
6681
5472
4001
6430
7569
856
3238
6339
3503
7250
2407
4022
397
9689
4148
9988
2105
3747
3717
3252
184
4500
3379
3480
9786
9004
8117
831
7378
7983
8849
9877
8774
4011
1451
3836
3090
9020
3636
3638
5705
8668
927
952
4778
1159
1630
5273
4590
572
9178
5673
4626
5307
6632
2180
2092
521
6643
8565
2738
2406
8961
5520
8401
2530
5248
6385
8238
312
6898
3085
110
78
7547
1516
3572
2427
8702
8627
7373
2844
6240
6805
8805
3175
5251
3466
7379
9270
1743
2569
2376
5071
899
3298
9707
5407
2551
2247
5911
5245
7035
4278
3674
6093
5562
4547
7760
5115
8608
9665
1818
8016
1191
9894
6166
2155
6714
5225
7279
1781
9006
8967
8568
4328
708
5039
9179
4248
1809
8165
9875
6454
2716
2128
5808
1962
3131
2712
7612
704
5705
2263
662
2078
750
4360
3880
1005
7132
7551
8692
7325
4968
4129
6238
8067
5709
9345
5384
523
5367
3512
3305
443
9789
5363
5300
9062
4085
4203
9024
4002
7613
6575
6076
6742
8304
6490
3578
6347
1158
8174
7116
4258
9472
2550
1486
8587
5889
7741
6253
3785
7327
7088
5336
2193
8958
219
2288
5387
9060
4817
6919
2928
8527
4690
9712
8393
8052
9496
9762
9218
5767
9037
9364
7193
6395
9047
970
7239
3877
6713
3173
6344
7949
5238
6674
524
1238
3882
7784
8085
4201
8190
7287
6341
1254
4187
5730
4781
2837
3092
534
6393
7978
7035
8018
8290
7724
8143
5797
9910
9248
5049
1509
2347
1644
575
4979
3288
8015
9188
7154
4170
1712
1677
5016
7576
1749
3023
5938
2208
3316
6189
4402
784
6178
6780
8366
914
7219
8384
2800
3095
8084
7873
8836
9151
6681
4940
4697
678
9208
2441
6765
3648
5938
6364
4680
6300
2018
442
6540
4700
2204
3589
6593
3059
647
724
6168
4864
2209
4064
6069
9631
6388
4058
6085
3839
2840
5864
895
6809
8325
5259
3000
875
9423
753
4846
9814
2099
2065
8896
6777
1843
8099
891
4495
1279
5777
8504
5956
8771
9833
8469
5143
6372
7134
7260
1879
279
841
3460
6153
9546
9730
6374
6944
589
5718
3636
9893
5878
6353
2764
144
5168
9291
7787
8289
3167
1589
2559
7063
7360
4938
8037
8492
6790
7856
4502
2289
3493
2967
9535
1258
8605
2742
7231
2112
1724
3947
3905
5560
2140
8610
78
2418
7068
8325
9974
7081
9346
8971
8711
8689
8281
6396
8792
4607
1693
7882
154
2732
1216
1346
6400
2910
6818
1505
1539
2425
2059
5674
6564
9220
7683
6999
4922
8749
4860
5619
1423
8465
7882
7420
2942
4522
4256
846
2977
2208
3950
2623
419
3841
3793
1173
4343
794
2210
7167
5599
5563
6785
7549
5021
3672
2406
9491
1005
1281
1473
43
9747
6073
6458
1688
4850
3796
8404
1878
8654
5972
8528
9330
8475
9436
5254
2722
5427
6510
2655
4128
6539
7692
19
5860
1679
332
2398
9270
2116
4764
9840
1695
734
3906
2876
4346
7382
2104
6322
547
2390
331
8513
9627
7034
7455
9073
5585
8417
9683
4063
4495
8626
7345
3503
2054
6053
598
9
4517
1397
9133
9762
3889
6131
6833
8595
4568
6560
908
5339
3323
187
2108
1738
6207
9179
392
8826
4223
1259
6813
853
2432
701
5345
3069
3389
403
822
8292
6784
2094
1804
9150
3256
569
4624
3495
200
8859
4505
9025
7508
4343
740
4307
6517
5607
7295
2875
5661
1772
5785
3258
4583
8280
7329
3188
786
3764
5206
4165
5737
2616
8555
1228
8382
2958
8481
5637
4554
6896
8625
5364
6753
7788
3344
8088
9960
1037
6551
7782
3107
7946
2631
5012
6309
8546
4566
4976
3240
1435
2709
6436
3653
340
3287
4891
5788
9512
5924
3559
7125
1657
8320
8764
3146
421
6504
6795
4935
9240
3228
9748
7212
7423
1057
7790
9985
3543
4919
9836
8391
3505
2397
3119
4187
2189
1710
6413
4500
8452
2300
448
5113
2991
657
1449
9626
3866
1865
5887
2041
7770
41
3999
8207
2960
9223
6229
9282
5496
4906
2245
4592
6088
5168
3620
9260
5201
4577
957
8710
90
2294
6482
6940
2779
4635
4221
6766
9607
8164
6119
1677
9031
7794
621
3463
8398
4911
1226
2965
5481
7131
9004
3546
55
5855
9025
7823
7036
2189
4425
9288
907
7177
1951
5475
3559
7059
5427
8325
5002
9463
9675
7332
8787
567
5561
8293
4547
156
862
289
3351
7992
3229
2959
3290
2935
6884
6924
5609
6397
9729
7417
3738
6830
769
1853
5843
5145
9904
1338
9483
2900
7962
6017
7455
1672
4758
9488
294
731
3276
6880
1327
4135
5937
2915
3948
8991
2185
623
174
8503
2715
8604
9733
2257
3593
1957
9797
3707
2450
9401
252
9523
806
450
29
7211
5503
1618
8176
7396
6629
4878
3121
2849
6090
9603
892
7854
7904
6851
2960
9281
1164
979
184
9358
6284
5198
8078
2801
9690
6586
8280
3874
6627
1804
3329
5486
2886
6737
3487
566
2446
2777
1873
7837
5483
6884
6167
3990
1064
1942
5803
5599
6441
971
8358
9826
265
671
927
305
3539
5375
7706
43
6597
9246
6221
4286
6273
5405
4968
1167
3363
2393
6834
8386
9105
2347
3874
9400
9031
4088
1737
7747
783
2681
7433
5656
3445
3502
5221
2215
5810
3181
7027
7071
5071
1830
1240
6237
662
1881
7716
5658
6974
4635
2235
4047
4136
9972
720
7918
6796
1526
1274
9450
3637
9958
9260
3916
1813
564
840
2770
184
2753
5356
181
5366
9763
3314
7275
1107
7637
8737
7150
6372
6079
773
6147
445
3385
1520
3472
2781
7302
5418
4283
1907
7576
3433
5113
2570
7323
4424
97
1040
4945
5473
4221
9278
2054
8681
4372
6657
3445
6811
9158
2789
4124
3077
7558
9185
3112
3470
8427
9043
7367
9988
2882
7334
1073
8274
7789
6329
8201
4704
3783
3213
8639
6109
1427
605
6551
6868
8391
4704
7147
6814
9336
490
6259
1494
7782
4498
5875
5927
9457
3853
5996
1053
3672
4956
2591
6886
8205
3779
891
8043
8456
8740
3028
5945
4149
8014
1650
6952
2633
6243
5079
3723
1896
552
652
2391
1074
9579
491
3290
454
2273
5247
9929
7216
7585
2437
6470
8014
9664
8663
4611
3812
9104
8358
595
7462
314
7344
9768
2848
8923
3293
3214
8774
2273
9157
3119
4304
199
5812
8626
3288
7601
7589
6182
3493
3098
8728
6563
5577
5180
8937
2969
7579
467
9911
2792
2194
57
4928
759
2234
723
442
1530
8980
2032
1155
4943
8428
9317
2166
7815
3852
37
1323
6210
1514
2176
7101
4364
1586
780
4190
7667
9985
324
5634
8306
2362
6365
925
4246
5271
5052
6391
2565
7159
6058
7202
1460
1942
3784
8135
6259
3014
1122
9116
7542
9144
3700
1277
18
2955
564
9173
1453
6532
2774
1544
8655
6398
2849
2581
2062
8392
7919
2544
8799
3646
8757
9051
5456
4973
5640
2421
7801
2645
7930
4653
8863
1207
8091
9162
8661
5088
907
1291
4706
5879
4937
6032
4384
4513
8546
5062
9093
1203
6072
7867
5095
8578
316
3895
386
4648
5820
