2989
4890
2894
2581
4241
2330
6888
3537
73
1478
1492
5065
2004
5775
5711
6955
2335
1796
8906
939
6694
8959
8695
7432
7290
2349
6822
2000
6940
3041
3614
999
6672
2217
2983
6848
9987
110
5984
6113
3237
1069
6007
6201
5736
6115
9762
1427
7094
2725
5487
3094
9731
4596
3022
4030
6195
5461
5291
1891
5507
4888
6597
7032
7863
493
8393
9786
2791
8862
6967
2224
5812
2793
7702
5625
2951
2493
1696
1174
2586
5395
4906
4214
7554
520
1268
2075
9195
8953
653
4526
4819
4093
606
8349
4471
8975
8338
5243
7721
9975
8635
8231
5757
3262
7281
6938
6894
7396
1078
3701
3765
4117
9304
111
9981
2383
9478
7342
9224
6318
591
3838
8209
2441
7405
1718
2186
9352
1154
3976
4154
6452
3452
2611
6759
6674
8456
4291
3238
4329
5181
1798
7874
6951
760
701
4788
495
8367
2088
9497
995
6018
1403
9384
4796
22
3316
5857
5563
4751
7541
6242
7101
9547
7312
664
6693
3351
3306
3926
5186
4103
4894
1136
8792
5964
1257
1680
6703
6929
1691
984
9065
4479
3158
434
2048
3226
1963
6652
5139
8434
7675
9578
7639
5556
773
7404
3447
37
8095
7143
5061
8161
4310
6892
1123
267
591
8832
8764
1635
9153
8633
3060
6557
7176
2622
6388
6878
8616
3466
1388
6653
8787
6752
6428
5316
3497
3236
5190
3853
8233
6666
8834
4547
5923
904
169
6266
9310
1781
2634
3130
7888
3504
9280
9042
6517
1082
8380
8150
1015
6569
1421
4628
5754
8407
9374
7557
463
5806
6770
7355
3641
4911
3402
2487
9798
8512
633
6271
2453
121
7567
6834
832
8258
8765
5282
7471
7385
8799
2414
4856
7040
2837
1663
5245
4205
8793
7516
1530
2611
5802
3504
5011
5279
9488
2976
101
6793
9244
8004
448
2108
5697
893
9001
4586
3796
7496
9641
4091
86
3078
7007
4355
2499
6601
2074
1738
7241
5592
9719
3117
4741
9842
4319
4063
1823
5552
8769
5789
5180
677
8141
794
1965
2747
1342
1943
2662
658
409
1297
7874
7438
2524
2724
6496
655
2779
2887
902
8363
9551
3651
8285
7331
7366
5855
6574
4937
2762
8243
8726
3852
8910
9408
4937
6212
2389
9751
5258
130
9076
6583
5183
8422
5242
7302
7317
1595
7566
1167
2773
5882
4886
6817
1125
4489
2509
4634
5381
5487
5369
7724
7895
2166
2570
4022
8527
3116
7786
284
8265
3028
7628
772
9286
2968
8468
9863
2088
64
8537
4979
7370
1594
5470
2843
8965
2093
8282
447
3703
7755
4370
9770
4761
1351
8687
3017
5851
1220
8774
4200
3808
7282
2901
9744
8254
4114
7530
8156
6021
2646
2546
5316
6949
389
353
6300
6695
9727
5057
6434
4833
7339
6581
510
8658
7857
6010
7935
4281
5451
4011
868
1289
4337
1170
88
8693
5725
4589
4850
4562
125
4426
1057
5208
9053
2821
4371
997
2386
6321
6123
6162
2340
9367
6469
701
2391
1086
396
8103
9595
3875
570
8634
1677
4026
2612
9219
265
7607
970
5138
206
1871
4707
2912
5524
5301
9604
5036
1639
6937
1895
9130
7888
4705
8949
4969
4701
9387
6301
4639
4192
6746
4967
6250
3856
2422
3531
5026
208
5152
731
4778
5351
985
5955
468
4659
3556
5176
7089
1481
5360
6464
2657
1979
1440
746
6972
5077
7643
4517
878
1306
6330
946
3459
6903
8457
9056
3101
1770
4577
4828
6487
6206
7117
3778
6902
8749
8481
310
1144
4210
9212
3157
8831
282
2310
4270
2416
1676
6558
9949
2565
634
9853
3472
9020
38
2496
3564
6202
4499
2075
5318
6903
532
9976
6451
4862
7661
3843
8222
6596
7332
3372
6667
2093
3173
2114
3176
4593
4186
6640
1424
5211
4628
2262
5852
6352
3644
4758
6863
6253
4916
4107
6645
2135
3894
6253
8299
305
5859
9408
4754
7833
8336
3353
5232
7261
3186
1379
5847
7924
9319
8971
2016
7858
650
106
2275
8269
4124
98
1217
2903
6979
1968
1679
3225
6727
4532
8198
6919
3814
2871
8733
4778
1886
3591
6875
1275
7030
8591
3166
2265
8910
8939
6934
5945
2091
8786
1484
3787
3978
30
6181
5760
8190
1851
854
6367
1673
2007
534
8653
3180
8928
4109
6448
237
7238
5972
7059
3231
999
1239
5533
6932
8952
3992
8039
5034
5734
1133
7940
3048
4411
2940
3784
6689
2972
6587
34
2736
507
9601
5022
8056
4512
9085
9981
4829
486
5707
4853
2813
4424
556
2979
8790
648
8828
9238
7858
2814
1333
5939
874
2593
5604
8768
5988
325
9758
7264
650
5938
4323
2723
1397
6216
7476
2419
9866
4010
3209
4547
26
6279
5127
8623
3854
9960
4993
6040
4144
7349
2175
9921
9174
3662
4148
5463
8907
316
3993
4504
727
8443
4203
6875
101
7833
1581
2574
3172
6408
9371
3847
9604
6785
5912
4594
7466
6981
4913
6027
5331
3718
3119
3300
3762
4401
3548
7735
2067
2013
3511
9549
17
8705
3820
1583
2076
8251
8522
6021
8379
2419
2867
7735
7978
8328
316
2388
7749
9554
7997
1926
5402
7965
9173
7008
5323
903
3113
5700
4284
3846
506
1159
2897
9821
3830
899
2965
4329
2517
9214
8459
8892
7648
2912
851
5383
5322
5434
4084
1160
9985
2513
4016
1584
4146
2051
9532
6811
6260
1173
5138
2821
1737
4532
1912
1708
4838
8156
4498
9417
9423
3420
7036
8782
3467
6510
317
6260
6157
9939
5580
7679
1615
3123
3861
7992
7143
1312
5675
1778
1367
6154
8069
1344
4075
5637
7154
3115
999
9143
545
7165
935
4667
1737
6564
5476
5233
8117
7636
1733
3271
653
6320
5592
7459
1205
8613
671
3919
4564
3526
2481
2719
8049
3268
5351
5692
4706
7829
9356
7202
5261
7014
9394
8415
6743
6948
1386
7296
2516
1909
3194
8039
45
8096
5500
1748
5751
6616
4431
8540
2443
7079
4578
7018
4684
8216
6617
8468
1213
9783
527
287
8279
4530
8009
3639
6926
7177
716
4256
7227
3374
1403
2654
332
4441
2674
9952
7768
3602
9941
8090
3397
815
4759
8182
2435
2375
3730
8526
330
2918
6083
2733
1382
2906
9759
5514
87
1860
4821
8573
5900
175
1313
9068
5676
1924
6686
242
5541
6664
699
7610
9841
2436
6890
7464
9771
9827
1203
4550
3447
2189
3925
4308
7291
8670
1271
7425
4682
7160
9865
5907
8781
1367
2189
3222
9502
5690
2506
511
5689
3487
2984
3666
2218
8473
2891
8945
6016
2295
5742
260
657
270
5126
3710
6249
7004
1777
7005
652
9261
5560
8381
6799
4791
8828
8474
247
3667
7962
4081
7320
692
8861
9959
9204
259
2089
8817
5779
2325
1408
2387
1418
9605
5250
8510
6240
8479
6973
2497
3912
5500
9859
6428
7927
4603
6867
7427
9644
4416
8698
2349
4332
1660
2939
9964
1409
5167
4505
5989
4914
2959
1226
8326
7852
3173
6963
7193
9541
318
2233
1767
6693
5464
168
1820
833
2433
2032
4601
3392
4662
9173
1362
3626
9059
8054
9757
6665
5285
7101
1073
3973
984
7582
953
4274
1532
8575
4754
7639
9673
7886
9325
2183
6931
5655
8868
1492
1119
9131
8975
3135
9904
2596
252
3785
9863
4700
8793
5118
7206
527
4255
3217
1160
7794
5709
7882
9215
7545
9300
3858
7278
6961
3719
6776
9847
9179
6695
3403
9186
8265
5546
6153
8126
7938
4069
8387
7330
7167
4410
6832
9782
9635
433
9145
3630
6108
1022
9136
9945
985
2276
3573
9831
5117
5856
2942
8877
3476
3938
684
8004
5389
5932
8940
4981
8101
5090
3221
3725
7321
552
2047
3135
2468
4075
7643
6528
4573
3145
3738
8156
7559
3457
8200
5988
1972
6322
3008
2081
1126
9510
3854
3229
3725
8827
4392
3702
1492
4164
5529
1017
7800
5411
2624
433
229
437
7362
1041
8213
6414
4303
330
199
2527
445
1931
7732
2952
3008
1778
2082
1140
2598
7811
6698
8818
9409
3640
9683
3940
5035
409
7616
2721
355
2147
833
7766
5759
1534
8959
1967
3868
4711
5207
3523
3030
1197
8382
2461
5969
8540
1155
3750
8935
6660
2812
4813
3735
1410
1028
3722
1358
4272
1379
3893
2714
7478
2172
8297
1097
9966
7193
1473
2819
114
7272
7887
2603
3174
5788
8212
5257
7221
7970
6495
9253
3865
3785
3695
9335
6020
4030
4348
506
5237
609
9595
3332
1313
809
5552
9025
85
1363
6003
1346
9682
931
8820
9388
4925
2209
561
5622
2815
8464
4136
6302
4884
4640
8848
3692
8477
8961
5077
5935
2844
966
7581
9505
7677
4554
1290
2365
236
9186
5172
5858
1967
5148
9571
2934
4964
4306
4410
3811
3469
8725
7690
6772
6472
3293
8448
6673
1960
1859
548
1123
6286
67
8502
8715
3349
9315
1711
370
918
8195
5386
3629
3292
8278
4334
9736
5068
5914
8728
4170
4551
1266
2466
4119
3275
809
3032
4383
6106
4617
404
8376
8638
4048
9571
1899
6646
855
9584
5649
2595
4039
2892
5273
3339
4061
3479
8194
8958
8712
1604
6046
3131
6378
6571
5020
7600
4383
5439
2540
6283
7327
4264
6301
7791
7009
4991
9244
8706
2435
3089
4212
6329
3079
1574
512
8374
7193
779
9214
7329
4837
5425
7394
3013
4358
5245
2259
7476
4551
4298
2263
5416
7044
9366
5268
9774
6590
7481
6329
9070
4235
9488
6523
5622
7391
9717
51
4804
6059
6645
407
3603
6225
5211
1445
1901
6870
3288
3432
1764
2731
1767
4154
8136
826
8796
9284
3713
6305
737
1783
9711
4450
144
3093
5349
8902
1772
5621
4641
5193
7455
1417
7905
3891
8659
9190
1833
7920
3366
2904
3302
4049
4565
6338
2468
5333
8386
4795
8595
432
6338
8498
5321
4862
696
9152
6081
2117
6095
2999
5097
7666
8791
6570
5276
350
6249
4245
2166
9605
7451
5792
2939
7832
8480
5662
9885
3805
624
16
515
6976
7026
4208
8854
8957
6095
3042
3194
9507
3109
9715
1825
366
7806
5635
5257
7994
1062
2118
9084
4141
2628
8989
2981
546
5559
7489
6382
5033
9267
2275
1492
6079
2484
8121
640
4583
7715
6319
4254
3206
1050
2659
6496
7735
3967
2572
25
2844
405
1890
2743
8506
931
6373
4348
8037
1226
8308
3397
8606
6660
8161
239
833
8222
5745
7882
9685
4995
673
278
4743
7863
5878
3091
9968
2493
5245
6579
2987
7463
3537
4628
7376
9532
2986
5147
6111
3772
2603
3356
9407
2921
5648
6545
2889
2420
5662
9513
8221
4690
339
7848
9731
1611
8000
642
5053
3282
4380
5543
5981
1728
410
1142
3122
3532
2862
1301
5236
597
1770
5913
2392
7317
871
1821
2215
9332
202
7547
6831
5732
8357
8297
7124
5688
4897
5764
1532
2343
93
2829
9392
7059
7375
7679
2510
4505
3422
9356
9557
4360
4276
7624
2919
4426
5456
2414
740
6178
8426
5721
3079
6832
8712
248
3370
2113
4018
7434
8635
7097
9769
2892
503
8941
6521
5333
9942
3191
9310
7710
5910
845
7990
2470
1455
733
5377
2697
232
2483
5023
5353
3916
4372
9749
2559
8346
7126
4308
397
486
5988
720
2459
4591
1384
7120
3977
7905
122
2471
7549
6867
716
9811
2234
8842
6241
8792
2637
6735
1320
7201
6152
2073
4415
8975
6130
9192
3961
6986
2815
8883
8913
7223
9921
124
5530
7879
71
3613
1400
4792
109
11
7474
8486
3200
4561
7515
3717
2105
8334
1671
3661
9165
8787
4568
385
175
2408
989
4785
3943
3136
9656
8665
7953
3492
9889
2109
3312
8361
8721
9023
5335
6528
7091
6141
4599
5929
5775
1569
1677
243
4881
4481
7212
5252
8058
1134
5556
5144
7704
7663
2624
6615
848
6973
354
8809
532
9708
4672
5405
405
3743
9613
2647
8326
2637
1695
8426
5786
4246
6633
9420
3107
3700
8255
5174
1453
2701
5433
8755
6553
8168
657
1057
6399
8719
5679
118
5786
5790
5396
6066
6896
6271
9838
1137
4868
4565
6926
5420
9439
7129
9357
3457
1030
3203
3507
7148
8717
5179
7356
7831
4274
5917
8852
2237
3085
8555
6247
9606
6958
1576
2640
9996
8849
566
2523
6836
3862
7117
306
6887
5775
13
9316
9423
8810
7199
27
3195
5212
8530
1400
606
8434
7565
1792
979
7419
7600
8051
6312
8318
7320
8461
7862
4489
9360
4608
463
680
6671
3286
1600
4873
468
2056
4261
6601
9428
3426
5886
8528
3051
4393
8428
176
2033
1562
1283
8774
1543
9416
6261
9065
3993
8569
8455
1551
1453
4934
9450
2591
9563
2515
8540
5243
9800
5733
7965
5509
7531
4378
7990
4174
2165
7784
5266
2926
33
7685
2455
7798
3324
1689
9136
7254
7025
2534
879
1898
3601
2709
5147
4494
3976
3295
8964
536
5852
3184
375
6300
3596
5774
1242
7165
1426
2087
6900
6208
3302
5528
1517
3768
2479
1651
9266
7873
3378
1286
8218
7266
4854
6066
1908
4821
9230
3496
197
8870
8820
4730
7073
6849
7309
6154
4201
7550
446
1971
5828
4938
5634
4670
8596
8072
1191
1379
2014
2324
4028
1091
7158
4566
4966
3109
1446
7530
3865
6421
7934
7929
1889
8029
7388
8572
8455
4668
6458
6324
7450
1715
7426
1406
5457
3280
1632
183
7470
3836
3629
7851
1481
7872
4841
7729
7572
2506
1883
4200
4708
6671
3685
4025
4036
7898
3048
7604
7281
23
9616
6523
4920
5690
4874
2313
3664
5751
9108
1686
1477
1262
59
28
2791
82
6448
4017
3187
9659
1000
5948
2784
2257
1616
779
8030
3400
7370
7559
231
4027
2901
7447
4219
7106
2930
5791
2998
2528
4064
1820
3398
197
2723
3445
6611
3656
1234
3953
1450
9031
4416
7622
9023
3667
3739
2663
4073
4094
4283
263
8380
1549
1454
7449
8360
2612
5808
5685
7152
656
1018
658
5594
9179
2550
2587
9534
8170
4167
4373
2166
3416
6109
1200
9610
5279
8423
552
3367
267
1717
8904
8245
3801
3439
1848
8742
5273
5084
3999
7847
5549
6801
793
8012
3757
2027
9843
1116
1151
3128
5903
9926
9909
8096
4964
5440
253
7838
3081
4188
5256
2318
6884
8938
2114
2413
1793
5739
701
3844
4261
3085
167
6526
6617
6614
5315
3187
5852
3252
8580
9435
2215
7139
5814
8977
8335
5704
8475
6408
8488
7434
2003
9811
2590
3230
9917
1855
5897
1344
234
4104
414
7307
8867
2817
9759
3383
1479
8349
125
7066
1986
9829
5607
5821
102
9745
3124
3137
4077
6088
7263
4293
5355
6826
1082
355
3935
3386
6697
3459
7290
4508
3018
4475
9020
4908
8272
2996
9217
4952
4225
126
6283
1422
5448
2174
4203
6769
3127
172
8730
2760
7267
4145
6840
6121
1951
2040
1735
9403
9448
8092
1651
6665
9776
7478
6811
1132
6800
5194
1472
127
3919
9125
1862
7137
8009
3932
1378
8907
6152
7165
259
6525
4728
4529
7241
8872
7635
2898
2956
6231
1261
9814
5503
6133
8474
9618
1646
7970
5363
3071
9969
7933
8699
8603
8841
8141
2282
9703
8112
8018
661
2827
3251
2283
7833
5126
1936
5246
237
7938
3497
3901
2238
5241
8866
4104
3621
5729
8662
8391
2285
3408
3544
3080
7195
2325
7826
6125
5688
9099
6589
7932
4786
4937
5570
8433
6563
3220
8300
3348
7681
6400
7733
7424
9574
6068
5695
3458
9736
4736
4520
6553
1040
9721
5732
7253
9283
170
5088
5507
7300
5810
9558
1137
1348
5565
9115
7300
9671
432
7541
401
7429
5314
709
5885
5675
6119
3505
1127
6630
4368
6388
951
4578
36
6891
5065
9205
8317
9150
6392
8132
2793
6048
1870
6841
6595
6075
4009
6953
8395
3786
9304
7194
4119
9124
5725
9012
9847
1577
3163
6665
3960
8876
2931
9422
8606
6559
1311
8673
4050
8094
1354
1282
1149
2269
4636
9266
8838
9043
9080
44
9496
4174
8235
581
7084
3757
459
912
1166
6052
9358
6739
5987
9727
4171
3916
3116
2448
8235
36
4763
5336
2902
300
2432
8021
6045
1850
4487
6459
173
803
2497
3118
7168
9786
641
2350
2337
4849
6099
399
7506
7997
8736
4614
5294
1422
8098
719
6149
6389
808
9044
5280
4160
1271
7935
8148
9062
7711
8609
6424
4707
5879
8554
4242
2868
2558
4384
3274
765
110
3386
3936
4364
7829
4905
1563
7818
2726
4623
3752
3768
309
3783
9995
3453
7838
3008
8515
2705
4202
3275
7137
7490
3974
2799
2118
182
372
2426
8863
3713
7444
5384
6279
7421
5108
915
6330
6365
6372
330
6335
3088
4856
2656
4398
2095
8559
789
5029
9549
5869
568
6563
6835
6249
6445
390
5030
2787
1381
7445
300
5759
38
6323
4924
7504
2573
8345
6923
6678
2149
6333
3871
6939
4049
2633
1317
8400
22
1622
9583
7396
9313
7844
6875
8820
9443
1172
8662
524
1299
3578
4991
2884
6035
7328
4818
6333
9473
4590
5985
2444
8105
2871
3719
4235
2691
9896
2199
3811
9072
6630
2764
9758
7862
2903
6446
2193
9447
6104
8061
1401
9682
6399
5379
8571
1342
987
903
6720
7815
4984
8927
5432
5637
7139
9291
6442
4125
2640
6128
9546
8972
4850
1451
4669
813
5232
5021
3132
882
2624
6885
3368
6529
4584
2761
1706
7492
5147
2892
1704
8993
5479
5996
4088
7703
7332
4120
723
3612
4
8068
6806
9976
8514
2428
4831
4947
709
7758
6109
5965
7771
5838
5191
8098
5558
8902
1053
4377
7584
8949
8977
9748
4423
553
3493
8854
7363
6965
3481
1112
4298
9519
878
4555
79
3392
8015
2155
7930
6759
6782
7389
6782
5739
1222
9640
805
5989
2144
8429
3067
6345
6028
1054
9091
7057
5552
7960
8935
5976
7583
3744
4276
4997
1666
8251
4960
635
8019
2165
887
8898
6447
824
2167
1588
2966
8684
9331
3852
8049
1373
4821
5051
8045
7952
3491
9823
5464
3021
7839
55
3219
1953
9175
3038
3112
1784
4072
2970
4680
169
7970
9978
7541
4168
9898
5203
8887
7503
4091
6868
8628
5083
7927
6210
8922
9224
6952
3713
4759
5137
5170
4998
4326
832
5678
4494
1649
9128
8475
1181
4611
6360
9172
7879
3403
4842
7510
3876
8054
8288
935
7961
8929
971
1426
8136
4026
2965
4115
3887
4832
358
8211
9543
4999
2971
5652
6709
8489
5403
3554
9759
9027
2909
2256
2267
5910
47
2806
4080
1714
3076
5659
6470
4201
7209
6068
3354
9406
7542
468
8683
5012
4587
6349
4253
8149
9629
2880
431
9190
800
5386
2650
4734
1176
8933
6020
8714
9158
2225
3978
158
35
2173
1756
4699
1740
5341
7789
6903
2297
7303
947
4935
4870
4746
4439
6559
8003
4118
6281
7166
2375
4890
913
7689
3008
1736
3024
8275
48
4640
247
5317
6489
8525
4977
2414
4593
9553
6408
4287
5090
3527
6892
3497
4439
7715
9864
6430
4494
9460
711
5040
5943
6812
7783
5145
1259
4066
1690
4
2316
9514
6855
7657
7055
5629
8445
6344
9768
2025
1966
8449
7709
1994
2075
8847
7997
7416
3250
5292
1871
6594
3781
587
3928
5207
9374
9677
741
9832
1155
527
7863
6404
1970
5575
6672
9235
6442
8809
9269
3519
6661
2468
7493
2262
7330
3948
4736
8935
7148
3843
816
6398
8132
5722
5733
6267
3728
1848
6255
8768
5603
9936
869
1439
586
1305
24
6500
2175
8761
974
4440
6023
8352
9932
1312
3093
1666
7877
5425
4941
1805
2683
7312
9710
1465
8271
6248
9842
404
5507
4593
2553
501
7916
6724
1599
6054
1675
6024
3924
8236
6760
8386
2869
6375
374
9780
5789
4421
3174
2061
3970
830
3827
3797
7252
3557
1728
9121
3034
3775
6657
1770
3254
6380
1887
5522
436
3208
9712
7038
9990
1852
1500
6705
5045
4297
4443
3335
1090
8490
459
5420
7229
3445
622
1723
6674
4119
9472
8041
4326
2554
2989
148
1578
4989
5131
6489
4488
4852
9344
2581
4708
6135
2070
2118
9329
7121
8751
2955
9114
8392
8030
4544
3316
1236
4541
9809
5757
163
8848
6316
3735
1671
2712
7436
8863
1351
5127
55
9166
7954
8847
6237
9146
7877
712
1094
1374
8504
2393
9552
5367
6516
8927
5933
4523
8445
6832
341
448
5321
731
4324
6004
3027
8845
3037
3422
4634
3254
7978
1994
8696
3788
1160
9545
1793
5397
5438
524
3446
8435
7252
7770
9295
949
7218
2743
6778
2912
417
4519
4785
9606
3844
7222
4523
233
6118
9032
7675
7671
6740
5250
4415
7557
6670
2728
7767
6388
2730
3047
1393
9816
7002
6886
3479
6553
6708
2077
1626
293
6644
1721
2836
3458
7208
9089
9944
3937
5022
1559
9279
6406
2849
5775
1695
2002
3355
1738
4278
4490
4976
390
182
7370
3125
4968
2604
6957
3743
7969
3524
4040
7406
7381
1027
5018
2413
956
348
7580
2783
3829
1366
1170
3768
4987
6967
1226
5191
1476
3198
4970
7798
7135
5317
6254
1539
5466
333
2239
6484
2987
194
7052
8035
5238
8999
5468
4747
6676
9589
2398
1389
6697
1707
1146
9023
9012
3601
8138
8001
1377
1765
2266
4770
8554
6242
270
2063
4773
3479
6946
623
8109
1096
9796
3634
4313
3135
8530
5987
1499
6479
8515
1887
800
3581
1100
5428
4170
7230
2526
1864
2195
4238
5107
1221
7928
2282
9480
8996
8728
3405
9974
3197
2642
1774
3280
5601
1910
7512
4709
5876
5071
2150
6502
4898
3250
378
3970
4972
5141
4842
7892
7542
952
5081
8428
3870
5988
8574
5706
2031
3654
9533
7259
8094
6504
5318
9244
9025
301
5498
3517
6658
2520
6650
6793
44
7736
208
7971
7549
8311
4507
3855
3886
5512
2431
2244
7561
3346
9409
9612
3335
1806
2678
2221
5537
4891
8408
8394
7932
1134
4944
4671
9642
1325
1233
5022
4301
8288
8383
6134
5780
603
8156
3719
9146
5678
3372
2581
4072
3073
1683
5679
892
5885
181
4852
9842
4428
1255
5153
9327
1814
39
6415
3367
9836
4212
2561
4279
7409
7942
9272
4962
3274
3832
2732
3649
8958
3074
9858
1518
5826
4321
4858
9450
9265
3779
3756
1143
6380
5179
9873
7032
3229
6806
3966
564
1741
352
9310
1466
811
8302
6663
5130
2410
716
7617
2053
7449
1203
884
1353
1396
3635
3500
7492
5180
6965
4101
6056
456
1417
7898
2230
8069
2240
1732
6467
9865
2168
1907
8605
3764
8392
706
7524
7658
9727
7039
8548
6161
1702
3693
5177
4294
8519
5636
9594
3306
6473
5383
4776
6250
3253
1009
9393
403
4432
7061
170
8983
1149
2187
5281
9295
2279
7589
3003
2928
5976
9834
5452
9925
5553
9895
8753
7724
2720
7935
9549
6603
2138
3161
3392
6784
7131
2354
511
7383
1313
7120
3225
2666
6868
9565
5011
9514
8412
5881
2015
930
2632
6665
7330
6639
9930
4850
697
3358
2256
1669
7683
6497
7511
3566
6844
7988
8795
8497
2164
9924
7078
5620
1615
8855
6608
2786
3056
5988
4883
9238
9311
6838
5920
8619
3971
5473
5831
6752
6853
2280
1656
7152
5126
9643
9437
6728
5155
3302
2720
7023
719
9915
3717
2090
3852
7012
5049
8474
30
7144
1794
4709
8475
3017
2357
844
577
8891
9595
1371
2157
2042
1643
9883
8268
9925
493
1972
9417
9880
7630
9754
3267
7859
8519
9396
3120
3829
4767
6959
424
7356
6722
9709
486
6946
8677
2109
7286
8593
6151
6263
3706
1349
4866
8676
8271
3834
3822
3927
6518
3077
9057
150
9513
2040
1441
615
4498
2960
7723
6747
4124
2636
946
4800
5320
1934
9397
1321
1247
8384
4686
824
3728
1367
6047
1918
2993
9842
1124
9286
7
840
441
7347
8298
6572
195
8446
5504
8061
7610
4325
869
9403
2139
1070
402
65
3356
6337
4436
2500
2679
8133
8391
8233
6421
8146
5992
9523
7622
4655
1836
8436
6740
3284
2195
3599
6501
8748
1738
951
5816
3186
773
360
9954
4324
9228
4976
1516
2927
6486
4787
4850
7506
8161
2307
8956
65
150
2049
2453
5981
438
2955
2489
2432
2663
8854
8875
6802
3563
4608
4598
3485
6683
9492
7359
8030
8278
2097
8917
1015
8006
4695
8169
7048
3586
9233
5123
9887
4643
6436
8598
9689
8497
9835
2747
7818
7871
7522
1660
373
6101
4713
9363
1878
188
1365
823
8668
4948
925
1787
8053
3131
1437
7974
5743
4785
5440
8846
3430
3731
8987
2159
7127
6010
4909
4987
6848
6745
9540
159
755
436
8543
4914
3293
5332
6291
6860
2221
8410
6454
4939
3717
4649
544
6557
7059
1860
7003
3033
2430
8676
8230
6641
7113
2554
2235
5868
5278
6377
3974
1922
5407
766
1031
7617
4587
6523
4681
411
8494
8579
6624
5020
7277
4048
8441
2478
5465
8351
7927
4987
9741
6507
7728
2079
2205
1902
7800
738
3096
422
1581
5843
4435
4531
9532
2951
3617
2927
1969
536
7179
6592
4538
3851
2051
3210
9364
3065
4113
9757
403
6926
8449
8987
2181
8899
3038
8951
5411
2685
8722
3942
7315
8071
6997
780
584
2745
4516
5489
8860
2537
6382
7391
7807
3148
1969
3877
28
8995
2537
4735
6625
3339
19
4654
7394
5447
2350
632
9913
4666
7516
9283
1813
3236
9277
6466
6853
1270
2625
6619
8548
8623
896
7865
544
1057
1179
9032
6930
9160
8923
6415
148
3986
7317
3975
8052
2343
3386
5137
394
3883
5576
4194
5021
7098
5577
4571
3871
5503
7024
8758
6370
5917
6186
8002
2443
2154
4110
6336
4268
3318
3702
752
5742
1100
9135
7827
5919
5301
8413
4509
7883
7488
6225
4665
3046
6701
2844
3446
5480
6608
5160
1426
2136
165
45
4231
7799
9314
1532
5898
8232
7049
868
7076
181
4823
8452
3920
7963
7750
8651
8569
7089
2514
874
8881
9692
1521
4955
5742
9309
663
856
7660
8157
2275
8616
5577
1054
4904
27
6604
3769
2515
6277
834
6619
9149
4483
8222
8249
8923
5483
7729
7956
6591
4337
9621
9291
1163
4538
6278
4359
5790
6588
7569
6193
3208
8918
7905
6207
2874
2866
3058
7723
2047
4800
4573
6237
40
2262
543
7037
6732
7492
386
5180
3126
9703
1566
7937
8994
6286
9890
365
3749
2245
7979
5927
8707
4640
3410
230
6578
2015
5374
6057
2424
6
5909
1791
9764
3384
9250
8901
3995
9240
7626
8297
6201
2388
3066
3505
7352
9968
7212
6587
2975
2693
3973
9802
6821
8645
7529
5399
8852
312
459
4717
2118
4328
2756
3120
3794
9775
8173
5610
7035
989
6370
4508
4618
9681
9725
6319
1574
9905
2878
6609
4803
8787
3082
9730
6032
6106
4970
1118
5854
3851
49
3682
8781
2908
6179
1873
9632
9946
9710
7577
1794
1602
9551
1985
6323
9465
5183
7139
8919
1210
3825
8946
7434
3849
9914
3330
1246
3025
7087
7687
4804
7054
9755
3184
940
2687
5727
1710
3502
7852
6687
1627
195
5301
4815
3200
9235
1096
3407
6567
923
7830
2199
4644
25
1102
6248
4931
2994
2848
627
6606
2858
2022
2772
4740
1846
6367
1044
3636
3737
3473
3636
1066
4522
2197
8751
2133
9034
6713
4095
149
9617
519
6764
6974
4854
5110
3158
9838
6438
796
8715
653
7225
80
8769
8172
2528
74
1354
2868
52
9771
2830
7450
4193
1132
121
7828
2350
4115
5896
6280
8753
477
6988
2339
5258
5798
9885
6736
3208
1206
7197
2941
4757
2983
3841
4442
3428
579
9604
8960
5359
1226
97
9846
7689
9313
2780
3722
4988
5330
7487
2323
4899
2434
1900
6747
3091
6429
2914
6730
188
4618
9659
8845
2574
9889
2692
1210
7291
5679
4399
1771
4510
6936
921
7527
380
7142
4649
5944
3017
6163
1747
7878
3718
4873
8041
2322
1082
7093
1350
6998
7664
2873
8771
740
1566
1251
7272
7799
6621
1569
6430
9309
930
5716
7812
7962
1512
4373
6367
5949
1779
6970
3713
4025
2870
1781
5127
7700
1847
369
127
198
4328
7401
4106
1636
8165
180
5960
9129
9870
6850
9322
1447
9732
2438
6948
8002
7061
78
809
6709
725
5401
5218
694
9160
4746
7870
9785
6124
9572
5951
6251
1442
6232
4980
3528
1609
6175
9797
1332
8412
7238
6078
4929
7647
2265
4292
432
4832
7124
638
1769
9560
3417
9472
8927
2182
3411
2476
3418
2310
6174
3004
298
898
3071
5
3499
7457
3419
6392
885
280
9477
8296
3487
9322
288
3047
6895
453
7437
4953
8999
8933
4182
6691
8024
6760
6053
1346
8197
3699
6378
9021
2238
4233
5780
4031
4575
2259
792
2975
1412
732
9753
1488
82
5120
5984
9604
1893
364
5580
2965
4873
1221
4005
1365
6715
6380
1981
6739
1404
2073
8194
7186
3902
456
6058
9254
3541
6257
8472
4636
9660
4461
3540
8267
9180
2694
6608
2903
775
6448
9452
7833
8118
3413
4148
1016
228
4415
7315
8195
277
4053
1571
9339
2537
2566
7586
9626
9062
6730
6063
5636
1891
944
3304
411
7681
5737
2184
4021
9771
9078
5963
4955
2621
361
9067
488
6307
5042
9026
9126
8941
277
4358
5607
2890
4200
5730
6613
5108
6982
3840
4045
385
3815
5941
7174
108
3736
3335
4490
2230
3294
8423
1199
8089
6615
6717
2175
3499
7097
3318
4020
7704
6937
6695
1614
6585
7697
7520
3480
7
5571
8913
2789
5237
1918
4569
8805
4419
1892
380
2571
1706
4536
6895
5646
1853
3159
7517
6274
7483
3554
3114
8010
3663
9820
6340
3448
7120
4327
589
2410
6215
9854
4482
6659
4381
5634
5961
6171
2046
7912
7756
1607
6717
747
2313
3168
41
1048
9760
3425
179
1246
5997
6453
2457
902
9125
5416
5577
1121
1685
92
1302
7969
6355
1851
53
235
1264
6219
7198
1346
4228
9571
5797
1507
1293
2916
7507
3172
3406
6071
4566
7164
2231
4969
3857
8029
4202
3479
6509
545
593
924
6226
7664
304
8747
4392
461
3114
9806
9783
3541
6227
8833
7017
6426
655
950
9608
6208
7909
2404
7714
5614
5525
4138
5738
1385
7994
2024
6033
7785
9709
6653
753
3303
3344
8133
1202
2545
8524
7045
58
3600
6287
1024
936
3397
7951
7431
7373
3251
3870
300
2635
8188
3210
611
2138
6165
3009
3006
2467
1090
3772
1998
3831
9574
8079
3713
3081
2522
9747
7063
7684
863
2346
4114
9326
4500
3201
2340
3433
563
4650
2781
3915
9409
4017
2564
93
2732
5994
5036
9536
5517
4578
8968
9827
4288
7192
1362
5318
4237
4349
4851
3504
6807
2616
1772
5842
9096
1284
7637
2963
669
9572
1904
6439
991
8083
4422
5557
5515
3620
348
6528
4710
7527
2166
6284
3378
4286
5037
7308
1839
7022
9195
6213
9799
9277
7107
6793
2244
6722
997
1447
8356
2073
8866
5945
2674
2529
8835
6205
2770
5804
9802
617
4000
8323
8793
9279
449
5488
2463
4809
6247
329
1124
3646
376
5690
6639
1714
975
7629
3312
8792
2623
8900
8171
2637
8660
6221
3609
849
5450
8832
4537
6034
7219
8578
2212
1476
483
7828
6343
6756
4258
6187
5200
8026
948
5219
5568
6983
5889
7121
5229
5141
2492
1009
7994
5099
151
6156
619
4228
1878
1614
9358
7414
5792
5089
6427
1798
3478
5163
1230
3147
1285
6556
4533
6435
3700
145
1688
3440
652
6625
4959
8329
3602
9395
3542
6209
584
7112
1324
4327
7208
2115
4877
2644
6829
7786
2233
5859
8792
3770
3505
726
5891
2082
3856
5935
6475
1558
1399
6
4467
7178
3575
5252
6654
1029
3811
6396
1546
217
1213
6365
3838
6902
5938
9169
1678
1889
9605
5913
7911
5829
4647
6882
3120
4233
2437
1520
5539
7607
9733
9025
5712
1318
9860
30
8540
9625
5990
5800
3974
5837
4312
8575
2556
7139
6888
8988
6143
4686
4256
4586
1953
5485
2094
8638
2530
6692
2132
2420
8591
2291
857
3939
483
2187
652
2519
7042
5908
628
2053
5898
3805
1939
2074
1516
6072
4325
5980
7345
3449
5376
852
3350
5147
7072
226
9223
1221
7499
1848
7492
3569
7209
1682
4980
373
8091
369
6487
4368
1945
235
4057
2202
8687
8147
3546
20
7121
6458
2366
6151
5075
5141
6915
4
588
5336
5115
425
3295
5821
8409
8780
4560
2329
6596
256
7093
1143
7980
3956
9493
2976
1504
5141
6795
1147
6459
8924
6680
9203
4100
1041
9481
1340
8494
2067
4767
4976
9784
2755
5253
6061
1073
6124
1826
5277
7642
6358
1551
3289
2926
5978
8477
8409
6658
2098
3637
1773
3209
9441
8876
6190
3745
4092
1720
7368
9298
3219
3834
4528
5489
2117
1358
5225
8702
3431
1903
5379
3315
1517
3505
101
7373
3390
6276
8121
2563
1071
4682
6396
8429
2993
1766
343
3878
9063
2316
6980
4403
4457
5978
4422
2523
7022
7800
808
4619
3252
9707
3227
194
8257
8458
1691
5935
8775
8817
354
7815
3599
4804
8227
8537
7438
6098
2495
350
1015
1346
9639
1115
4922
976
8857
5539
9083
7577
350
5590
5467
3502
9311
1364
1454
6201
172
4535
75
4407
5102
246
1961
9165
804
9653
7751
5884
5084
923
5305
457
3603
1905
67
2111
5271
7281
9600
6152
6852
1197
8466
4764
2347
97
5493
6862
7082
1237
5926
7959
275
6608
6243
9392
9154
5757
172
9204
7788
3198
2493
9426
284
5009
9898
7405
1296
9343
929
2891
4934
3923
7554
3904
1779
7197
6817
707
4159
888
8801
3847
4997
7346
182
6994
5661
675
2957
9514
7108
396
8364
3654
8704
9040
4479
7338
198
8087
5566
7739
308
3035
3024
6352
9054
2338
7612
1956
8940
9465
5044
6899
4397
8646
4429
2938
4827
2903
1743
621
6386
1414
5782
4538
5559
3899
5200
2739
2717
9479
508
6072
5321
1062
3539
1961
4321
3830
7940
3322
3062
1000
574
7643
5352
1464
9257
58
4611
1541
2510
7294
6343
4945
1352
8893
7253
8486
793
5154
7138
4873
9239
9460
8956
8972
1577
3334
5107
2467
8616
997
4963
8421
7558
5386
840
8138
9185
4094
4642
5142
8127
1176
6968
3214
9728
376
9709
4645
4708
5835
3037
2785
6184
8188
1760
1113
8687
6380
9886
5922
4950
2144
2924
1513
2330
7922
7386
5966
8052
9115
9300
6698
512
1996
6745
8062
2492
5742
9244
1201
3625
461
7759
2781
7960
2178
2236
9370
3625
9726
9450
2805
4208
8720
191
5983
8251
5455
883
1805
2990
3742
6593
5592
6534
6338
2273
4187
1442
3697
8621
2945
7135
8685
2296
4489
4384
143
3553
152
5686
8016
2341
8326
9664
6495
2490
1791
1805
762
9811
7036
4858
7439
8211
9883
3868
2166
6246
1621
9905
8048
7927
9927
1105
6505
5669
5522
6423
5701
1598
8108
1901
731
6118
4974
1401
8266
5928
39
3847
481
2382
680
3886
1584
8086
9696
474
2413
621
2218
3896
1931
247
7637
88
2413
7221
3159
825
6967
5368
6103
9163
1702
5135
4127
1320
3236
8481
5601
6238
6207
7773
9423
5666
7246
6041
9520
8419
5972
5048
4010
5080
9380
4212
9969
483
8481
4885
8988
1045
2768
9213
6880
5113
6279
1517
2184
6449
3958
8376
7237
3932
5019
5979
7688
4158
823
1971
2842
6372
7700
4739
4852
1919
1357
1022
9782
7489
5165
3644
2838
8351
9493
4555
3469
6993
893
4310
9387
5728
3856
3070
4461
7595
7811
78
61
3401
6524
5811
9660
6510
2042
2615
3344
8029
4360
4960
3755
5256
1735
4694
1284
314
5538
8885
4438
463
2510
694
3264
6513
2584
7113
2515
4629
278
7257
4107
1279
961
6381
965
9353
3983
6327
6309
6877
1211
5440
2633
5932
554
4130
3993
9162
1786
4146
2057
8926
5639
9597
890
5829
2546
3146
3926
4928
100
8714
7750
7103
853
2475
4294
5354
3728
1930
6330
9210
2576
7561
9252
7069
8061
7332
5959
8453
3120
3352
2843
6131
5200
5181
5640
1364
5490
5136
6807
837
2401
1380
6777
2496
7689
5529
5079
8078
9836
8639
5434
9856
7816
2846
6349
8078
345
3821
7767
5214
7187
5473
1808
6747
5871
1619
1903
5671
6835
2930
9863
8591
5122
5492
6809
1196
784
6756
9380
2531
2253
7880
8616
4481
7918
2986
8315
2353
8831
7562
1018
1669
7368
1593
3649
6927
9571
29
6624
6070
3626
9407
1243
6906
8775
6842
4734
2323
6037
5153
7294
3589
4440
5235
2961
9307
6857
7327
8829
2885
3303
9549
6839
9273
1911
8194
1223
3529
1843
9881
1624
754
131
3309
8905
2845
6637
1710
5705
1075
8252
5991
6316
3678
267
7429
7228
2132
8632
4342
70
2244
1200
3738
2766
4076
2568
1969
4995
581
5619
1204
480
6156
3529
6539
3457
1130
6330
115
2669
5147
1621
7753
4633
7312
3233
3161
9005
4481
966
9090
4897
7500
9810
9380
9554
6392
543
4828
277
4667
6714
5124
5456
7047
5511
159
149
3728
3972
6097
5802
8516
1672
4923
622
3446
9105
5454
843
9406
2963
513
9615
6529
6307
2980
6346
4149
6985
7064
587
1501
9838
8002
8432
6497
2297
7586
1800
3073
3012
5277
509
4868
3288
6381
5827
4886
8757
6107
7287
5089
3985
870
1703
6201
5509
8926
739
2531
3813
5999
6743
6907
5510
4300
8677
3670
6491
4125
1149
1519
3653
7769
6394
7686
4
4746
3241
9926
7152
1459
5391
877
9777
5498
7515
8968
6298
2230
987
3370
6846
9269
9259
7012
8533
3602
9358
8987
7703
2156
8394
4631
4958
5767
1435
6216
4475
4017
6197
762
5685
813
5378
2354
607
5866
7129
11
6784
9708
7372
4260
3137
7778
4673
4384
8510
9382
9153
6402
5388
4253
2222
4996
3065
760
5919
4010
4062
1299
4493
2281
6033
225
7684
6032
3890
6905
6404
2667
6472
9346
2202
7995
4783
4133
1494
7179
1094
7051
7705
5092
4863
9794
5374
1431
8591
382
9288
9847
9946
3119
5949
5485
5215
5091
8227
2912
93
8641
493
1604
2977
6486
9929
6041
2051
4227
212
8931
9266
8739
2916
7011
3593
9400
7417
6238
4850
6253
7440
3508
7616
6556
2720
3353
3397
6717
2779
9692
5906
8581
7085
2452
6558
6101
2114
8377
9865
9333
9380
4364
170
357
581
1207
203
8937
1891
5814
7674
1988
8062
3840
1200
6985
3988
6421
3765
6576
2643
5333
1447
520
3025
684
1653
463
453
7492
7285
9040
6373
5517
6872
3076
3337
7259
5975
1513
3150
4459
4826
6964
2018
3917
519
3245
1252
9572
2113
5693
4611
3288
6689
4047
2916
9649
7332
9896
9553
9739
8484
4398
8529
8633
5615
2545
6968
8123
3647
6729
446
2252
3426
8184
507
4482
8502
9107
165
8408
9210
880
5379
1591
4428
3084
8827
2825
159
3688
9926
6078
1959
3410
5974
427
8435
3384
8302
7973
6276
3129
5925
5384
5247
2358
9862
8505
3539
8434
1147
8224
9731
1144
529
7604
9019
6937
4204
2530
3717
4143
7963
9959
6802
4367
292
16
2209
79
6046
5117
805
2191
2132
6081
4954
9994
6344
2070
3221
322
9285
1725
2540
1702
6347
815
2880
8370
1407
1497
9179
5771
4255
2133
5165
5966
8582
879
2065
9846
6295
3459
2387
6029
7419
7539
9012
4447
2649
9024
593
2134
9308
3395
4857
6238
7418
5099
8020
9477
7135
3839
8672
4549
5938
5033
7935
9999
916
8988
1412
5464
4
3375
4026
5825
9337
6510
4283
8808
1803
8433
5720
2383
904
7044
6462
860
7275
8926
8547
3482
2859
2588
2711
2456
4787
7838
91
2385
9603
9013
3531
3661
7611
5129
2130
5933
9369
9032
6901
907
816
9211
7674
8702
8119
6288
3644
8894
8571
7075
2723
1989
440
7930
2604
7416
664
1569
1037
1498
6419
1898
9205
2789
4901
2058
4771
5774
4913
529
1491
8242
2025
7640
2666
3647
4913
4009
4337
8498
4194
1196
3814
2527
6289
1542
3221
9681
2524
4714
5269
7799
7994
5402
4487
8918
6
4884
3800
6060
1517
7869
3980
8041
5584
4480
9963
2800
5264
8956
2502
6655
7232
2539
7304
5222
8083
6677
6500
3359
8836
5089
3249
199
5260
3691
248
6623
3152
3747
3640
29
208
8276
6981
6324
7216
5772
6943
1808
1578
421
4416
3568
2211
8613
567
5455
8097
9264
834
3329
8383
441
7223
6427
4619
3780
2781
1892
4232
3340
9647
1516
5315
2473
6446
8955
5558
980
8006
2311
9734
4692
1780
8415
672
9681
7987
6646
3124
4793
8525
3887
2913
311
1645
9766
1052
553
1704
3435
2990
5050
7575
8237
773
2900
8252
9738
2167
1611
9897
7117
1258
8522
3595
3691
8661
8808
5754
4938
5792
6135
8768
9439
4815
5759
8603
5004
828
6680
7903
5004
9276
4570
9321
4683
7116
3542
7641
7772
1428
8249
4479
1513
4896
1408
2629
4391
6715
7953
1105
2244
4798
6765
7643
6854
6281
8136
3422
5013
4297
3248
8910
5486
3707
4892
7840
6688
9200
8911
6575
5118
1166
7982
3509
7543
1656
7255
4542
3406
3130
4212
8288
2874
5574
5658
206
2510
6927
2467
8402
8979
120
2627
3475
8180
9339
8992
7805
4
3567
5940
5190
7804
1377
5987
1078
6816
3255
99
5197
9026
3594
15
1883
84
4959
6035
9911
8049
4685
5330
9761
6733
509
7596
4997
8538
4506
5329
8204
2664
9449
4538
9839
7190
9022
484
1496
9587
4580
3389
9254
6827
7269
9375
5385
104
744
3390
3220
3303
9080
9756
5318
8237
6179
8456
7295
3781
989
2539
2309
7926
1894
2533
9577
9055
176
4692
1062
4475
4538
323
3468
1295
6075
2933
9464
1133
2211
4893
7794
1115
2108
4900
3583
9693
9220
1602
1010
565
3189
7715
8598
2041
1080
1328
4932
4735
9798
6329
9928
6051
2327
8745
8765
8756
6287
4022
2161
3246
8991
6161
1570
6095
4744
1193
5817
6994
8949
9884
9835
8573
3682
497
1286
6823
1725
1427
215
4747
8000
4728
1335
5881
4965
1742
8788
3363
6135
4826
3405
5198
9440
7764
1573
7027
6144
2502
7296
9886
5510
7938
5785
9914
6494
1354
2369
1830
7459
1942
7031
4860
3806
7414
5246
4263
4826
5688
1130
3002
2405
2454
858
4123
6478
4636
9133
5918
8923
4258
678
9222
4130
329
9236
61
8942
1420
9387
3610
9373
6957
5904
4193
7795
8545
1391
2026
2518
7310
2201
456
1372
4294
7480
3055
7080
1662
3435
1857
2221
6451
2907
3200
1263
7809
729
3476
8177
5184
5320
3405
6300
7520
3629
5448
6550
6665
6328
7933
3245
7107
3400
1612
2057
221
7850
9836
2849
6181
2981
7279
7985
7530
1389
2921
4050
2703
2929
9986
7815
7914
3848
7333
1990
8795
4155
3852
664
2032
6505
414
5334
5502
8612
5114
3051
1294
1143
1042
9958
893
627
1996
2202
8040
5420
8770
6130
707
1397
3846
3736
6341
118
5330
3258
6066
9622
3261
6066
3998
9171
817
9675
2566
1945
2483
8918
6275
9870
2755
1560
1887
27
6921
7286
1852
5130
3949
3375
5384
7721
9957
634
2659
6678
8992
5383
3281
1855
6984
1672
7881
4975
5960
1721
9810
2320
9636
6095
2936
9852
9855
836
8641
2285
1848
6314
3196
8043
1406
935
5672
9885
681
6277
9214
182
7016
5888
2952
7099
5636
4419
2885
1083
3679
6911
4067
5200
7476
9531
5494
7854
439
5532
7865
9120
1992
373
4829
2678
2187
5237
449
6049
5999
7996
4294
9683
2506
9627
5304
3747
3142
5837
4215
5435
7951
7558
8606
4937
2247
7995
567
1875
5441
7818
9446
5148
8411
94
8190
6643
1058
274
4912
399
3970
6836
5084
5682
2617
4384
2694
7848
4227
1747
4711
4601
1317
2430
1169
4434
1766
9892
430
4191
4670
8573
607
8181
8550
9145
1271
2411
1437
8661
2688
2868
925
3816
1464
1114
2473
2923
2319
7863
5301
2719
7648
3694
3106
4844
3831
5981
8925
3756
4876
1166
9843
720
5728
5396
6228
6903
7132
3471
3112
282
6410
5565
9058
1843
3676
7501
965
54
1960
8843
7572
2567
8890
1951
925
6913
5074
3705
5314
5290
3486
7681
3785
1522
3024
205
8087
6067
4885
5570
5791
8848
4751
5018
6308
2082
4635
1262
1168
6330
5016
8871
1795
6033
3593
7275
1830
3777
4471
9314
1828
3427
8157
7821
6796
8729
1780
7535
8818
3471
9413
4897
5168
6390
3051
8724
7816
3871
5642
8843
2277
3811
2537
8984
274
4615
5885
7751
7929
5748
8374
4310
1596
5570
3741
2364
690
6929
8222
7578
301
7100
2444
7696
6916
118
3702
5405
2981
4868
9459
7958
8134
5627
7037
8016
889
9173
7547
2180
2844
4028
9605
3070
5096
5103
3300
9597
2648
687
8034
887
5648
8064
8542
5177
1367
4840
2067
155
912
479
4770
3061
6289
416
6175
5969
8533
5725
1474
1517
9381
6041
4734
6272
7494
9373
2600
1813
6818
4104
2757
2293
6833
8572
2309
70
7085
1859
6648
6049
7105
7391
1268
2364
9258
6543
6780
4680
8927
7331
1064
6923
9213
6516
1505
9606
3329
2269
7682
1993
2239
254
3337
6808
7722
2476
6227
7716
8106
6105
8883
6674
9076
5424
4411
1989
4773
2370
7014
950
2593
7920
2885
9487
3040
5834
3080
317
7067
2703
6740
4816
4177
4654
3809
6851
4054
4459
4641
6781
316
9064
6573
2822
8447
4389
7846
3788
2104
9515
4833
958
5255
6731
9400
4319
7368
3849
3767
1888
9396
5910
649
5403
9364
4067
2496
4421
1615
7560
7935
313
7729
232
634
3528
1346
63
1039
8650
7987
9291
8212
7551
7869
5781
9561
7445
5253
9490
9482
204
692
2752
7384
4405
8414
1170
3457
4380
1893
3425
2173
4544
1580
4519
3229
5022
6096
5871
2972
7305
2810
5117
3901
104
7698
3097
7533
3583
4506
5051
9167
2124
8077
7730
9621
4976
2848
6229
5114
176
6606
6659
6757
4562
7118
3668
5971
3350
2552
4538
1348
9381
6518
2177
7394
5575
8851
7279
6706
5316
3637
9873
9873
6841
4257
48
6466
3850
4897
8252
2173
9867
757
2795
698
6150
8359
9339
2986
4029
7126
4182
1031
9967
3702
9785
5606
5900
335
4046
6125
5568
9522
9798
6539
6732
6786
9915
304
7070
7202
2121
8452
4299
2365
1481
8624
3722
1479
1243
7215
9511
4293
2676
8189
9454
8842
9905
3139
4471
4441
566
3514
851
2126
6604
344
959
6256
3966
9364
8444
9034
5915
6827
5005
5730
6731
7602
2221
1161
1884
4421
9091
6831
6614
1275
6845
1608
7085
7889
6880
6776
5832
2628
6636
8606
7601
2172
5760
1136
7665
7465
7512
1879
8771
476
8377
5849
3184
3724
2111
2303
918
3310
2556
6145
4422
4020
5512
5329
3499
9351
9171
6076
2484
1667
3202
3286
191
6399
8128
4558
1842
1084
3496
4418
6908
7212
8059
6137
2897
996
8424
3361
5777
4576
5858
2522
71
491
4183
3581
6660
430
7637
8314
8294
1435
9394
7103
7274
5090
5657
6785
5595
7553
461
9833
9813
8138
9236
7210
5960
9374
2432
2502
927
5810
299
7907
5809
679
3214
9700
2215
4546
7898
1411
3446
5182
6124
5472
7817
956
8863
7806
5338
1638
7765
8224
4114
6024
2708
1933
1254
6972
7621
7285
7998
5135
7387
2484
1136
1486
1294
6595
1875
5957
4569
1048
9655
9050
6387
4631
2013
3764
9393
5004
511
4625
7163
9288
8044
2074
3793
9785
7970
1281
8446
5242
6925
612
3413
8311
7795
3640
4336
6330
9661
2268
5930
9381
7068
6716
8569
5064
9637
8076
9920
7490
7579
2616
6774
3372
7971
8098
4439
9061
7693
1508
8624
594
7510
9327
4122
9042
5637
8075
6836
8373
9428
3062
5342
8243
8694
7782
2219
1327
3504
8728
148
9893
1360
956
7662
4308
3837
40
340
9696
9200
5274
8636
8152
3643
5335
1870
7741
2593
9526
9427
1561
1240
1546
8062
4517
7274
8531
4678
189
5879
3111
5557
8965
1360
8730
9234
6554
1664
9814
5205
5596
7735
7140
9172
4153
4426
7189
4599
3358
5911
4477
8733
3978
9300
8586
8653
9813
2893
3145
7034
5306
5361
151
3816
6089
9716
9670
6791
4912
6101
5316
6077
2779
4321
3830
3825
4100
2374
3908
91
84
3931
1319
4277
1402
4377
1579
9665
2774
77
9420
3660
8518
2779
9899
235
7584
3323
3083
4436
4755
397
9686
7256
595
8400
5954
9656
5469
4761
4553
7439
8985
3054
6949
1374
4042
5873
2414
1711
8137
5
4017
4835
6681
1655
7558
9999
4422
3595
6241
776
9291
9471
5335
9687
4245
4062
3682
3002
8423
1922
4195
8012
5524
1980
4674
5463
5830
8524
6192
1711
908
1372
6299
4749
6379
4850
575
8940
841
5954
5234
1874
8520
3776
8148
9514
7718
7262
7129
9979
2190
9412
3287
6215
5810
6004
9311
4700
6980
2095
4169
5897
7402
4529
9868
7918
3172
586
3307
9394
3487
4742
2161
2468
6688
2320
9492
1748
3832
5160
7744
8568
1395
6213
9520
1495
8084
83
8938
374
5539
5874
1959
8745
1785
9336
4471
3990
3907
229
6342
7131
3954
7735
6492
7448
7251
818
9526
3490
6512
7563
868
1820
4350
5600
4502
1189
5008
8372
9834
3088
1648
2932
3854
7612
2782
3415
683
7352
7848
5502
7840
3603
8817
612
4613
3660
9721
2072
4244
7265
557
5448
3862
7976
5006
139
4395
6184
4833
3282
8981
5535
395
3254
5483
1022
3880
8879
4665
3836
135
2174
5641
1009
9723
7264
3002
3737
987
842
1467
2936
4127
2568
2531
6200
9069
5878
2606
2643
9019
4498
2518
4565
6521
2304
3207
5562
5129
3591
9780
842
7407
407
7129
8382
9806
2853
8252
7741
7137
657
5196
3991
1815
6045
1407
7826
723
9282
1952
8001
6273
2022
4816
5636
9656
1075
4488
7418
4057
7439
8608
7396
1062
625
5529
3719
5438
4148
6393
6216
7625
4864
5506
8362
9301
8526
2750
475
896
5381
4839
5846
1638
1778
4568
5384
5591
1493
8725
8731
8364
833
3684
9697
2049
7800
2929
1189
516
7687
2387
6574
2889
5735
376
1408
6516
6453
6334
1130
8325
4012
6522
8675
2600
2761
5757
9283
6056
144
8128
3945
5423
7662
7851
6791
1180
5808
6313
1501
5596
1560
9959
3208
2993
8265
2957
5902
1402
3160
8868
9137
5158
7595
405
4352
4311
5008
7097
9287
2042
3645
5132
371
9559
8442
1151
5226
7884
3584
228
707
140
4833
5533
6764
4052
3313
5681
4335
9804
9854
7881
2896
1276
8990
8786
7828
7256
3499
2479
6171
8711
7025
9458
1950
6428
9588
3649
4551
7113
7730
8018
7817
2931
8160
8996
325
2061
3641
299
997
9327
2761
9483
2187
5764
2236
9095
568
9655
3323
7969
4384
1104
4057
1996
3115
5374
3583
336
4464
9664
1129
7221
2073
1836
64
9964
3115
9994
8461
5766
3615
3200
1481
6844
5949
7542
7270
6186
4191
492
3080
4896
3790
9761
3634
6712
8874
6164
5881
4950
8478
3305
5834
1333
8197
5540
7409
351
5699
2271
5979
574
1193
7556
4354
1184
9622
7213
6046
5573
8103
7396
6144
3972
6583
6233
3430
2312
8202
3351
1089
6951
4112
3511
7288
309
7366
148
8646
409
132
6919
486
1919
4513
2505
3703
6234
5406
2449
7090
1661
118
308
6847
1081
7161
1862
4749
1964
2109
5097
2149
2348
1181
9028
6461
7682
267
4045
3818
9474
8566
5637
5440
1184
6909
4224
9459
4077
2529
7196
6905
5752
6260
9428
6832
3804
6663
6207
3147
5503
5398
6682
8299
5035
4770
8138
737
5484
6044
6021
5966
1361
8631
7616
3094
4480
4867
5662
4171
2936
2403
671
9434
4913
8192
6396
6087
1753
2195
2657
1018
4060
897
8314
4075
1884
7338
405
6413
8771
3486
3974
8033
6508
1230
5543
7120
8644
6333
2351
8936
1001
2035
211
3100
4726
7247
3385
6842
8373
2050
8984
3288
3386
5002
1905
464
317
3540
1210
7142
4462
9249
5400
9450
8428
2637
2926
3683
2649
9276
7442
5419
9844
3720
17
2025
686
5213
9348
4636
3952
3562
8040
6720
4501
686
4647
1505
9324
5078
6803
5103
5123
5209
4473
1751
6634
760
4672
2089
4321
9702
4193
9096
4608
3564
3444
9665
4985
9880
9778
5103
4192
6574
3190
900
1208
8680
4948
7742
7990
1420
4359
7570
2473
2338
296
4634
9247
8265
5390
9925
541
7259
315
4250
9369
8943
2112
936
7241
4981
6519
9444
5300
1699
911
8549
2018
3573
543
7954
5812
6929
4098
2900
5342
6623
6623
2269
3268
8809
418
6720
4489
9853
4561
6932
6258
8939
1531
2264
6567
4011
500
3009
4900
4914
2269
773
1427
1747
2616
5673
7721
7436
4112
3611
3160
7414
8907
2746
2319
9843
7668
8432
4562
9799
4955
5447
7137
3978
2290
3079
2042
8278
1386
1801
6429
1089
7999
427
4353
5850
841
1520
6193
4745
8998
7052
5740
949
3772
8843
31
8784
9945
6724
6342
2068
8447
5101
9959
6822
3635
7448
9457
9536
3631
9443
6049
2311
7182
2071
9415
8479
8393
6469
9001
6147
2239
9817
801
7902
9706
6187
206
3446
3047
3257
8333
4661
5458
4361
2641
2898
468
7530
2214
3392
2063
6656
1113
9555
1003
3428
3767
1700
9428
1552
391
3475
7723
195
9828
8630
4299
2057
7115
7447
7242
6010
6489
373
1109
1387
6853
2821
9429
6516
8011
862
4255
5608
4084
5582
8703
1246
6899
6277
2420
8506
4018
1495
2865
4857
6938
5263
4532
4011
8598
8410
414
4766
6150
6053
167
740
8445
9615
6575
946
2270
2911
3540
9529
9220
2114
6111
4246
9927
3053
5158
838
5027
8736
1991
4993
7508
6251
4449
1589
8288
5417
7918
9601
448
9488
9457
8030
5415
7962
2800
7284
9701
1474
6235
1107
7955
3336
5637
4823
9152
285
4084
5545
3252
9576
9739
7414
4061
5173
3231
2193
5165
4985
2657
6852
4992
3939
9081
9731
2656
8080
8830
1964
252
7874
1136
3552
2500
884
7038
4172
614
9625
2437
8002
1333
2373
6348
871
9749
2043
3968
242
4731
607
2118
4715
8817
9382
6114
4015
4255
5905
2167
1071
1454
2120
5292
5377
8439
6186
4913
3177
8134
9059
1578
5540
2548
4654
5519
2619
7590
8209
9982
613
4111
8588
7233
9645
5756
6420
4735
3117
4770
3023
9917
4708
7458
1365
6548
9212
7081
971
2432
3563
7129
791
2108
5671
9028
6578
2167
4163
3863
3494
6425
6045
5923
1553
6960
2866
4887
5647
9621
2019
1450
1796
8407
5110
9142
6869
8081
1182
8106
6306
5538
6619
5777
6418
3483
3319
6480
1561
616
9178
4252
572
9254
1275
6597
3871
8785
5904
4405
3681
4325
1433
1349
412
2112
5333
2384
6997
6528
2158
8496
985
6057
7556
7956
9806
268
9504
8070
3640
6385
3325
5030
443
7766
878
2541
7131
8512
5271
8084
2177
6776
4424
1981
4104
5269
5364
4305
8150
934
9483
5032
8457
682
3267
4515
1698
3318
6791
3602
9281
7833
764
7296
999
6403
906
2646
1234
2791
5253
8484
1257
4074
6318
4208
1632
5574
3851
4536
4904
5198
9919
2705
6902
8293
6572
9761
4499
6363
843
3812
1721
1668
8803
4343
6012
7128
982
7701
4363
2718
3071
5358
5681
999
3774
4383
4363
9059
2882
6123
9467
2255
8698
4082
7914
8059
393
2706
9830
1144
8146
4871
1948
1440
6763
9589
5271
1974
8196
4504
4592
6149
173
2185
2127
4561
7024
5903
4518
2189
5397
5440
3480
4719
4345
9465
2969
4720
6429
7953
6734
8276
7871
3218
4571
8200
3409
4241
4235
4185
9112
2389
862
8377
1531
3317
2082
6512
1955
3352
1035
4490
8188
7641
5747
2706
1390
7229
7094
7297
6619
550
5544
243
7769
6316
8278
6954
7614
3926
1151
2782
1667
332
3076
3008
4577
5102
3187
1028
7383
6457
2764
3076
6918
2244
87
230
7471
1865
6809
6180
7146
6938
7565
8562
6844
619
607
5215
5038
5127
8898
8028
2200
8252
2822
7855
4564
2738
8128
6287
4042
6066
9914
162
7785
2467
3325
5525
6228
8048
9483
5748
7117
4971
5635
4729
2766
4514
6164
3957
4495
7971
5989
2256
7558
4736
876
8665
9422
2232
5665
4732
3736
521
2138
1080
7024
7403
776
4376
7294
5082
8987
6990
5643
3149
911
7229
2617
8092
5088
50
6574
4170
1792
6070
76
7657
2604
3049
1591
4659
6103
3996
2382
4751
2012
6595
2833
4554
7705
5363
3738
1788
6663
9412
8983
8998
6613
4408
3824
3646
6048
1329
7143
5615
8158
9565
8729
6067
1003
9366
4798
7726
2784
2634
8979
4991
4608
892
1137
4315
4396
8062
387
9724
6312
4785
7507
2379
7086
1077
1044
8195
9224
7945
8611
4773
6852
6766
6592
2447
7866
6765
3551
8338
565
6011
9003
4029
433
3992
4390
5720
3271
9509
9249
7986
942
7418
9303
3372
2057
6349
8981
9925
8322
6603
8501
4838
4023
4205
8138
7841
4299
8689
6449
7631
4510
2048
9159
300
5782
3478
1946
3094
6687
5323
4923
9715
8695
625
3831
9434
7463
3219
389
1517
7783
3625
16
3962
7509
4164
6
6228
5853
6549
1420
4582
3060
1618
3475
8893
8258
9002
7590
8579
4403
5887
3238
2998
1679
8786
6143
3397
373
8704
378
1080
8300
4931
9847
885
2032
5197
2791
1617
3472
5718
7240
138
3902
341
6655
7077
7149
4938
1175
8460
5629
1809
7114
1896
386
7017
2282
8723
8021
6608
5854
7149
6171
340
6281
8128
1770
2589
6861
3061
6210
5973
5107
8685
8647
3100
9095
