5030
2351
8892
4643
1016
3971
7
3885
4297
7953
1303
6560
8848
5252
6742
2777
6033
6689
4046
9733
2748
824
4779
8480
9211
4745
3401
7303
4869
2051
2746
983
6797
2877
402
3346
4566
914
3135
311
4204
5200
2367
1894
6400
7944
6345
2855
8698
9951
630
1928
9498
7687
2157
4206
7571
411
5432
6270
569
2704
9015
2246
5207
320
9762
5971
4850
3396
8211
5119
3553
3735
5528
7547
8456
2884
2080
1267
8399
545
8605
4918
1420
818
1484
9110
719
6195
5774
4154
5481
6865
9741
1500
6185
121
6687
6080
8181
374
8005
5302
1740
5510
8374
5763
2159
4609
5749
4687
8331
4165
7871
23
4098
4097
825
4388
8835
652
5251
8654
7621
4056
9637
6688
3993
4027
1362
8335
6197
5999
3085
8024
2540
3303
3178
5909
2443
5721
6950
6109
446
1087
5822
1315
8993
9718
7401
2088
9296
2298
7244
7529
5122
9350
7680
7683
5872
1686
1769
8132
3247
7414
8489
2332
1080
9846
7482
795
918
4915
1945
3114
3701
9142
8208
6534
8233
8322
7694
4275
6625
9274
9039
3899
8754
5556
2901
3190
5622
5494
37
757
3951
8818
2862
3032
2598
3490
235
9147
2235
6606
1169
4380
352
4130
3827
5980
1141
1146
9449
7550
3991
7494
1506
3972
8374
4589
3577
5523
6944
4292
5172
5424
4878
1187
9162
4883
6280
5176
3935
4743
8086
8547
2040
19
8105
4658
3546
4624
1728
6921
2048
4476
6045
2486
6766
6456
7311
8889
4657
8008
9913
4712
2202
7943
1433
5745
9502
9165
4967
8944
9700
5965
7210
4706
9464
5443
5454
1487
5867
3716
1043
8952
3794
23
2243
696
9378
2391
4421
2706
7571
7390
518
5926
4829
3374
6345
4096
8585
2360
5155
4381
9656
2784
7220
6083
7265
1339
3022
1322
1002
5824
3022
941
6965
960
917
2178
5699
736
6366
7110
4743
2261
1373
2309
5446
1283
9876
6089
9097
1357
2901
3506
8560
6661
9295
1010
2802
6160
3430
8039
9369
3098
1703
1746
4368
9577
8961
3869
2456
4166
8397
7848
5994
8045
9638
7395
1410
4911
636
5981
1462
6932
2224
9644
2923
9515
2380
304
1665
9907
9376
9538
7306
8326
7741
1644
557
9627
7941
5869
2322
6006
3633
4931
2959
5052
7512
514
7023
1900
9599
7891
5524
7448
6576
2436
873
2058
8823
4852
7196
8656
2204
2548
4790
8858
542
7667
304
7993
6838
1783
6970
4766
3659
5455
3299
7293
6684
7870
2002
1865
3280
9765
308
1485
4014
9857
1749
5304
770
8498
804
3088
8672
3665
3802
1084
140
4101
4509
9845
210
9030
5061
7815
921
757
3789
1120
9137
3580
5374
952
2850
5331
5375
2439
2240
3305
4844
685
5917
5000
7222
8339
979
3881
6094
9993
1653
2215
7152
2583
3360
2157
1655
4250
4703
2493
563
3256
6067
628
6166
7190
3124
9851
238
3341
8289
1363
8843
6835
9257
3824
3927
5210
1807
6722
6835
7039
4663
3796
9467
6921
6427
2790
7591
692
3675
1124
7735
9747
2741
1587
4617
5288
8833
32
5215
1128
3643
2752
1703
289
3371
317
3326
9536
8230
6444
2443
7981
5657
3524
8592
2271
1161
9244
763
333
2260
9545
9665
7164
3628
9096
4093
7669
9206
8638
6376
1775
1506
5707
3396
1911
2092
9178
3549
6109
9464
8054
2462
7230
8681
9754
4089
9217
2995
2346
4127
9588
9269
4881
8867
4097
3086
4538
6661
4275
6223
5656
329
9591
68
668
6474
9950
127
6681
178
1982
5695
4653
869
4205
7082
2434
8483
3873
5007
4876
4674
6860
4510
6788
2506
6625
6839
9298
8824
7553
2517
9274
9886
3807
7724
2871
7162
8013
3280
4139
9089
6314
2167
2144
3893
4616
4011
4662
7014
651
6055
2787
9268
1346
982
3469
5080
3279
8161
9848
3110
829
7856
2625
9465
6420
4766
7062
6480
4211
5272
470
592
867
5787
8360
4693
2366
2894
7890
2614
2176
2284
8172
1498
9729
6
8539
2824
4255
7790
3882
9851
3431
1028
8260
8457
9542
2678
7473
9849
6949
8182
2803
5379
5585
2194
8400
5559
2622
8776
2714
385
271
7234
933
8544
9683
1126
9736
6414
6227
4237
2224
6421
1389
618
7161
9839
7527
9902
5150
9687
5421
8040
5664
3994
9481
2793
5913
7534
1606
2980
201
5479
5076
3497
9579
6197
94
9715
8773
8415
2941
1058
3622
2711
5957
6381
3990
4966
5033
8560
8031
2720
3625
3026
4963
2230
1569
6939
9063
6890
5213
2202
4807
3246
4035
6745
1345
7892
1038
963
9744
7811
1128
6734
6745
4362
4418
2953
8037
3099
8803
946
2500
3045
4948
7481
1853
2049
8533
7349
4627
3155
651
1883
3202
739
6251
375
8675
9211
5036
6097
3928
4070
8815
219
1591
6890
6280
600
7812
8616
8902
5964
8087
4266
9702
1762
8298
6554
4892
9295
9358
3689
6335
6589
7160
9244
3532
6006
8111
4043
4277
8825
8062
2705
7018
8430
4229
4728
5889
4962
5768
7933
9537
6011
4253
4686
3796
8936
1037
4488
2077
2121
4319
5740
6739
238
7734
2226
3059
2347
3358
274
2489
3769
4338
76
7901
5381
7247
1271
7532
3569
664
9929
3527
1425
4152
324
2336
2473
5448
4595
4968
3622
1965
2156
4505
2322
5965
6779
695
2002
1668
3542
1604
5494
5444
5768
1673
4176
6785
8414
1688
9765
6956
8507
1457
4389
2213
5314
6086
7410
9890
585
6898
8762
5305
8866
1803
2182
5570
5579
9416
467
576
5529
1900
7121
8325
8032
5980
8384
8650
8159
5688
7034
2907
5203
6666
3458
698
116
109
651
693
3285
2112
1083
6644
2841
188
6577
3964
9490
8605
1206
8998
1220
9189
1426
6606
4335
6064
4180
9333
7701
8759
1730
4897
9864
5854
102
2199
8344
1483
5454
5470
8765
9774
7290
3417
817
477
5483
7844
9403
4419
9160
9554
4482
8035
1687
6013
5240
6852
6363
4051
5928
1317
2991
4526
381
6185
6779
6986
86
4378
5620
8006
3150
5736
233
1446
1898
8008
5788
3857
580
6336
9930
3282
9599
2176
415
1828
4167
4088
6959
1492
5119
1403
9541
7447
6782
2764
3036
4631
3697
8497
7757
5024
8799
1153
6403
8746
7802
241
4115
7231
1063
2506
3471
9592
1386
9709
4926
8204
5770
4951
2819
5998
7419
4127
2887
1747
6194
2785
4663
9134
4972
1156
159
2083
8578
4905
4483
8445
5773
1669
4025
3926
9972
9727
428
2613
7931
9949
6060
7073
7837
4831
8861
8746
5678
1758
7605
4671
8266
4656
2551
5017
5577
4980
2259
9906
2346
1387
1013
6481
5225
6481
2431
4101
925
8892
6025
7691
3698
273
3815
6245
6724
7590
1296
140
2295
1413
6405
6819
7299
9811
179
1117
9117
9008
8348
4992
7467
522
267
6544
8935
9579
1847
1356
2400
4759
7820
6785
5733
9913
973
7992
840
6305
8293
7987
3684
2118
7611
932
4982
4194
9181
5414
6302
1314
4983
1917
544
1033
223
3176
6
7271
7310
7144
5743
9940
7740
7535
3592
9619
1086
7385
8838
2186
276
2811
714
361
1307
5349
2910
9334
1562
4741
397
6432
5054
1085
9775
5903
6241
4699
9689
7796
7986
3569
8995
1148
2244
3743
4377
75
7340
5362
3107
1795
6576
4115
1037
2172
1203
182
9725
4874
265
671
5709
2569
6747
9310
4886
6654
7760
7689
3378
6386
7696
1041
4199
6707
3816
9566
8117
7564
971
2834
1994
6199
1633
8601
9856
938
48
7603
4700
6058
4974
4815
7531
7315
7859
6425
4401
2934
8857
7723
2315
9650
1983
6721
4099
5535
9916
4330
8355
1636
2065
2161
3902
7430
8677
9509
936
8145
9453
3947
6606
156
2989
7320
1411
2880
3510
6884
8847
7390
5164
5182
8706
3248
519
2343
4216
4911
4502
4321
1022
5718
9248
3063
3992
2812
912
100
8637
8350
5489
6255
3480
4909
1116
2158
6661
4662
5309
1218
2025
3031
5482
964
6471
6883
3454
654
6911
6333
5293
6024
3643
5131
2925
888
908
9926
3328
8598
1968
3410
8246
497
1900
8909
1701
3796
2131
8360
5682
9553
9602
3283
2296
7990
235
8283
6591
7109
9357
258
3188
2304
3057
9465
2612
8348
1984
228
1250
6735
1334
6710
9250
8615
4784
4985
9063
7562
5181
9658
8522
8550
651
5739
6422
360
2835
4934
652
2624
3334
6219
9241
1710
221
5942
7439
2435
6296
3352
1812
1903
7110
8947
8219
2891
4032
3681
3205
5250
9219
9028
1927
9699
1735
4637
1653
7317
3043
2252
5513
7049
9575
8625
3400
5115
7469
7540
8393
8842
7545
6628
1266
1828
7845
6618
1440
1703
7520
3530
6327
9154
1728
5402
3405
4306
4291
9541
9974
5583
4288
122
9392
4044
7839
4763
2328
8484
5546
3103
5422
6491
5287
4363
7704
2591
7762
99
1854
5116
3197
9949
9797
9512
5924
6359
5320
4172
5220
9094
823
7928
7566
2810
4553
7423
7235
7221
3988
3082
4290
2956
6157
4416
8108
9836
3866
7365
7698
813
6543
4191
7686
4857
2385
4339
325
9880
8120
1480
9442
8155
3263
6452
2279
7493
8925
2477
9809
280
5355
541
6110
8772
826
241
3792
5380
1403
6088
2493
7954
6474
4406
2550
6632
241
2708
424
214
7098
7355
9100
2508
3639
6134
9692
9704
2136
614
910
1388
7556
7417
5458
6002
8081
8914
4030
2144
547
4944
8476
2032
8986
1488
1681
8856
3901
5647
7252
6217
2053
9594
3182
7999
1440
3601
5132
4692
548
4087
3243
788
5177
1104
398
9056
8948
6548
8551
1326
8677
8279
9666
2153
8879
7068
3521
2151
4452
836
5803
6489
3362
4693
9335
7961
4234
7458
4562
4479
3782
9338
1596
6460
1701
7687
6854
7882
1090
2625
9907
7353
7096
5925
7539
3773
9928
1028
9120
4371
80
2981
239
9711
8284
6754
7426
484
1768
2436
4821
1490
1986
4072
7544
9338
6682
3206
452
1191
213
5638
1061
1827
928
8449
9392
7436
7153
5562
8033
3205
8337
190
4398
801
9099
1884
8176
4946
260
6370
6114
8653
7803
8417
5367
3024
8381
8201
7090
6721
576
7928
4158
4441
1919
8412
8783
9834
7361
9990
3331
6205
4402
1615
3152
1795
9673
6743
238
4797
5030
5505
931
3843
9524
2407
4023
2510
3082
6368
9055
8952
8471
1311
2629
409
6032
9957
8881
687
3101
8341
7584
270
3038
9908
4250
6187
5265
3571
3351
1638
7962
2293
1691
5070
6997
314
4917
9512
4388
6273
6751
993
935
4378
7734
3091
8986
2743
5763
9715
7861
9551
1696
6688
7921
660
804
9615
8156
7835
7245
9511
3017
7416
990
6178
9619
7559
3411
5717
5040
9369
6299
6828
1590
6591
9335
8659
2174
1159
7201
2521
7807
3635
3776
8410
596
5002
7149
6337
9509
5301
1355
6552
9027
7240
7976
3518
3388
1556
3471
1427
9331
45
4675
8492
3252
4868
5098
1329
1324
2144
7440
6997
634
4723
1704
9381
3640
2579
5582
4616
409
7074
6208
9738
8014
9746
7800
4350
8614
5817
5271
618
7687
5774
3189
7761
8960
5283
5158
5727
9904
5819
5012
7364
7860
4357
5918
4304
5536
8594
9877
808
5974
8854
1017
2257
3837
4936
478
3505
7068
748
2715
5507
6873
6822
9309
4859
1533
3942
421
8356
7421
9854
4712
4590
2061
8843
1878
3656
3828
3496
8813
19
5939
4462
4644
8833
4757
932
3923
4023
4805
1652
8659
9155
3103
9505
491
1037
5048
1058
2770
1593
8173
1521
3387
6119
4141
6426
195
4993
3058
6822
9677
3572
1934
2695
9567
2410
2178
476
102
601
18
6397
3551
5769
1195
5556
1486
2556
8352
840
8607
2770
725
7220
1846
4418
1075
8524
4691
8331
737
8930
965
7982
1974
5086
7221
408
9937
8080
8859
4572
955
2169
1575
1775
7969
7617
4924
8585
4939
7638
6641
2217
8214
6907
2846
4714
849
5149
1334
3653
5784
1771
9863
1088
5431
5568
3794
6108
8335
1078
2619
272
1980
4035
1814
8556
5645
70
6449
3458
3600
6106
3391
3098
2288
8747
9768
5067
2240
2506
9559
4788
6745
5205
8787
9184
2305
486
6344
2400
3823
8815
249
3860
5019
6368
237
4178
5092
4290
9069
778
8700
7876
53
9678
8379
6765
8799
6683
5800
8726
3868
5828
1519
7831
3526
6774
5248
2630
6250
5158
3726
4048
9635
4785
5856
9530
8078
5920
8510
5589
9974
7949
3437
8780
6088
8868
5152
9108
804
5539
1687
9660
6600
5096
4947
4420
2341
7188
2842
3462
8929
2462
8039
3910
7052
4651
8241
5268
3821
8849
8686
2879
8173
210
8752
5918
2391
2739
1743
4657
1622
6139
1825
710
3470
4066
7448
4538
9837
1435
7189
890
3077
5047
6660
7512
9909
9526
1728
1436
627
9884
5287
1955
6853
8807
1486
6389
6343
9028
2029
9602
5445
8184
1840
2790
637
7329
440
2986
7202
3702
5430
2385
1659
7796
9801
3125
3550
1240
6009
2864
1011
306
4030
1737
852
9869
3857
4662
2579
1059
8195
809
9406
7587
5444
4893
3207
3869
6874
2580
9086
8741
4233
6924
4454
2901
295
9056
9006
8360
2839
5103
3019
9165
8591
5138
4153
103
1937
767
3471
5777
406
6143
5507
4620
2979
4072
2351
4908
9918
9680
4365
3428
3777
2269
6072
7106
7282
7951
9574
4801
5656
4218
8220
3091
7790
240
8995
305
739
3104
1932
6107
9108
3309
8335
8089
1416
9834
9921
6222
6704
4097
8442
3158
738
9590
5387
6321
9066
7047
2820
3985
1192
8670
120
6187
7923
2416
6830
2738
5076
2045
4169
6814
7748
8257
4320
468
3933
7983
5689
7448
8029
3351
8096
1558
5776
5061
2352
8199
4853
2674
1239
3691
283
7946
4914
437
3189
2147
166
9000
3004
7182
1146
4659
9928
1628
5410
2480
5270
4919
2388
1082
1358
5372
5956
7841
574
8561
411
2862
63
8630
7885
2402
805
477
6530
9801
3343
3882
7279
1785
7816
6688
4444
847
2205
3436
1630
4147
9651
9871
2928
9933
285
157
2332
4911
1990
7072
9863
4627
1736
7304
8936
4373
9296
8743
3853
9450
5097
5608
9137
1388
7640
602
3265
4669
928
5108
5636
7137
6931
6263
3210
192
5701
7952
2117
648
8144
1618
7810
6270
4018
2651
49
512
7752
70
1550
3461
9583
2179
9050
4042
734
1540
2293
9683
6891
7662
3983
6881
1436
2725
7696
5473
4093
8744
8671
1344
6626
3205
1306
3478
7798
2867
7369
4989
553
2753
6917
857
3558
2174
7554
4751
7213
9168
9458
4161
5659
2433
3757
482
7635
929
4833
1293
4954
4575
6419
9007
1398
206
6835
6378
873
5571
6244
7866
4170
7304
9129
4138
745
3126
3323
9262
5171
2944
8259
4924
9286
4510
5685
4192
9447
823
5843
6868
8033
6076
34
5977
6333
7909
9458
3352
5338
1176
3878
1642
2924
1591
9990
8354
3304
9619
9736
4509
7605
5571
6122
2009
6315
1494
9721
6888
4520
2643
6930
49
9727
9375
9832
8093
7269
3151
7804
2835
3667
9971
3923
3994
9066
6617
2000
7695
4519
7330
887
9828
1086
1334
9262
2462
9954
8024
9662
4838
8187
2570
8831
2695
4245
3829
1914
3549
1758
1897
1084
153
1814
6901
841
7634
1647
2127
2943
9698
9494
2026
2368
7189
1755
7102
8962
8393
112
7370
8139
9245
3489
2965
4647
1097
1139
1227
9748
5237
4702
8451
5936
2622
6245
734
8013
4185
492
1628
814
7826
5080
9964
5343
6161
201
1641
940
7143
4866
3521
3436
4387
3757
1839
6663
8848
2253
9744
6495
419
2378
7706
4995
1043
6089
9746
943
1020
9089
4776
7900
8484
6555
312
4165
3525
7622
8486
895
9497
287
2604
370
1181
5014
1549
8864
4406
4071
9164
1932
747
5133
394
5447
7373
4969
4300
71
454
697
9919
8054
89
5620
4952
7832
3445
7674
3138
1226
3767
8848
6997
132
9773
7336
3813
6028
4540
881
6537
6949
9925
2844
7152
3350
6160
4864
6791
8556
3321
8414
441
8799
367
4550
280
5560
62
3716
5419
6732
932
7937
8164
1899
8136
262
5673
37
1155
8271
5530
9572
4160
2970
8129
7245
8467
1601
1671
8580
882
4582
7904
5352
8407
8197
9764
5223
7055
8252
5966
823
5462
9804
6016
1987
4679
5253
5214
5897
9190
6753
7400
5050
2883
868
4639
7397
6421
3035
7093
8460
2045
6839
5849
6350
32
2812
3491
9938
498
450
2981
2902
2304
4707
4110
4355
6953
6141
2565
3213
6387
5773
9389
4128
7181
2854
2468
7539
3557
2366
8802
4020
1159
7506
8778
8622
3954
9666
1955
1867
1762
5275
5399
8739
3772
4498
2745
8176
6757
283
444
279
470
3879
2073
6272
7449
1720
9169
7177
343
5951
6380
8131
1648
8961
1742
4798
5928
5488
400
7286
4186
697
1451
1111
374
649
356
2683
108
4292
782
3274
1922
8522
3550
7280
5432
2506
1173
2233
497
4777
1523
5810
8895
7267
7091
4811
2755
7947
2247
1269
9882
3157
6092
9772
2428
962
5897
6799
1364
6485
7069
6051
5169
3106
6209
3125
5411
4462
9365
3422
4314
8166
6789
9409
9173
5640
2216
3106
3558
5545
9928
2161
2044
9513
3391
8765
2429
3777
4852
4470
6608
4374
869
4011
7708
5472
641
5788
1057
3965
9400
8292
8581
8825
6954
1715
6367
6683
598
6788
8746
2791
3241
5819
6557
4907
4006
5656
9715
7444
695
1633
9610
4894
6814
9940
7297
2777
1701
3701
4998
6427
2048
9592
6145
1635
3580
3219
2558
1675
2397
5746
3179
8063
5724
3816
1133
5049
7453
2800
1465
4985
6073
3613
3269
7766
8681
3686
2010
7014
4418
3589
4982
6897
1789
2318
742
3648
9674
4922
1326
787
3097
8039
5046
4949
8454
1546
9170
2997
8807
2247
5324
8900
2235
13
354
8435
6322
8378
2953
9894
1209
5544
7257
8807
764
6281
6274
3406
3074
7484
5375
2531
1473
678
1887
8033
8566
8320
9312
7135
4516
9012
8206
2170
8265
6081
4661
1776
1963
2307
7325
1295
1968
1432
9578
7552
781
6239
4185
2172
5272
5764
9923
1322
6872
2792
7426
1556
8125
2321
9868
8002
9066
5818
5378
2196
7337
5087
542
4682
1620
4497
1442
767
158
4079
563
41
1100
4335
7251
2327
4135
7139
1862
8751
9089
6883
5298
5473
8655
3105
3651
9642
2438
9323
2229
6149
6054
7381
214
5694
5697
9502
552
775
4321
9155
1163
2792
2229
7385
455
3789
5069
7541
3867
1926
3956
6626
3106
454
9788
5069
6027
8514
846
1800
8329
835
1850
4413
3986
3718
4120
1557
6630
4632
6587
1087
4430
9934
5719
2506
3243
1269
2649
9861
4573
4896
5456
302
2193
9428
4275
9760
5905
627
3475
2037
9929
2520
826
328
941
7816
3398
6736
9669
3511
911
9234
5339
2869
2195
3171
4734
7282
1825
4757
5864
984
7227
3432
5378
1548
2219
4557
9443
4359
5651
6002
1157
4549
1158
1910
9107
5391
1564
5427
7870
5913
191
1061
3984
6222
4962
9324
7233
1103
5026
8622
8802
8717
6172
8944
5293
7393
4950
9393
5596
8841
7293
5309
7859
4909
8076
789
1711
285
4064
9343
5718
6397
6887
9951
792
6166
9447
9156
6585
2894
7324
8339
9333
7029
7199
2440
8376
2213
6617
1714
440
2170
9830
9029
8620
4881
3201
9075
8145
4172
7613
6948
7039
5683
2904
2404
1829
6221
8151
9126
7945
5794
2808
2701
1516
8953
5976
830
7709
5636
2413
9497
3668
2349
8902
3548
6566
7857
1331
5911
2964
372
1011
2412
5281
376
1299
3649
4125
4794
610
2155
4062
7490
3768
4646
9361
7128
7512
9666
8905
2370
1366
2508
1759
8116
3280
4690
6780
9355
5837
3972
4890
2240
6162
7573
4783
396
7420
1140
7654
2326
6705
2914
5026
258
5435
6177
8580
4256
4186
9437
344
1664
7005
593
9006
8502
652
7164
7096
6609
6869
4769
8957
6637
7264
1821
1327
6195
9863
8965
9708
6372
2012
6578
5665
8451
7482
1501
2681
7102
6109
2524
5168
6399
3627
3225
5234
5568
8567
6280
9743
255
4044
1044
5457
1936
3957
8388
2993
3613
4849
2385
4392
5221
9729
3972
9652
427
4928
554
1020
9151
4483
9993
500
4344
9600
2557
3010
4039
6587
5759
7628
3582
9221
9452
2328
967
1120
3729
4494
9093
8507
9068
2252
3724
8131
9947
6670
9655
3572
4806
640
8012
5260
591
5772
4050
543
1112
2335
1400
5377
8954
7025
9090
4756
809
5999
277
1644
8684
9307
1199
6060
1926
644
5415
7741
6776
6212
9653
5886
3355
466
1780
5118
9616
8322
8630
3680
8278
423
7
1393
3093
3715
9552
2042
3161
8967
7322
3947
6393
8011
4887
5499
9441
1952
3333
9947
356
6308
3767
4900
2681
5513
2022
8488
5245
3972
5140
2487
7369
6596
3366
8260
9299
9805
2966
8210
1091
3373
4580
7808
8890
5706
9493
5344
5578
6280
5677
7664
4988
8682
3324
1969
6656
5107
8711
7580
1693
1064
6796
9189
3827
4835
6578
9796
4644
6626
6200
9635
8985
5123
8856
6982
1728
5958
6009
6975
6019
6678
2910
8964
8295
7476
7498
8686
3272
1396
1604
4191
1093
5385
6517
26
6576
5391
3981
4055
9127
9697
699
8951
80
6041
8678
9865
9826
6341
241
697
9097
1736
1561
5014
8154
7832
893
6351
7337
7891
6524
3248
5022
2008
8541
3600
8605
8829
406
6337
1977
1954
7847
6322
5979
3958
8884
2253
8797
7632
8859
6931
1155
906
5094
9357
3824
1502
1872
8744
4497
7629
6718
1235
3173
7451
3929
8071
7499
5078
1259
997
5935
3904
8719
7142
3888
5238
9035
4195
8948
8640
7553
9704
9032
9592
2092
4115
6914
9183
9775
7102
6957
1661
1839
4348
5236
6611
3149
8528
29
812
4753
3719
6372
7862
996
7251
2186
7951
5469
8585
2467
7676
9796
5856
76
7013
2203
3580
5358
9813
1157
8315
5302
4157
4039
4273
2064
4371
1906
7276
2089
507
4166
8136
3886
3833
3332
1170
8596
4841
1928
8962
3714
1189
4635
9281
1865
5982
4271
8223
4408
9569
3169
216
9654
6438
8417
2215
3822
6722
5187
7815
6045
8193
6496
1960
3509
1659
1970
6242
3681
1032
4983
517
7884
2194
4601
4112
9521
4758
2407
6081
100
3683
2868
2520
7337
3950
8481
7448
5416
1116
7348
1874
9654
4113
2917
5521
4693
2675
5771
205
4012
8029
4541
3375
4585
2652
2331
7459
1836
4304
2693
9063
4315
9105
7714
2362
5324
3976
4622
9559
3178
4522
826
2564
3684
3109
862
3771
9277
9080
9419
6846
8987
2201
2069
2070
9141
9492
7934
4685
1618
1021
5611
1111
8422
8284
7559
548
6398
555
196
716
8052
6212
7027
9490
7202
1976
9690
1476
1789
8560
8182
2756
4885
5847
76
2113
7036
5644
3220
5832
6041
9937
7940
2156
8910
9714
4141
5400
5550
314
7372
8722
8883
8702
8793
2774
5174
2578
4868
7164
9802
6457
2895
3058
2839
2855
6226
2575
8208
5445
3512
754
7334
4364
4674
8115
8271
4870
579
7487
7835
4290
5926
1475
1187
9459
3873
6182
7053
7301
6939
4457
775
6056
6029
9584
7041
4881
9317
6055
3488
1566
7191
104
6801
6618
1388
4519
4027
678
4503
303
1999
7380
9329
5511
530
1420
1871
3379
8982
44
5522
906
8506
9054
9978
1277
8334
5090
1073
3390
5553
4524
3999
6268
7098
5822
4673
4569
8071
9353
2154
6374
2798
6635
2458
3395
6726
518
9053
5621
3010
5937
7073
3444
6044
6285
1597
7747
6639
110
6184
8937
9605
1113
4750
7474
3381
3060
8412
4708
6746
7302
5308
9628
7889
9147
8108
1871
6596
6583
4551
7816
6037
5452
379
9616
7451
554
224
813
4224
6926
7930
7960
3169
3217
6769
1684
1885
4983
14
3666
2105
4344
8874
5708
628
7445
5554
6896
8176
9726
1150
56
5559
8368
2900
4153
733
5134
23
2826
2836
7599
483
9820
9371
7347
6459
4672
2377
6423
9986
1612
6569
884
5710
1692
6577
4671
8987
6
4999
3327
2637
4498
5775
7874
2401
4800
316
2616
951
6750
4960
7187
830
4506
3861
9054
6336
3280
985
882
4519
1752
9740
9538
3486
4674
2658
1207
7575
6061
6146
17
7827
9508
4961
5985
4044
1497
4946
1658
4355
9761
5472
3235
6651
9381
54
1203
7831
7522
8335
5706
9020
4117
8808
884
4758
6237
4387
7726
2141
9108
5040
4889
604
4943
9360
1321
9544
7875
5010
4838
8334
9326
6526
4758
6280
6505
2886
4104
4620
1454
3376
53
7726
440
996
3709
700
4076
1227
7806
7110
7219
9517
5246
4720
582
2631
1708
21
8732
1659
9955
2512
3497
7371
9693
7590
4050
4604
8253
3351
282
3106
687
5732
4987
7163
163
3946
5650
621
5467
6647
7203
7727
1115
9809
1280
37
5697
3873
1177
4083
5887
9795
3421
7540
4229
3068
1303
6119
6650
9472
2974
4455
6828
4112
8829
9514
9732
3418
2467
7761
4371
8111
6191
3307
5309
5769
6256
9883
6309
4012
8906
4379
2173
6198
7219
892
2311
7446
2934
7094
2643
9530
3970
5995
3673
2747
899
7002
980
1766
304
2278
1406
3416
9712
7775
3604
113
2231
8459
6812
1419
9810
2637
565
8595
2282
629
6893
7937
7203
2285
484
5372
5117
4840
4140
195
9634
2561
4869
9253
8903
4543
3707
6628
2972
8756
6486
9443
7288
2197
5215
4474
282
1224
9720
1332
5430
5078
465
270
108
3043
4563
8019
1794
6034
8298
4871
3635
3408
479
9670
3590
7558
2515
5266
8930
3937
5622
3525
4142
7450
649
5005
7070
6009
5090
3893
5120
2807
4765
4556
2096
4599
9144
5860
9980
5688
4833
6938
458
1615
5808
3879
1718
5544
884
2723
8708
4453
2402
1493
9455
6939
6127
2658
2393
9557
948
5784
943
4404
9751
827
8643
5922
7574
8990
8413
6654
5286
3242
9103
8684
3066
2527
1641
6769
3286
1526
5124
2366
5184
666
405
3272
5100
5156
8471
6486
3466
422
4740
9048
5994
6053
1863
4980
5235
5795
7970
1894
4309
2053
9167
9160
2389
770
3872
3600
1016
5624
6271
9422
660
8577
9220
9084
422
5371
822
2417
518
1927
3188
4863
8501
54
2689
7012
663
6660
1533
7490
3555
3230
8056
3130
1499
1244
882
4329
1284
4871
5470
7842
4151
5318
8388
7417
6833
2779
4558
9864
4973
5553
1375
2382
8865
4303
658
2335
8080
6859
2936
4355
4090
8780
5866
7430
520
6089
7585
9177
4489
6492
1133
5646
6457
5345
712
3183
1666
5272
179
7884
2102
1669
2517
8002
1854
5674
4265
7195
586
8546
6248
4424
1935
1114
3751
5371
9451
957
6896
744
5194
5381
5375
8481
4420
5728
5925
3519
3591
7474
669
2808
6680
5052
2253
2421
6263
7864
5575
4846
1824
389
8591
5942
243
6708
3711
5342
1594
5341
3732
708
8376
9434
2689
6720
6293
4035
3581
6126
9749
745
3604
3111
7877
3440
7744
6883
8861
1330
9107
1586
5382
2050
8919
4805
6790
9433
8238
7711
2016
582
1925
8250
3742
9961
4431
7245
2362
5532
6128
2227
4283
9449
5096
1079
6785
5479
8064
6802
8964
6828
6481
263
6233
2146
5325
6325
515
7884
9930
6859
5797
5869
4109
9167
8819
5353
9369
7916
9009
498
4520
3328
5202
6879
7303
5932
6953
7840
8019
1310
1369
1435
8747
5188
4100
1661
2017
1596
4635
8105
6730
4477
5602
9268
6430
8413
5340
5929
2259
1431
6110
147
7793
8465
2308
3153
5061
9353
4842
9393
9372
2674
9864
8619
5490
4361
7121
8920
5066
7157
3336
7773
3281
903
3768
42
7725
5933
449
8889
592
1024
5581
6587
5199
1221
3642
282
2880
946
6600
2663
6753
5241
8733
4056
4612
6982
3777
2068
1291
6419
862
5101
8095
8337
6865
6890
4696
2265
5427
9127
8903
5952
8801
8347
7092
3277
3419
4268
719
6839
6040
4119
557
672
1020
8039
2169
9712
5429
743
2156
8381
7598
4172
161
479
8492
6862
4356
6751
5585
614
5519
7472
3760
800
6440
385
6963
1335
3562
9508
1348
4452
379
6743
4543
7423
7317
8825
4720
4984
6835
4684
6971
522
8354
4628
8186
6613
4784
6557
9912
3967
1253
5425
8600
3085
6912
219
1599
1783
2748
4093
7180
2647
7032
3145
3793
3418
5936
1069
9545
5530
2031
600
3778
834
501
3238
2445
1811
2199
350
6550
7005
9595
7380
3199
4953
8142
1457
510
7097
7226
2937
2236
2742
7503
4323
3489
5208
835
4768
676
3715
7012
4382
1936
652
1646
7765
2584
3674
7774
9787
9583
2398
7542
175
3052
9651
9946
8839
5275
4478
558
2447
8303
9093
8364
1036
3331
6177
9748
7236
976
7431
9673
2834
9993
5213
5444
2546
3306
377
8873
6836
9323
7438
3353
9837
5199
7328
1271
3837
5262
1996
9492
6198
3157
4564
6078
2842
2287
610
4434
6406
3925
537
8811
2152
2725
4707
182
7838
4207
7400
5532
4898
5604
3721
3124
865
5740
8527
5837
6003
4906
5911
1974
8979
7938
3475
9677
5429
9135
2601
259
2696
5943
2466
2911
8785
8627
1201
7112
491
7146
3432
9629
7861
6463
4594
593
9435
1439
5213
7102
3760
4772
8431
1500
8013
8563
9831
4213
9250
5030
4753
8703
1605
7141
2836
8954
3138
810
4339
2238
4538
1414
5345
8856
1473
6282
4112
2516
3344
2881
241
3989
3921
5499
6498
7923
7512
966
4898
222
8795
6987
7862
5460
2393
4729
8023
720
3627
5639
7455
8625
7100
2974
2563
2345
9427
9574
26
1731
4450
7315
869
6368
4789
763
4781
6106
642
4912
1442
2171
5912
4117
3443
7550
3552
9884
6463
6744
8258
3391
8889
7704
5426
1615
6889
947
2935
4153
8496
7938
940
3166
5771
1480
6118
1493
671
1629
9947
1916
78
8714
4197
5283
2713
2982
9531
5012
8792
9542
3110
3281
3472
1058
8425
3164
942
3173
3873
3834
3171
6488
6415
3504
1231
2745
8345
1962
1432
2058
9213
4834
6797
6341
3313
174
3507
142
8902
3906
1415
7922
5360
8954
4827
7658
9694
4713
3054
2954
551
7498
7755
6113
8745
3589
2299
692
4052
9968
4637
7568
3580
6734
329
8276
6484
7131
7745
8251
9657
799
4271
9967
2419
5248
1128
7460
8676
3572
3051
3632
8908
8478
1507
1714
7078
683
7596
9723
7875
2814
6089
8933
9268
3846
4342
8626
8625
6551
1174
2562
6967
4803
3296
9751
3227
7788
3693
3497
2461
4838
2015
480
6917
1005
8660
5102
5227
8614
1197
5800
9534
8021
376
6843
4709
5337
698
8572
905
2501
8835
2125
2398
488
6664
4105
5181
1755
8486
9290
6990
4099
7261
3036
798
5609
2016
8263
5185
9240
3399
11
5354
5373
3028
8945
4427
6453
5041
7890
7089
5120
2591
9960
6003
9890
8081
6428
4340
4555
9920
3471
127
1907
8810
5435
760
7339
6044
9100
3320
2434
3386
1665
9102
8823
6771
7024
7460
7719
9678
8728
6713
596
2200
1869
1507
7301
7032
908
7527
5588
3923
630
9320
9927
9883
3447
6563
7592
8185
7087
408
5941
4570
4654
1733
926
858
7179
3119
1057
8968
6621
4876
1191
6758
9530
9706
6941
3928
3458
306
5136
1572
7732
8511
2756
2345
9174
8940
3324
461
9867
9533
2591
8319
771
6026
7545
135
581
6443
9853
7789
6470
6619
7301
5754
8128
3169
352
3740
9621
3664
4727
6780
5272
4369
6837
6143
8977
8580
1683
8239
9794
596
9100
7087
2285
2872
5986
3504
2160
6806
3346
7014
453
7346
5101
1112
1209
7001
4217
6004
8587
9583
839
6203
4806
5810
3047
6402
9188
1402
1157
2000
4759
1613
7994
5874
7518
214
3468
5256
7182
6848
1580
2815
317
7712
6326
7925
9267
5725
4933
1976
4363
5679
9651
211
9757
2897
2281
6475
9824
9583
4315
757
5648
1345
2255
8839
9352
9227
3593
995
3533
8961
8821
1739
8002
8023
5885
7094
9483
5121
7135
3463
6468
9181
7636
9080
1962
7782
6116
4621
7932
6993
5431
7598
2532
822
7166
8971
5456
7487
8573
39
2131
3938
8443
5402
6857
7911
2208
1733
7011
5187
6991
4703
2448
852
4289
6467
3709
3174
6877
1569
3110
8972
3062
6539
3529
1222
9206
7179
856
6914
1637
1996
6548
7095
1331
2530
737
2234
2223
4050
5573
4383
7609
2745
2
727
5150
1680
6533
698
5262
2282
610
7003
6928
3158
875
1903
1872
5634
8704
5029
877
97
3549
4995
8155
5353
9520
1759
5730
1474
951
2826
5996
8727
1362
317
6537
2801
6072
7526
646
157
1651
9355
1385
9544
167
8173
1654
8834
361
6589
5345
544
3506
7512
9195
5006
2572
9797
2160
4774
4968
3787
1330
7784
1007
8201
1796
558
5366
9070
9561
1178
4383
719
8445
4194
3609
8610
5185
1347
104
6896
