4125
1434
6235
5156
6883
8968
24
412
257
5565
7773
1640
2868
3959
5976
3699
9938
5942
1539
6272
3952
8024
4138
885
115
7362
5553
1386
8792
8152
8818
823
5990
7705
6559
1086
3774
9316
4929
7542
9976
9356
4589
6155
2037
836
3619
6904
7300
3484
6536
4131
7639
6745
3287
6101
7295
5350
5040
9521
3414
8638
1619
2105
6747
6949
5649
5163
7399
4889
9925
622
1013
3997
6295
4595
3435
7983
8847
9279
3742
8649
4086
5308
1615
4686
3183
9244
4417
458
3791
8424
4276
5408
4127
1338
7736
2484
9407
5088
5186
8455
9505
2411
3559
5914
3118
3642
450
8691
2666
9311
6503
5760
5778
4765
4551
6311
489
2060
3765
6404
745
6940
1097
1500
6345
5604
9870
4956
6859
951
8575
3759
4093
5287
9144
1675
1749
5701
1567
9541
8794
5726
7791
4480
1921
8515
9629
9361
6786
1425
1994
7347
1322
8781
7710
2564
1313
2058
9568
7514
3771
5494
1832
1715
735
2743
1667
491
5621
2876
4562
4787
493
4223
7610
5019
9148
6617
9579
7830
5975
508
8169
5433
8956
1228
2436
5312
7576
6579
361
9691
6132
4053
5770
3299
3894
6076
3744
9177
6848
9138
3740
3910
6863
7206
6853
7098
1170
2690
3415
4695
2478
1738
1538
3262
7324
6398
2758
9507
307
6354
2914
9041
2515
4871
8654
6439
8453
4310
1125
3072
2872
402
981
6837
6768
4259
8570
1749
4374
5338
4141
4886
3164
5665
7212
4394
2514
2507
5975
7495
3318
4237
8870
493
6223
4699
1395
1991
8552
413
8644
6859
1565
343
1823
2076
756
4701
6494
3065
7827
1008
5132
4968
2213
8028
5876
6849
7658
4259
3925
5945
8335
3629
9753
8635
1532
488
613
2069
2864
6579
3197
3960
6693
7281
3320
2821
3842
5135
3638
7813
6013
2909
9668
2309
9105
3901
8280
8195
8822
4545
4332
4292
6488
2699
8524
7936
589
3188
544
267
4087
4425
201
1248
7811
1171
8275
4931
4707
3055
3006
2522
621
6112
9932
5426
3960
7444
9529
7630
2208
2418
3246
8318
2246
8905
7472
3994
8757
5384
2231
654
4591
3371
3725
1587
2707
8419
4498
7933
5626
3348
3487
5767
1539
1809
3670
376
2766
3097
3975
3145
3658
2913
8059
1669
1178
1883
9002
8905
3699
4281
6173
9323
823
2352
7931
7249
2386
8344
2718
5540
2946
1596
2004
8859
8931
7479
6779
436
5234
7095
1227
5659
1408
9086
6996
1678
5311
2056
409
824
9417
5592
4234
1345
7174
4163
4944
9187
3878
6420
7990
4422
379
8434
199
2061
909
9200
2737
3699
5103
8566
3671
6604
3053
514
7914
1736
5355
6253
1938
329
7935
1893
6123
7354
7362
659
1684
4767
2535
7592
6557
8813
9105
6805
5280
2974
8887
4934
768
6111
9318
6709
5721
851
1920
7629
8291
6660
6249
3207
3831
7625
4482
7660
6486
8485
2310
2845
4699
249
7515
7970
1164
7511
2008
4857
7499
6248
5233
4940
2849
420
5484
5826
1011
1225
6172
5272
5433
9732
2367
5023
8517
9327
3760
8931
4331
1444
318
6794
663
6042
234
518
8596
1347
5545
8209
8842
7063
130
2043
1426
1309
357
3410
2141
8656
6649
5261
2313
7038
7412
4967
7882
2491
9453
1836
3751
3077
526
6054
5929
8439
4276
6807
186
4965
7230
9663
5680
7963
6429
8369
9601
324
3596
7208
8969
350
6790
5675
4794
5057
4480
3624
8630
5267
2636
6104
1894
3708
4458
5765
6537
4076
6113
2987
7032
3550
3224
7175
1425
6986
9580
4350
609
9042
5365
7558
8894
2244
2866
3401
6286
4851
1259
872
3958
652
8177
4918
2328
1125
7768
1972
3504
664
1832
5525
4210
609
175
5419
7125
9614
4249
7808
5476
130
3015
9587
9901
5078
7210
9649
841
1057
9478
1685
2816
5241
9028
6380
5373
8306
4847
300
9217
7608
845
9944
7210
9840
3347
8284
2068
7447
6275
6672
601
3450
5395
3828
7636
8589
5016
7250
3915
8118
1130
2447
1186
146
2708
8968
1580
3795
45
8819
4767
3949
8591
7868
9284
3071
2377
60
1730
8925
7580
3393
4781
2806
1083
9365
9846
5200
8744
6783
3289
7596
6385
1098
6478
8398
8757
7063
7131
4379
6704
8273
7402
7456
1904
6652
4859
7527
4544
4565
6212
4956
5519
4989
538
7736
7665
8380
9062
3343
9122
6380
5050
3261
5530
7170
7563
7492
1390
885
4313
5313
2928
7351
2221
9307
5991
7325
901
4430
4506
2319
655
4179
571
8333
2076
1395
560
8741
733
377
8001
3788
5256
323
3222
4140
1926
4734
9089
7367
6136
3658
251
899
2027
8168
2768
1230
1745
340
7478
4631
8837
6803
5724
871
2690
7196
5093
6168
6931
2648
152
3935
7311
9140
2094
1897
6084
1851
5399
6167
5341
7138
6182
6997
3927
9672
6306
3908
8626
9329
6995
392
2899
3369
4951
8453
4598
2351
1450
4729
9640
2920
435
3488
3506
6316
3587
2887
6074
870
5146
9894
4940
1311
9289
1698
620
8727
6944
3017
890
1185
7541
7602
5653
9759
1036
3941
4188
3640
7299
3733
401
669
6527
2421
6703
2694
3490
7611
6085
3418
7833
7756
4182
7101
5451
1588
4080
3253
7832
5870
5406
8432
3838
8454
5378
2833
7834
3746
5279
9645
8698
2433
3571
1413
9493
4271
4783
6868
4994
7926
5236
9332
6932
7471
3352
9785
3419
8551
4307
9448
9861
934
5807
1428
8326
1968
6831
8073
7042
3870
4859
9744
2331
6439
4720
5400
4184
2768
7608
1180
6804
7211
8259
9906
633
6074
1499
6366
5102
5593
9413
9283
9438
5831
9783
7764
6625
2142
3087
7524
7439
6710
9826
1123
3067
5492
7001
492
2751
7951
5600
650
942
3126
2643
2649
2674
5901
795
2252
468
465
2971
1449
4457
5575
305
6499
6656
6955
8775
2042
9681
84
3741
93
7385
7135
6839
5141
9073
1007
3614
7150
9992
8763
8341
6312
3188
7134
5089
723
1347
835
7055
6974
3739
8376
6666
7491
5186
501
3836
5796
9176
3557
969
857
9385
2549
5263
5539
9062
5653
3178
9461
6850
5820
1456
5693
7234
3993
3311
9521
1865
8051
695
8845
3029
6767
6354
9008
468
9347
9954
8571
7170
7818
7974
6434
7793
7483
6926
638
1870
9550
1661
5693
7656
7593
123
7919
6920
972
257
1193
7189
4314
3930
1125
2862
2123
7828
2618
6195
6255
5070
9715
5699
4607
2291
9032
7846
5021
7899
9751
7066
2673
7651
2315
6389
5002
1188
5435
6643
8435
2088
9496
9090
8761
1382
2855
3887
6848
3572
5670
9654
4308
4442
5615
4480
1946
9994
3049
5302
1090
72
1898
3073
506
4126
4515
6662
1615
4735
7859
935
2393
5974
7760
4166
5574
624
6937
3224
9435
5145
997
1449
2229
96
2757
8231
2036
7835
4443
5008
8138
132
5552
8362
189
6423
8584
4634
6867
6193
2271
2113
5712
4735
7260
8334
6681
1448
8906
1321
3056
9825
5867
5945
9075
449
843
409
1369
6283
4626
3780
292
2851
2796
2260
421
9398
3977
9150
2040
2303
6356
3242
2873
8884
5737
7494
2835
4423
1550
588
8929
3121
1951
8313
4265
9607
9287
9740
5579
8174
3265
583
1566
8491
1820
2860
1939
5000
7912
7283
7471
9755
9281
753
3468
2625
3071
190
4711
3349
7573
6945
4733
4037
4851
7171
900
4482
7995
814
111
4236
3571
3865
9038
5772
1675
4382
7064
2876
5555
7835
6510
4267
3117
9173
3840
1198
4844
1640
6535
9096
5028
2230
601
6319
5850
7528
3640
4649
1960
7456
7004
7097
7172
3234
6183
5415
1715
7696
949
8689
3126
1835
7793
9737
434
466
920
5677
3330
9701
9637
6354
4279
1014
9208
1340
3264
2718
9922
4146
741
2414
916
8098
831
9412
7094
9882
2990
8424
9483
7148
690
7845
5970
3193
4436
863
5884
5384
6608
7962
1318
2258
7818
649
2818
6157
4026
4843
2151
8996
7773
6803
7948
711
918
9695
8906
1021
3371
1038
2687
4906
218
2489
5664
6433
5043
6014
6903
2400
6833
4538
7538
2778
1096
8658
280
181
6594
937
5856
8146
6272
487
9374
3887
9897
5259
2274
4741
1957
4862
2012
5569
5275
6412
2040
5329
4985
6385
1114
8011
7939
9751
2162
3235
9265
5169
9615
2260
9415
8725
4427
2434
5181
4540
8633
9731
3114
1776
6536
9784
3740
2162
443
1971
2525
1968
7503
4684
6618
4950
5195
208
9822
7844
207
6521
8324
6139
4622
4728
5643
14
5326
3232
434
9578
387
735
7778
2309
2214
3208
9849
1329
4271
5776
9307
191
710
7296
7665
4930
5642
4464
3529
4218
2611
7337
4332
2111
1406
6975
7154
1807
4140
3726
6835
7211
1536
2947
1580
6768
6905
4308
2736
1987
359
8492
3573
4430
7214
8132
5429
7325
7062
713
4371
862
9702
6216
6966
3050
6402
5666
902
5239
6054
8041
7189
545
8941
2096
8655
7762
5716
897
8025
1333
1727
1542
3859
4119
3763
9901
4897
3273
1545
9829
4744
3427
9354
5973
7508
5319
5980
8529
365
1239
3406
7496
5933
2318
1303
3028
5489
5117
9477
7666
1609
6165
2688
3038
9134
8160
2356
2847
9286
6500
769
7628
3693
6224
3296
3762
1190
2967
4588
3335
1782
7186
532
6785
7926
4231
5609
1541
2815
735
4412
9780
3796
3879
8220
8579
739
6315
6839
9347
2963
3133
9242
3865
470
5777
3803
9708
9021
7541
1837
2522
528
6141
5883
4422
5632
5902
5111
4902
2551
815
31
8551
2088
988
3832
9813
8004
4716
3022
4874
6128
5240
372
8649
7943
6667
6315
2149
428
5900
2519
5274
8897
1889
9251
7654
7995
3797
2946
4837
1204
1936
6796
2147
3101
691
1776
9481
1945
3989
1703
4304
4518
6962
6394
5288
5769
7234
6478
8965
9586
2962
4474
6650
8295
4756
9653
198
1737
6178
1817
4206
1770
8185
3670
4191
8444
8225
5547
7252
4890
6834
203
6439
4197
8215
756
1934
5495
3963
1884
761
7319
3980
5250
8241
7461
145
3851
8344
1037
1578
7743
5767
2171
7496
2534
6332
3292
2202
6843
7544
1686
9225
4075
2751
2758
8035
2453
80
4000
7719
4702
7774
4293
1056
6887
7789
2934
5428
6730
8299
4373
7203
6215
3311
9090
4436
4267
6700
5681
4424
8642
3293
7119
4340
9074
8093
9905
2499
5482
9425
7692
3771
4343
3318
6876
9969
1473
1114
608
4744
3397
7863
5472
8544
3170
4482
3010
764
3661
8322
3767
5752
4398
9576
9076
1409
654
9953
1982
8793
7884
435
9945
7304
607
602
2859
2897
6435
9120
2963
3153
6092
936
1026
779
7821
8575
1169
4591
5083
9141
8838
7160
5657
1939
9372
4767
4241
5466
9315
1520
9132
1815
6860
2961
7917
8167
7936
2568
1623
113
4328
4540
5359
614
9660
3462
8549
8297
3587
2078
8783
7390
3710
8743
1597
2785
1646
8667
1230
8091
8655
968
9805
1442
4020
4276
4075
8065
2861
9653
639
8601
2968
4970
4812
4297
1801
5043
2279
5910
6218
5944
1879
7236
2736
1741
8104
8117
1364
5132
6521
9269
1338
3531
1458
3359
4735
3916
6593
5383
9386
484
5435
3934
1439
181
4422
8740
3930
7299
984
6603
6388
5319
1873
2710
9089
2568
8705
2279
6172
5957
6700
7729
3131
1370
7263
9436
3511
1453
9562
7884
8449
6896
6523
5734
509
7944
5797
2555
7319
9364
4187
4064
4148
9918
2880
6018
1658
8748
4270
2167
5210
4314
9211
3428
3783
7705
802
69
2918
4985
5228
2477
7737
3099
8153
9492
8796
6139
2200
1144
6770
6150
4960
6807
1770
2636
3581
3213
8489
1245
7778
4763
7183
7395
2674
4134
7684
3094
1950
2803
7142
5727
9636
2333
4135
1710
6326
1048
1764
3388
7221
5519
6547
3125
5396
9059
9354
2403
1658
1146
4124
7589
1580
1672
7207
465
5294
341
424
4018
1807
5701
4188
9396
4002
1042
6514
2626
2672
59
6310
2532
1448
5100
4023
2259
8216
4057
1999
3614
4780
5281
1436
804
8679
9552
4147
7964
5126
3670
6416
5984
623
7746
1581
1520
1331
7150
9122
4353
2545
6727
9731
1598
4836
1591
6141
6479
7649
4948
2249
1236
8342
6810
9238
6525
4264
3383
717
4450
6895
8549
7500
9001
3643
325
1908
3702
3518
2502
928
1065
4935
7645
1069
8052
5550
9837
5968
7088
3411
7667
314
178
1421
5180
7641
3813
8507
5055
7255
7947
6433
4672
7458
3995
9227
729
7955
4510
9682
2438
2960
5146
4020
1183
6300
696
5741
1185
975
4427
7415
3628
1038
9227
8235
7321
7579
8463
2683
8095
5194
8463
5247
2980
4631
263
187
7073
8824
4820
1882
1457
7406
972
4706
5168
6158
237
8879
6945
8072
7322
4080
2828
531
2805
3633
8230
5760
1906
3149
9491
1827
1587
7244
4497
9899
1039
6552
6037
509
8667
2361
6154
2544
5958
6222
66
4520
3066
1163
7342
9584
5738
22
7872
4382
2418
2449
1826
6630
1956
1312
6918
1671
2391
9630
5819
3728
209
5268
5118
3685
2842
6435
9405
4960
7926
283
4572
6583
3567
3710
2693
742
5807
9907
6088
1564
9371
115
7480
8589
4725
9407
8552
7354
5442
4483
153
6328
402
6337
4311
7797
6044
3656
6741
9302
617
2911
6456
2134
7876
5243
3063
8246
8619
6175
5863
2483
3541
4254
4357
94
7788
6529
8959
3435
7883
2050
9518
3443
130
8244
6180
7229
9398
4895
4697
2150
3165
6785
947
6459
3658
5346
712
9482
6344
306
8735
9266
8619
7669
2786
6148
1980
4217
9
9515
4696
3306
1419
8566
3393
3013
2004
9632
9062
5833
8847
3723
1477
3712
9318
6756
3306
7897
6435
2441
5816
9476
7091
7576
3315
251
4823
2460
5458
31
5249
5181
4885
5182
7453
9858
5365
2381
3066
645
3341
1080
420
510
1458
5011
7789
4906
8351
6030
2841
4082
7781
7568
3699
5220
6215
3842
5251
3142
8189
9543
4173
9031
584
3666
8837
6295
6258
9459
1390
925
4831
5790
9099
4735
9056
6580
6118
8303
2462
9917
4109
9428
7189
1166
7399
7317
1483
2233
3643
1522
7130
9923
2455
3798
6907
1388
9926
7792
6173
1493
8647
8892
4639
1916
9251
1991
8468
8963
6163
9635
7724
6947
680
8272
5434
4745
1841
9417
6266
1520
4812
4025
5816
9867
3795
4908
3334
5301
7828
7667
6654
8325
2129
968
1270
5216
4788
5273
1914
5407
8849
2519
6070
4007
3798
182
9242
4183
8364
2161
9547
508
1526
4653
6680
4622
3076
4771
8120
4343
8657
3166
1135
8496
2981
9398
4817
9711
7002
217
9956
6567
7502
858
2670
2293
7955
1808
6069
3612
5665
9151
6937
5666
8119
6145
6799
7476
4287
6648
2140
16
7152
7571
6750
5683
1383
7574
1026
4399
5365
9530
7181
8146
2205
2980
3005
667
1982
4387
6667
1268
8702
4507
8678
9505
6229
5469
376
6835
2599
7341
5424
354
8077
9939
9414
9931
4107
6987
909
380
781
1670
8247
6134
1970
8791
3460
5139
3139
6132
5493
9900
9980
872
1314
2645
8893
7245
9454
5914
7197
4191
1800
8024
4106
6827
68
2265
3565
3073
6559
4995
3478
6286
486
7032
6260
2543
7535
7437
2008
5236
3695
6467
1847
5523
373
7205
8625
6769
1038
6862
7533
4994
3182
6589
9869
223
2027
5143
8722
1194
1574
65
9572
498
6422
3694
385
4281
6384
6349
9709
2016
3906
1961
495
5333
6176
8583
6454
2863
3640
6795
2035
9697
7461
8483
3103
3897
7162
6037
515
2392
8715
813
3662
3629
6894
1349
9101
6678
6820
4343
385
4689
7153
5517
1088
1221
6093
4536
4046
3444
8689
5858
7553
4778
8030
9875
3036
7939
591
6487
7119
347
5833
7317
3301
3092
8299
6866
8438
4827
9482
9775
6043
9297
6410
7345
2543
1944
7394
1881
7803
2625
1991
7071
3703
2856
3259
8883
5598
7019
8313
1161
6086
332
7224
38
8856
9835
2216
7995
2921
9227
6098
9219
3962
8913
9815
8256
8367
684
7331
1091
544
8709
8684
4493
8355
8761
3613
444
9833
9415
1267
1418
6513
8320
3689
5711
2073
6372
8489
2708
9728
9399
8959
8575
6527
2771
3109
4790
3041
5003
515
4914
9688
7221
617
7376
1647
2730
1682
94
6221
1771
8162
3505
7960
4679
2705
5642
5223
4103
6183
1995
2194
4623
1363
1145
9750
109
7966
5584
5652
8823
7403
4830
8900
6353
1730
9292
7702
6312
4064
9342
4690
8395
6486
7956
1237
5454
614
1847
66
7466
9566
8937
8820
8520
2719
5064
5858
9472
7626
1538
4764
6098
4441
7397
4368
3331
4605
1607
2949
3413
7939
8911
39
6840
7304
3799
8137
3406
9907
4296
9494
6118
5517
8185
9257
8465
6010
379
3633
6665
3433
8230
8686
2525
4577
8592
3954
9088
3588
7905
848
9007
8897
6653
9527
654
8898
1979
1215
8919
6927
2451
9564
3330
2044
8645
580
6255
8140
5903
7321
4225
7973
6283
9979
9709
224
7513
2262
8712
9845
9049
9818
2002
3447
486
7221
8864
8658
8602
9567
4030
9164
4714
9738
982
8665
5355
481
5931
8012
7698
947
7685
584
6622
1034
2613
6673
9817
430
1384
9716
2503
9074
7878
2632
7562
9882
1557
1424
1715
7597
9537
6335
3290
5061
3259
6545
8997
1044
4868
7032
6330
700
2146
8101
2133
1417
6824
9452
4607
2190
8840
8172
8182
4313
6660
5639
1859
8349
1102
5473
8923
4507
6296
101
1410
1349
7294
1561
7774
6067
7676
8773
5561
4351
3386
1803
6927
9777
498
6145
3058
2105
6817
9525
8756
1364
8152
8976
8400
7619
4686
647
9941
9395
8108
1823
4403
2045
6690
784
4123
5262
1677
8539
4514
66
2611
3831
927
4857
8712
2082
7850
4957
2414
6818
7689
6771
1344
46
3196
8317
3161
155
1381
7029
8832
6165
6243
1562
7399
4882
3087
9714
2021
7795
427
8278
5010
8689
8752
4321
8048
3542
8907
2604
2796
4984
6981
1290
4134
7632
700
6643
7588
5805
2101
1522
7157
7484
1234
6446
7588
9365
7458
3829
8995
8136
2935
4619
6390
9411
1760
2654
1293
8874
269
9618
1248
8777
4232
3847
9184
4952
7428
9766
4181
6443
2126
6216
5693
8905
1120
7525
7455
2306
6733
8682
6084
5077
3608
4660
2048
2361
4899
4722
5872
8046
5350
8713
5535
2483
274
8379
3252
7386
7261
2635
1937
7692
9648
2552
6009
6718
8925
7485
8290
4234
5199
8987
2140
1586
3534
6170
5168
9572
1799
6822
53
2705
3893
6135
1092
3412
680
3210
8631
2740
4273
68
5044
4098
6745
8391
5428
1056
8650
5330
3436
7413
6431
1638
2846
6363
6573
3949
8948
4103
3211
3680
5587
439
2582
9231
3798
3513
1459
2597
6037
5715
8854
5550
9960
5130
3942
8042
4840
5142
741
4111
921
6468
3386
2639
6274
2255
3288
4729
6839
6731
4261
4527
9529
593
4481
4605
1516
7514
4593
1915
9597
6053
9292
7721
8558
881
1677
7715
2420
8531
9108
3806
3361
9099
2758
9118
7053
9942
2957
1543
224
6729
5757
9305
1453
4327
6020
9367
649
9336
6525
7326
549
8826
4514
4868
7176
5665
4080
5392
577
5572
2309
8308
7623
455
1166
430
7834
5362
7552
1573
4557
3049
1691
2868
295
9986
6267
4231
4860
2310
7066
3084
2005
1782
3257
4535
4585
7890
1942
1388
5862
7564
966
4651
4420
7448
1682
997
3161
5590
1532
5286
1784
4952
2768
7499
7135
1645
4572
7189
9397
9848
532
8266
8505
9224
6303
5841
7198
6631
5845
9944
3420
6164
5711
6992
2083
7039
8448
2846
8304
5270
1070
9269
778
1780
1299
7052
9013
5757
7399
2939
3317
4752
1990
6013
7032
2699
6145
5195
1145
5840
3798
6529
9745
1587
1865
5620
9240
5776
5415
95
3197
1725
8884
4126
8778
1262
7488
6725
7925
9250
6828
1440
9231
2905
6627
8667
4173
9698
9960
9384
893
3252
1701
2464
1471
4540
9523
9190
9915
5679
7811
3236
342
7304
9741
1591
5868
7864
7234
5769
5210
9420
7270
1894
9011
2358
7298
6840
4960
3197
1446
9542
5815
6031
9201
9944
24
6420
2655
4237
1739
8298
6810
2245
1438
3591
1098
1927
3163
5035
2799
6309
2463
4191
4173
1473
5982
9806
3452
9113
7241
2683
4229
6717
4232
8269
7421
4311
8102
9797
1567
9448
5209
2997
4030
6912
2609
5024
456
5420
1259
5371
3676
9925
398
5137
7078
1624
1857
7728
3961
217
2967
3541
6995
9055
4068
93
8012
3169
6170
6787
3824
3366
3467
3351
1100
9466
160
7261
8863
958
9350
8032
7853
1870
9007
4304
6318
9095
1190
5797
2453
374
5835
1349
6480
1667
6001
4974
2843
2516
7011
7286
9250
4472
1546
310
6457
7047
4036
7612
1463
4596
8864
3003
867
4935
5687
5125
48
9763
3774
8917
1978
373
4334
3450
7530
2118
6871
9432
3465
5185
4417
6346
3946
2063
8781
3381
323
8697
7847
9271
5058
3578
4333
7856
1509
2832
482
1544
5979
876
4926
3079
8742
8094
5308
8877
138
8095
2779
4339
175
4604
4146
6278
179
2517
9056
8803
6154
2306
4801
1351
1916
4502
3858
8399
6039
6477
1941
4697
1635
5326
3452
2589
258
1337
7604
5852
6755
9904
3243
2227
5917
3507
9095
454
9431
8055
7677
8991
3776
1678
5390
3673
6074
3575
1163
4239
4236
6908
2837
3660
6154
8082
2703
4848
1151
1557
6019
8841
4913
3204
2047
6249
9063
2573
5434
8408
5407
3403
8967
7984
8800
2949
920
9956
9936
9779
6514
6683
174
3365
1615
9847
7067
9582
6073
7834
804
4247
9302
7874
2036
8836
4078
572
9631
9140
4610
3500
8141
2754
8832
832
7940
4853
4860
3204
7161
2746
4911
1372
5042
9335
8666
1548
1588
2200
9182
9480
6500
7599
7604
1160
4100
1093
5948
9964
8871
348
325
796
5168
3014
8542
7420
4532
783
1906
2213
4722
2869
673
8057
9335
7930
2831
2700
169
2529
8983
7430
9957
5129
6999
541
5150
7672
6731
6847
8904
4896
4332
6812
2420
4115
6203
2028
793
1245
7015
805
293
6968
4758
3631
6926
9546
1824
6170
8261
3247
9794
6342
1365
2895
838
39
6014
8000
2270
6860
4051
5059
3309
9826
8536
3860
5636
5219
1726
803
1907
8924
5514
8178
7137
2989
370
3368
3615
5603
5847
561
8585
5657
5101
7990
5447
9525
3277
6164
6013
2793
8975
155
6753
5233
3659
4932
5095
3066
3909
6605
4443
7458
1340
870
827
3187
5758
7849
9668
2646
4384
6666
1012
3490
6474
7651
4724
545
8412
6111
1942
5562
4789
9114
9948
5358
1424
1903
9329
5438
8273
549
1694
9241
6117
1126
4316
4231
7162
2260
3767
5427
6495
3367
8408
2308
9142
3263
8759
6007
207
4549
4653
7798
4663
8881
2668
2225
921
5469
1762
3854
8519
4229
4372
3835
4972
1770
7373
5347
3335
493
3383
6151
2343
6514
9066
1422
705
7640
6216
8161
3144
3322
5230
3724
5895
3895
4578
7236
8458
2091
3309
1693
497
9912
6908
2266
8994
4573
7335
7371
5889
3411
2672
9714
1165
8502
5454
8148
9814
1246
1520
3281
9253
3601
710
5197
8999
648
7939
1076
7191
137
6889
1243
7183
1690
5653
2431
9606
6800
2427
6132
304
8844
2271
9733
649
5516
2558
7393
8441
6430
7421
7212
570
28
2440
6896
9202
1710
3266
8346
6633
6258
179
5752
6521
1428
2531
9475
2848
3023
8542
3014
8818
5387
2976
408
1330
977
4547
3482
8089
546
2635
761
2715
9677
673
7154
9250
8757
3228
7895
3533
4081
9498
4045
8664
6518
3211
9221
2984
3083
4544
5418
7888
4407
8393
5183
7051
2031
5565
8225
7163
9783
256
6087
3623
9418
3037
6844
755
5376
225
4091
9794
646
9480
4737
5889
8931
1744
4812
7765
5326
498
5006
6002
7216
2873
8307
1283
5489
103
7218
3192
5002
732
3749
3824
3410
421
9246
3480
6366
8465
7608
2857
452
5623
7241
4927
3656
9293
8120
286
752
459
1837
9285
5250
85
6407
6544
4729
5561
5265
5273
3006
899
4792
9914
5730
912
2478
8509
2498
1331
1399
6860
2890
2148
5549
1592
5632
3380
7626
6196
1982
6932
2439
4542
8894
4463
8573
3325
4013
2701
8750
804
3200
2334
9851
9553
831
7326
9196
2744
6815
9610
7788
9420
9060
4976
6395
3102
4536
4814
912
1349
7935
9069
3290
6074
8460
249
1019
1267
2338
9152
4495
9796
2581
594
3660
555
2296
5995
761
8305
4184
4882
9380
2372
9143
3018
5482
3918
8068
5471
8789
9199
1789
7401
2869
4130
9043
3776
1093
582
6306
7929
405
7662
5114
7992
6839
8465
1316
5839
805
8540
4053
2607
7164
3052
9688
918
6931
5441
4766
7101
3198
6867
363
5296
8007
5179
7725
9529
1511
8520
4902
178
1998
6255
4476
1718
7258
1150
6178
7016
2601
2228
4666
248
5145
9182
237
9816
4442
8125
6845
5651
5815
9204
4730
3538
7298
9817
9985
1660
740
1787
4327
2285
3638
3874
608
909
8576
7970
3660
5780
9262
7750
4500
970
2200
114
150
8825
4942
7908
5087
3386
1674
9250
4363
2793
1525
938
4419
7440
1165
4518
6275
813
7900
2380
6610
1271
8573
9328
1240
6471
4465
1065
6388
8065
4704
3759
1337
7184
9666
1160
6718
2832
6700
941
611
4387
9511
7814
9383
7637
3551
6219
4614
4744
1474
3686
3069
9820
3503
8879
251
5614
6667
8615
8921
609
2861
6298
8089
7765
9600
7234
7773
5
7800
3442
4113
6959
1769
2223
1760
758
9944
3602
2919
8245
6450
1644
6590
1017
689
1517
3680
787
908
1104
6164
8084
2020
1
1526
3212
9725
1618
8036
6316
8446
4609
6944
8031
9573
6110
8050
1280
7119
9492
5669
3064
5696
675
4158
1217
9708
7071
7075
8083
3554
6986
9096
6696
7278
6029
4938
1767
697
8547
1033
8326
5565
6602
9799
1841
4699
8558
1444
4579
3466
2400
3667
1416
5434
3099
2388
1344
5843
309
3504
2654
4542
9953
2762
1460
5512
248
753
3544
1171
6283
583
8572
8459
7343
7499
9093
876
2317
6517
1150
5626
2496
4617
1154
3318
7680
1261
4178
3641
3594
5924
388
5042
8378
3783
5612
3840
8339
6328
4451
7804
7900
3407
7183
1816
5095
2956
8090
5600
3294
468
3525
3791
2354
7027
2046
5336
1608
8141
7832
8986
6575
9903
7577
358
195
3529
80
3559
1886
5253
2536
5989
2065
3345
7726
9089
7433
9337
8222
4724
3170
8577
346
3125
2399
6596
2688
1350
1737
276
2231
197
8496
5464
1229
7997
5829
6824
1621
1566
2875
4531
3714
8041
7931
7535
1725
9008
9301
2956
7902
2271
9919
3108
5816
7997
9556
4452
7959
3598
841
8729
1822
1610
3021
2339
7493
6601
2116
9728
3259
609
7715
6656
1848
8639
4863
2305
5193
4863
4870
3679
2049
8780
2374
9960
278
5387
9648
3231
8440
1377
8865
8023
725
4145
2708
2104
5019
5592
42
5124
6891
9572
9697
7292
4556
3263
1259
7176
3134
7251
9258
3095
8728
7161
6680
3041
9236
3061
2060
2105
6952
8885
1287
1882
1744
9691
5931
7702
5930
2759
7285
9600
4821
9745
6787
2476
9083
5081
5403
7015
4128
2472
97
1189
2118
5769
9295
3563
7465
9667
2868
1957
3532
7936
8172
8006
8284
7814
5548
4864
7332
3557
1246
374
9965
9657
8274
8982
373
4203
3957
4154
7657
5045
7977
4480
8788
98
9763
5974
396
2367
237
6263
9891
5327
6068
6884
1572
8781
4191
1268
9532
539
9682
571
1226
9722
1224
2461
7494
312
3189
3261
5709
8713
4300
8486
9959
3692
9218
8186
8051
9574
4467
4964
3319
4982
483
4637
3589
1390
7409
1592
12
2689
4622
7118
5362
7406
3253
9065
8874
7302
8480
83
9177
6975
553
1178
1027
7582
6924
7880
9562
6005
3217
9958
6071
4718
7251
6243
9238
6586
8871
6103
2902
1597
3249
3020
4090
7181
3123
2553
438
152
9312
748
1093
4383
5786
6343
4429
9305
3610
6007
4465
9529
2029
4006
9471
4664
