708
4092
7008
365
6252
9289
8366
737
5492
7080
2898
7207
7937
8569
5619
3845
5734
9990
1382
1766
2536
9545
1562
996
639
9219
2198
7129
4271
8749
1046
6887
3999
6249
1306
2319
203
7835
9531
7170
58
7466
5853
6384
9007
5310
2405
1049
1240
886
9218
69
9445
6953
9079
1163
2529
6012
9726
7032
7090
1237
6465
6743
6034
6011
3207
1688
7262
3299
3642
7898
459
4211
1707
5069
3692
5178
1988
5329
6814
1149
5889
3385
9530
976
7441
7046
7170
143
9789
4191
8109
2498
80
8821
1000
9110
349
2996
2102
717
3786
7940
7244
1319
9610
5233
5245
4009
7470
7351
4024
4396
218
5940
5347
3080
7212
5057
8569
6161
4517
7119
3510
9450
9788
7960
4131
2886
4068
4582
4828
8992
3227
6096
7363
7949
6141
8211
1366
2208
1800
3160
2672
2438
167
3713
2279
4139
3474
7920
1897
5292
4426
5940
6199
6666
4429
7793
1530
1649
1102
2359
9940
2888
2522
5031
1169
4122
8577
7397
6939
9000
3691
6361
4360
1356
4446
1072
9283
6075
5681
9991
9411
6148
2684
9536
4565
7286
9897
697
3519
8348
6680
9716
1105
9441
3219
9784
9915
5135
2543
8157
5562
6076
981
2897
1600
8065
1580
4842
2219
3357
8509
5454
5967
1110
2947
3792
203
2986
465
3883
4224
7880
3877
8590
2319
3974
5255
4918
8137
4662
1157
4147
3532
7524
4429
3334
5166
9787
7935
6500
5706
5054
8477
162
9838
1226
3749
9995
6494
9427
9580
6928
4669
8660
3932
7681
2199
2390
577
7626
2809
6661
6705
7556
2200
4361
1922
8443
6680
9612
8625
416
5051
3964
8176
9169
9402
3715
8752
1093
225
5260
8424
8709
5082
4228
9478
4871
3591
6747
1135
2776
9210
308
3691
9044
8349
920
7961
5476
9303
5305
3314
6881
801
9163
1877
704
483
4762
8279
8483
3637
9483
7401
7549
8236
7995
2473
7971
4883
7051
4851
9932
8476
5849
1206
4742
273
9131
820
8481
5753
3276
1790
4919
1946
1542
7908
5919
2351
8773
4387
8829
8468
2651
9138
9726
2907
6142
808
354
8447
9990
592
2252
453
3381
8404
4952
7957
7134
431
1351
3942
9797
2730
361
7693
2481
5602
6694
86
6554
5620
6110
2663
6022
1464
5825
6710
1479
1834
4131
8323
466
34
5763
2683
9538
4465
8564
3137
2956
7961
5216
8341
3035
4886
8671
9921
8777
2033
426
539
4113
267
1892
4369
4482
9588
4431
1917
2579
8241
6477
5300
6300
3028
3476
9763
6966
7678
8154
8015
7038
3556
7130
8592
403
7768
9628
1135
2792
5903
7933
9446
1408
3591
4209
199
8141
1393
8200
9950
34
6647
557
4714
1484
9916
2041
7
1410
8908
2955
1098
3878
2410
3501
557
3136
3299
3965
6713
9959
3295
9124
6676
308
7031
3892
2708
8818
3277
1621
5572
9477
8204
7980
390
2998
2415
7108
487
5726
9621
9725
3884
2948
6835
5567
8997
90
3652
7062
4842
7428
1486
9990
6739
7523
3881
4406
4452
6023
9333
1188
8133
7287
7382
1620
5673
4429
3110
7558
720
6190
3478
986
338
3570
5239
3727
3473
1463
4894
2617
5165
6214
6778
8144
7990
8214
1241
2867
9117
8009
2656
4463
6393
8432
1591
6597
5566
5214
9894
4567
6979
6094
6341
8651
3949
500
9651
3168
2283
153
933
2988
1129
6716
6022
1918
508
9237
3629
7458
3188
243
8440
2711
3534
9014
4593
1906
1978
8642
8161
8258
1569
327
5637
9071
9873
8127
4194
7490
8563
8073
584
8964
7075
9667
3334
9677
2409
9673
6089
6328
1584
2435
1379
6736
7653
3629
5116
4935
5906
7745
1190
3641
1991
2675
1419
801
1078
6951
2045
2380
5042
6138
8895
5115
9659
9476
5636
3867
5679
4916
9496
2304
2552
1833
6673
9134
8948
8901
1417
6243
3010
9259
1584
817
6882
6942
6972
4400
8248
2532
8599
5458
7628
3708
1285
5446
3539
6264
7076
8177
7993
1249
9255
990
8248
8885
1088
158
6001
2284
1853
2176
5533
5801
9369
5783
4554
8078
8232
2716
2504
1235
5618
3147
6316
4038
4676
8844
547
1227
5594
2684
1825
3240
8249
1761
3
593
2568
7996
5854
6813
8398
5963
678
6423
9925
1826
4338
5502
891
5461
8031
4359
5672
6758
5630
6108
4673
4210
4209
2244
9611
4774
6690
9169
351
2292
7551
7608
5780
3961
5509
235
6862
5690
2836
9655
2468
9893
4112
2849
4505
5045
335
133
4652
7465
7567
1491
6130
3894
5919
8358
3787
3610
7202
3624
9273
1509
6071
7632
4274
6730
9721
6929
9951
7795
7497
9981
3921
5974
3640
4780
97
1359
7738
4566
4438
6556
4517
2885
4724
6060
1477
1886
8042
7151
6447
3251
8488
9212
382
958
3821
6480
8575
7774
5323
3405
182
6856
9967
7586
7570
156
253
1139
8260
2428
5871
2636
9186
2717
6992
3186
2908
8214
5253
7835
8887
2800
1348
4246
1493
4709
5592
2681
958
3617
2783
9963
9242
1032
6373
7660
2918
7138
8489
1321
1632
6902
8890
4018
7379
5852
25
7665
3966
635
3571
360
2521
7488
4518
7381
5508
5720
6092
2861
4564
7571
180
4642
9645
5908
3393
8154
6343
9331
267
5769
9725
3931
6202
1984
3910
7329
6866
5640
4683
7926
8715
322
45
2423
7441
1753
6514
8992
2151
7197
1045
5628
6757
4060
6722
4247
4373
1471
2458
1871
1322
4634
368
7802
635
8589
1285
2533
3471
8179
8853
452
8178
6637
8856
9858
4596
7221
8466
1639
1639
7350
7180
3069
4723
4096
7174
2142
5262
9662
2955
5395
3181
2811
6604
4080
9954
2243
1787
8852
468
3981
5520
3972
8343
593
7449
119
5203
6863
9651
7152
3004
819
231
3971
7454
7298
3078
6538
1415
9142
7270
3809
5223
3458
7270
5366
32
4776
9904
2353
5433
9614
1171
7658
1829
3207
4725
4130
6647
7055
6938
8399
11
5803
2390
2362
2579
2633
6625
2655
9164
5249
7436
1325
6710
1711
8748
4885
3323
2083
86
426
6959
7297
1718
3390
9647
2572
2141
4246
2573
8948
9891
4359
2204
8871
3798
9420
1067
4907
2786
7399
8151
7249
3188
184
2177
9845
948
118
4459
9840
806
4563
6968
6512
1439
2713
4085
9000
2714
6
491
2378
82
216
5357
3077
9121
7839
7913
9327
3817
8415
9296
2687
2275
9710
4109
1533
1213
9802
1624
2023
9787
2732
8141
5327
7391
5691
7431
1084
5335
2067
2192
2780
6907
5773
7167
2971
4827
9100
723
3108
2204
5131
6022
2390
5267
4281
4237
1729
8604
2551
7787
2912
8382
8468
2591
7349
2074
29
5685
3429
407
6828
3992
1750
6223
6516
5779
6501
2543
1137
6706
2112
9078
8515
9818
4655
6710
5751
60
3110
1454
5702
2480
2783
4280
9280
4398
8439
3182
9817
897
4797
3414
7294
2701
5376
1139
4272
6167
8751
8501
7735
9185
7467
5845
5674
3833
9866
8650
7935
638
6323
9969
2574
1975
4705
4348
1208
7469
6942
2118
7339
3319
2725
240
1908
8697
1784
5814
4442
3515
2438
9583
1308
4608
3719
6516
5013
6938
8606
5446
4532
9788
5246
9179
4573
4828
840
5318
7995
1028
9930
6802
9225
6633
1161
4415
6460
7226
3936
6976
2049
4051
4208
4420
8200
6740
8660
7966
8255
8188
9334
4270
8863
1495
7585
7550
8073
3546
5666
7080
7857
6465
7819
3414
3584
5636
358
4675
3446
9303
56
7786
3001
1629
3397
480
5580
826
979
7832
6167
2874
7062
9807
1693
5660
7938
7729
9047
3611
6342
2914
1560
6856
9119
5583
6232
794
835
2563
6381
3984
4519
8951
8132
1548
1269
7234
8098
7105
1970
7247
2566
7833
913
4983
9402
8011
1720
7924
7698
2629
5628
9835
2961
7141
6226
6144
2510
7814
4248
4786
9991
8415
1451
2182
8354
8110
1674
145
4390
703
9631
1942
1640
9094
347
3726
5943
4135
6180
8220
9073
2910
4865
3752
8356
4683
5990
990
5321
5124
4724
284
2856
7183
7256
4151
6382
8730
6628
1291
6337
1575
3533
6994
2997
3685
8194
3866
6794
2500
201
8374
1633
6028
5712
7080
3550
7698
3826
3671
2120
683
4823
9266
5979
9347
9086
4457
1838
6196
7343
7213
7507
4888
1883
7498
9377
7870
754
4670
6488
2123
4196
2821
4923
6349
8650
6827
1470
175
601
8684
4903
2957
9171
5653
6752
4267
1014
3650
4599
3737
2028
597
5157
2988
867
6744
4145
8214
7702
5679
6943
9155
7182
9997
6487
2002
4342
9630
696
2258
2986
1663
5595
8658
2309
4550
5717
6229
745
5109
6855
7103
70
2751
94
3598
7664
1934
5481
1905
2682
3255
2472
4921
1740
5748
5774
9173
9166
4749
9924
1384
2954
2341
751
365
5002
6498
679
6317
1027
7915
7468
2593
8823
9839
9084
4431
9902
2888
4338
2408
4148
8790
9576
9730
9190
673
6917
6560
8775
6544
7063
5996
5185
5471
4149
7729
2000
9729
8595
1165
1255
9164
878
4766
5787
9879
6098
1901
6663
1343
9270
6278
411
7516
7236
4163
2765
1020
1174
4329
9580
4118
7541
4483
851
1472
7407
3352
5690
1355
2430
172
4292
3172
1152
4983
7912
4809
3943
9310
4575
5016
9897
7431
7273
785
5584
7669
8235
9986
4964
979
8555
4266
1585
7136
1622
6395
3914
4314
2471
2745
6211
5308
8912
9097
1985
7239
6363
2252
6250
7955
7076
1864
9754
4563
4221
110
7209
66
5888
9738
5117
5704
6390
1451
1617
25
1586
4016
3361
1517
894
9629
6838
1829
8805
4589
8519
8175
8799
8344
1305
5982
3735
7008
3902
6690
4512
7021
2915
1512
9185
3848
8425
2733
7628
507
8917
7461
7480
1960
5652
2347
8891
4733
7060
7447
5025
7924
5758
9632
1591
9034
1266
7544
8432
9134
1968
9381
7548
4926
5513
4565
1100
1848
2332
7046
1203
4105
4200
8298
5671
1057
695
6839
2691
8958
7091
9001
9947
6455
1664
6587
1262
3283
9921
150
2581
881
4300
8494
8538
9535
9912
2553
6446
1087
1246
7042
2401
14
6243
920
3723
7460
3960
533
8339
4427
4852
9474
2042
2967
9433
1093
3261
8926
3302
7817
1927
2181
4464
321
9804
5706
9759
6136
1144
8141
393
1603
7712
49
6600
9933
211
744
2863
3802
9323
9387
1811
8154
6029
4826
6452
5571
101
8819
9291
7519
7785
3429
5115
219
5549
5922
1115
8017
7700
7824
9388
197
4033
3248
1761
1993
6366
9500
882
2517
6063
9500
8493
2539
369
6310
4292
4978
9254
4188
6034
2325
8850
2873
3818
4283
4933
6380
4383
4289
9628
4845
6101
1499
9999
1614
4120
2780
3064
4459
9204
601
7936
6773
1456
8285
4935
2575
9850
9239
1629
6137
8763
3511
1789
7063
1346
1160
9430
7478
7059
9985
5116
6593
2889
1217
3398
6994
2540
8755
2189
1512
1913
4795
4984
5433
4388
2076
1417
5533
9348
2358
6530
5144
2659
3491
6082
2590
9709
2936
267
2960
3350
5586
7399
9218
5484
1343
3884
238
4887
7940
35
1094
7049
116
4223
3968
8527
6355
2674
9270
9742
3897
8130
4701
3454
9972
3933
9398
5135
807
7285
9604
8487
9229
8162
6327
7395
5765
9949
3045
8192
1178
645
1407
2322
5436
8095
2543
9267
2113
4063
3354
261
997
3217
9452
7455
2698
5763
5512
7409
4486
5103
4079
655
431
2606
7820
1954
7895
6572
2761
6406
9628
1077
8563
3251
6722
2378
8018
1876
1390
130
3021
6744
3930
9342
7490
6011
8709
8871
4697
2
4437
5635
3706
6075
6566
752
1891
2829
274
588
1372
5540
1301
6947
633
9919
4653
6201
733
319
7744
3635
6019
4355
2081
7334
6724
1088
5116
1808
3244
9023
1875
2758
1969
3993
7371
2488
6684
5970
487
5189
1601
801
8758
7480
5442
6983
8709
7570
1357
2507
8138
4377
2257
801
9615
9350
3993
9232
4027
802
7712
8466
7343
2348
3664
8543
4978
6639
2548
2165
9517
4762
9832
2555
2033
5218
5597
4600
1891
9741
2379
7545
451
737
885
7498
501
1167
4377
8020
8494
7451
1942
9685
7476
3135
3457
6410
3815
6899
2004
2069
5021
9192
2990
3375
4545
9702
8768
4397
3753
9392
7341
4286
8422
166
8014
6606
1463
6166
8041
3811
2262
4527
3670
2065
2820
146
5078
8897
1760
9187
785
4991
7736
310
2524
1259
7746
7509
2952
799
2398
9979
4267
9101
110
7655
1262
7309
5120
6850
4946
7649
8858
8193
9806
494
5521
925
555
4398
4623
9871
2637
4566
8607
2349
6550
8112
7642
6755
8860
3953
3213
7242
1412
2283
260
4568
1954
5164
8884
7769
3776
4909
4240
3135
6133
9542
503
2029
5738
6821
6953
8554
6176
2527
7342
9701
494
7761
1105
3149
9666
8365
7990
993
4435
1616
6780
7523
233
952
8970
5391
5513
6853
6094
7727
325
5471
6216
7007
7609
5612
1017
2038
6999
4659
1065
8885
4940
558
4074
4193
4058
5735
8102
5410
6918
3247
8700
4516
2762
2979
1796
4785
7851
1562
3040
9322
6432
9614
9375
5022
1545
4098
5540
4053
7347
5952
3993
9776
550
7894
2583
9674
6877
4777
1332
9778
8751
683
808
7078
6771
1699
4245
4629
3816
6231
4187
5437
1618
1743
2453
5326
1183
9052
2648
9960
194
4048
8063
966
9253
8923
3966
4867
396
2121
7908
3073
229
3262
571
5748
8805
2296
8251
9845
9853
910
237
1116
1765
8556
8158
8807
5441
7257
8491
7824
2129
1372
9583
4702
2620
9842
7825
7847
7732
9377
4233
1695
8323
1113
5207
8355
1171
6705
6520
8886
801
2802
107
9284
3811
6946
9201
697
765
5159
9426
3139
3629
83
944
8857
3679
5869
3127
8963
4471
403
2112
475
6677
8541
2792
651
3348
9802
7635
8735
736
9605
7023
9326
1265
299
890
5673
641
7127
7081
2573
9951
1093
8065
8239
168
6350
4676
5302
3578
7556
4414
397
689
9631
2606
5270
4154
8549
7349
963
7523
690
2402
4024
3060
1617
7591
3379
4978
7453
8322
7344
3321
9539
524
5583
476
4552
483
6997
5125
2332
5157
3180
5191
6625
8637
1634
7692
5620
1519
2091
9778
6118
5050
9260
8691
4041
5179
8550
8759
1296
324
6124
9234
7069
7075
1150
9106
7022
4793
9601
8066
351
5837
5191
5533
9222
8833
6434
2980
5957
5687
9358
5933
6230
7566
7203
4489
1264
6892
6434
9372
1932
8238
3828
2008
9032
3945
8121
9549
7487
2527
669
826
1917
4025
9426
280
9858
3727
9469
5208
8745
5570
2801
5609
965
190
3004
9503
9872
6660
7842
130
8358
228
6133
2113
2009
3182
6500
5276
711
6884
5493
3430
5017
8531
4015
2204
8139
6922
4630
7536
7423
1226
627
6362
5436
8218
1042
8842
941
8617
9677
826
4684
539
2467
1688
7892
7313
8271
6676
7227
4192
4496
1860
76
9371
592
2433
6174
799
1364
2949
2030
305
2707
7132
9601
9771
6676
3790
2140
7658
4335
2094
7207
4666
8745
4478
6064
2326
4312
825
8651
7954
309
3230
6729
8766
6285
6065
7626
8608
2667
141
7253
6727
8795
4378
7832
5335
2087
8121
637
4481
4535
9569
9857
2402
4653
5410
625
6114
6369
3848
6487
538
4298
4076
9996
9476
402
834
3485
610
6163
3531
4991
4193
4840
479
5870
4367
6645
729
239
6191
188
4169
3418
740
3372
4327
4113
875
5439
1512
2239
8818
3653
6714
2429
4719
4382
8355
4932
1252
4635
26
8318
1004
4577
5664
7561
4173
9539
6258
9468
5639
3608
296
349
129
657
9255
6103
6074
6720
2610
5170
4650
1291
6172
539
8125
8050
1151
9984
8290
5796
8986
1555
162
5851
2414
6162
7708
6765
9940
1336
9181
2044
6599
5210
3357
6365
2300
4061
5126
2251
8857
4531
2025
4855
3668
9712
8405
5124
9435
6122
8388
6273
1177
9842
4621
8740
187
4278
8243
3092
8395
9308
6780
1274
5989
2605
4692
961
7181
1760
5750
7089
4858
6038
6939
4454
9530
5306
2182
2701
7756
2583
7330
3817
2947
2908
866
6756
588
4617
6178
8022
5818
2033
3856
9548
7751
751
8866
1062
5020
7444
7942
7675
372
1298
1415
5139
2903
167
9209
4880
2095
5541
5336
5811
1978
2962
8326
3080
1739
7935
373
2564
5582
7728
1270
2824
2182
7390
6702
8779
6440
1120
7681
312
4641
9655
3445
1648
1492
5727
3853
421
5407
1298
5927
276
6697
8044
7570
4789
2424
5785
9323
7085
7070
5378
2093
2644
28
8590
2957
5513
3464
430
8439
974
7860
5023
1170
2323
9517
6677
1587
6011
4081
9952
7156
4283
1800
994
6126
4137
9820
1913
6354
655
1797
596
3242
9262
7562
800
1620
2901
2770
8340
6956
4976
2858
4952
2416
1674
6874
5246
5271
5747
4197
3311
3003
7118
8221
7809
843
9034
2464
8819
5692
1550
4076
7784
9176
7264
1781
1907
4761
8716
5056
8686
3241
5741
2995
2180
1425
6848
8577
4452
7263
4574
6642
606
6457
8485
7592
6124
1041
9753
9957
2586
437
3950
2647
5406
900
5074
5775
5151
9893
4966
485
6555
690
5511
69
7261
4122
6041
6383
3995
456
8011
1555
1118
4908
3469
1326
691
9671
5656
866
5008
8759
2470
8248
9290
3093
7589
1279
6351
1072
3426
4559
2297
4088
86
9916
946
8416
330
2001
5000
3369
5962
2130
2425
2395
1529
497
7430
3747
5084
5480
4236
4100
5476
7796
8219
7263
779
4168
6532
4761
32
2922
7029
3452
9258
7029
4821
3552
380
2274
9340
3655
5866
1638
2796
340
5822
6895
1564
7092
3848
2603
5987
7946
322
8196
8611
2290
1696
3683
7636
6162
5469
238
3337
3039
5100
8973
3136
4500
5675
3878
3367
2809
6139
580
8234
3838
4999
7879
1440
3883
2603
9440
912
7428
6934
9083
3129
1061
8417
2531
1856
6697
4637
3177
8186
5627
8301
9757
5240
6849
3758
7064
1416
9970
9236
3178
1806
9741
9962
4773
7290
3817
2242
3752
3558
6028
9325
5909
6104
6016
5843
2075
6082
3144
2021
6670
8171
2961
2394
2606
5536
5242
2639
4591
125
5539
8024
942
8191
3756
7276
3387
1099
3643
5240
8038
4454
884
9619
2157
6302
2392
3652
9223
1005
1683
981
8271
7948
2566
5006
8845
7347
7356
9236
2048
1177
7651
3627
8018
8003
8383
7717
2348
8739
2455
976
2438
7904
3983
2215
7286
3342
236
6304
3144
1590
3415
3585
8442
4558
9753
2993
5624
8750
8431
6040
3742
4407
3191
6861
6803
7257
1600
4153
7918
4674
1303
483
8550
707
8543
366
3965
351
7719
5503
7110
1052
6091
458
7761
4065
5185
3460
8250
5390
2092
3597
308
6414
7233
8031
4713
7122
5412
29
1741
6082
8385
8469
286
2932
5035
7735
6014
9386
9027
5273
1031
2927
8930
2690
8315
2733
9099
2737
2072
8139
5903
2528
2582
7705
175
2135
3473
512
5653
6843
4939
7689
3761
1027
2666
7621
171
4829
9030
7449
7445
8864
6362
6818
2566
7381
7484
4543
9715
1979
8022
2674
7956
3602
179
5857
5887
2580
2756
2899
4261
5502
3732
2183
334
3341
9165
7903
23
693
2561
4269
3707
4622
693
7039
6165
5763
5138
2793
4651
8930
796
3673
8820
2264
9732
159
847
6809
1734
7590
2073
6131
3188
1942
5131
4178
6484
9225
8215
9580
4519
9022
9418
3753
8966
3334
2909
3140
9692
124
7441
9962
8247
5331
4706
58
3363
8069
3608
9006
7055
3214
8959
4970
2196
7576
1434
8750
1908
1986
9279
5913
4578
5071
4410
1774
4255
5066
3298
6398
7250
7707
7117
1609
148
2110
7884
7856
7236
5072
815
8414
5617
9209
2525
1305
62
4447
1557
1390
1899
4158
1232
7705
845
1528
5384
3176
920
2932
5803
8296
4771
7209
1756
9347
6097
7349
4821
86
9692
3577
1514
6835
1171
864
296
5369
2545
3105
1711
9808
3509
1908
4498
3091
6475
9411
764
8620
6725
4707
6935
4304
9269
2519
3643
8407
7452
3178
5207
2713
9625
1471
1698
8321
2644
4396
6534
9980
1232
15
630
7815
1220
5994
4787
2863
2710
8664
2871
6685
6584
6201
3360
4984
6642
7209
7566
8652
7221
1888
7916
9367
7897
8997
183
2037
209
6176
446
2079
2877
783
7388
6709
4077
9119
3083
3274
7731
780
5696
8787
306
8521
6128
3424
8110
6713
1679
5434
6829
7882
2759
9343
2099
1263
9918
2223
5811
2749
2653
6533
8217
792
3808
5801
8813
6651
907
7522
4126
4291
920
6440
6192
9128
9061
9375
2868
6759
3927
3496
4497
5012
5250
4995
8023
8045
4610
2813
9201
860
7463
4982
8126
9162
570
9513
4713
327
4611
1459
5806
4157
1308
2537
6961
6318
3150
2971
2202
542
9354
9052
8822
9157
2036
3205
5542
8813
7777
767
2040
8093
8320
3266
6828
5937
8314
7029
8558
9547
4662
2541
2147
2467
7689
339
3704
2712
8033
1704
4894
1639
611
8658
1505
8411
6160
8969
7125
7364
3971
5899
2549
3843
9418
7713
5837
8041
5709
1023
8004
6120
4412
2654
5880
6812
6904
6354
1467
1697
9501
2829
779
6073
5873
401
7482
9661
1760
8417
9777
9344
9903
1193
5576
8762
9992
8304
3048
9976
4502
5662
7003
7009
3699
8773
7226
7956
2778
4693
1506
9805
7501
5428
7862
1141
5120
6476
7970
9017
230
6175
6281
7291
1246
8660
6216
3219
7078
7118
6820
8599
3305
1491
7195
3839
5826
3770
2373
7099
3175
9525
6883
7067
6910
9971
1842
4475
3331
4434
3642
3515
334
4031
9745
8327
9381
9711
5762
5039
2556
4007
878
5659
7872
2907
6500
6010
8233
4023
5315
1349
4103
870
5841
705
9291
9213
381
1274
6817
1741
9888
2643
3476
3304
8265
9273
1745
8867
4457
6115
8007
7333
4543
9168
8647
1223
9194
4003
3471
5832
6242
9307
9119
2292
9412
9464
8190
9040
9035
167
9329
4488
8222
815
4119
8234
2183
4568
4641
7226
4264
9365
9565
9199
3342
6769
6327
6673
2057
8067
19
6378
7803
984
5499
580
3523
1183
3892
8800
1083
2705
9832
4289
6785
3519
9110
3727
5048
412
9040
4626
9361
6245
1568
6876
9741
9919
8950
2642
3136
1516
6982
967
148
2951
6684
7238
5315
3538
4710
1000
676
5840
6142
1558
9533
5275
2414
9822
7659
2599
1624
1645
9027
5392
7016
1557
9415
8622
839
3603
2232
1249
5664
9567
5722
8864
4141
3833
6834
1871
8412
1510
5701
8039
3950
3520
103
9
7343
4465
7505
9128
4983
537
9891
5337
1940
4755
5934
5127
7823
6693
2699
1107
8767
9426
176
6574
5835
668
1134
8580
2987
5787
4187
114
5943
987
1442
3496
1454
9405
1279
6373
6098
3104
6265
5126
9675
385
6923
9385
7899
1707
4048
1718
8810
4594
9272
4523
3343
3528
4174
6674
3331
8924
6140
9195
6350
9777
9394
952
3313
2437
3673
8417
5413
6326
5008
5663
3161
5050
6898
5450
3745
1749
681
1280
1738
2468
1303
1348
1715
6919
152
7925
5231
4605
3042
7173
6964
7070
8776
9898
990
5970
6072
5461
8034
5631
6305
2484
9586
3609
1362
8293
6629
8723
2929
1581
8243
4860
7456
3881
8473
8045
9237
6393
2285
5747
3186
808
3283
7834
8699
6090
6274
7000
4459
7774
5676
5219
3245
6107
6163
8818
1762
8106
5557
1859
1295
6507
1676
1460
8930
2104
9613
4894
1425
2944
6733
9678
3176
2286
2445
5496
9201
1751
4910
5271
2018
9629
4263
5154
5905
3023
1614
1348
7718
9654
6283
1131
836
425
4452
6678
9132
1823
8904
6594
6477
1379
5574
1514
1041
5998
2043
959
3662
666
9617
10
3196
286
9840
1665
2243
6521
5555
5906
490
8264
7175
1770
6661
5602
8842
2751
7834
5766
6364
7377
2847
8315
8793
638
4055
2749
4113
9907
980
654
7686
7052
36
6273
7934
550
584
2786
4434
2610
6268
2998
6104
