6826
2254
3424
1369
1165
8764
5105
9028
276
5077
6286
7421
5104
6909
9739
7605
2191
369
2379
1932
7851
4613
5980
1065
8980
3663
2865
3290
6713
5887
5004
3740
2243
4803
3507
5827
3139
3869
7978
4583
165
7821
5080
2041
8380
5186
4779
2048
9446
7428
2510
1544
2492
3974
6552
2213
6274
2358
2388
7501
5898
1815
2315
4389
73
2546
5178
300
3401
3911
4465
8322
2390
7795
1767
29
9532
3938
2685
3794
8884
816
3844
9284
3377
3459
1247
8269
8250
1294
9553
780
1480
477
8684
8349
5506
691
1967
5833
8
4478
8646
5535
2962
4187
9154
4697
2207
6523
2680
2335
9673
8594
8617
5082
7971
3030
1012
6614
1299
6908
2049
2107
4357
3684
6841
1912
9110
3417
4522
8840
1970
6851
3785
4405
2170
8308
6322
9189
4304
6549
6062
1727
8613
7217
1106
2886
1860
3602
378
2476
9679
5353
4534
3099
2429
6539
1177
9277
7345
7241
5586
8789
2001
3840
365
2822
4808
4211
2911
9662
6708
1822
2309
4749
846
322
3493
7139
2578
3955
52
5507
3038
2045
9160
6617
2316
685
1976
5630
7131
7044
1843
7062
962
7272
9725
4773
6852
8284
8077
7648
690
716
5768
7856
3043
9785
2253
2106
3045
4037
6699
3390
7189
79
5751
9955
4679
3747
506
4122
2235
7281
2531
9663
9978
5247
3786
3574
596
8720
287
4293
5877
2404
4816
2321
6277
1304
3573
2531
8432
9869
2584
3093
344
8453
9873
883
1520
9770
93
3104
7777
3954
5412
3409
8185
6104
7877
7796
5998
8678
1510
4325
3750
2405
7512
4784
5262
3429
3677
3375
174
7974
5689
2366
4696
9437
9319
1525
5373
2903
2053
825
8626
7182
6515
1922
6991
1407
4136
173
3426
5777
6532
9754
8359
8259
9342
7938
941
5088
5620
8091
6093
6718
2930
9803
8265
3045
8712
8747
6785
6352
2422
3095
6625
684
5698
6568
5889
5589
7792
3855
9293
3504
9949
4396
1441
5935
4007
6437
95
1380
583
285
7282
3962
4732
1908
4251
6712
3657
3946
2694
5388
3387
7073
3354
3437
3129
7675
2560
2774
2048
5352
7295
1764
8797
2588
6769
8534
8361
2329
9038
2275
8652
5404
5769
2137
5812
2662
5951
3790
2317
9177
1931
3846
1161
3904
116
2875
1041
8004
2806
6332
3877
7321
9332
5230
2989
5517
5164
2144
5139
5716
8351
1328
4907
419
6736
7983
1303
1217
7624
466
1723
8769
456
2871
3421
3448
603
4893
2471
3893
7492
356
9523
2706
8397
1331
6072
538
9148
294
7498
3807
8651
6600
825
602
8939
741
7167
2133
1571
9824
379
2339
4608
5107
6864
6460
1809
9540
4914
270
9672
1245
8224
7994
1805
2201
2021
5405
1911
765
2069
7330
2968
7915
118
3856
2046
2818
4509
9861
7725
338
2321
7667
9977
7183
8097
3290
4467
9611
8728
9607
5380
7227
4135
7405
8375
2830
8797
6738
8720
1762
221
806
7755
3049
9371
6692
4988
3007
4414
8991
5031
5052
2545
9333
8924
556
8017
4622
4103
8730
937
2300
2036
2461
1949
5741
3780
2712
5480
9215
4020
7771
1141
5962
117
1515
9912
6927
7811
1404
8301
1459
5196
9737
4575
328
4682
4801
8481
7818
4812
4175
2634
9989
824
7921
8769
5293
1100
3630
2911
2276
7526
5198
4970
7260
3911
6582
9216
7409
644
1089
6810
2698
429
9478
7103
2299
7886
1621
1059
8979
4231
7661
4402
9845
5136
1151
5137
2195
2745
4618
5827
4181
8492
6025
3933
9998
4767
7315
6417
8099
5584
1072
7174
3723
7364
9936
9560
1346
818
6470
7407
9479
2570
3932
8045
9864
795
5124
2123
2759
1444
7020
4664
6026
5261
2628
4205
4403
5544
7104
7531
570
5203
2959
3394
3158
487
679
2480
5200
1591
3791
1377
6274
7211
6348
1610
4560
7980
4068
9202
9642
5191
3658
6655
8563
6408
1147
8461
4736
5730
5156
5801
3713
8938
6836
4275
9611
537
4886
9376
116
2643
6923
1167
7653
5643
8389
8815
8912
1017
9645
6422
1476
7902
7889
5379
1545
6303
4831
6750
9339
2217
7744
9470
6434
7989
7664
7335
374
2073
1999
4023
3094
4691
9085
6998
8267
2490
9002
2920
8018
2332
9548
3718
6084
8733
4325
5810
1049
1457
2729
3307
5706
8135
36
7898
4899
7453
4733
9663
7978
1053
8440
6839
9018
5621
3328
6785
8816
890
7111
9055
7301
1910
8732
7007
2668
4026
3385
7700
3663
1853
6286
8917
9343
8691
8317
4958
4654
1186
2099
814
7757
9338
4941
6964
3892
2709
4699
462
5405
7540
6994
158
4345
3674
6006
3795
9403
3029
5229
872
4068
7032
6000
6125
4767
9523
7495
327
7304
8369
2130
7629
8791
6297
1297
7963
6969
1767
3114
9959
9326
2922
2295
6123
4859
6128
4571
5668
2685
4521
5555
1624
5956
1226
6746
725
3338
8816
2197
4369
5213
4372
3158
7035
5409
9364
1367
8048
2377
8042
6826
7636
9914
5270
1546
1146
4737
9876
1265
8639
4951
1827
7642
2783
2814
505
1672
7564
9551
572
4625
8152
9570
8745
4746
4954
9764
5259
713
5495
4761
6522
3291
4642
7695
7919
1710
686
9680
5599
5988
3461
7550
3557
9417
3386
6729
374
4221
4904
7691
3802
8497
1804
3417
8673
8065
1169
523
6591
1382
9477
9162
5770
3878
8428
8535
2999
5088
4894
8795
985
7884
3951
4584
1163
602
6012
9328
1360
8225
9389
1037
5809
7803
958
8025
1487
1224
9021
9853
540
163
3088
4217
6510
4299
1779
9679
988
4850
3729
5286
9327
6109
6705
5917
4546
7219
2254
8071
2053
1840
9162
8366
1992
8439
3353
7967
2919
403
7047
1775
6066
5041
8254
822
4795
9733
8073
6863
8822
6332
8339
6509
4495
4102
1710
9699
1097
5040
3479
4267
8970
949
7799
8700
1001
4722
2225
8071
945
3812
6759
585
7803
1954
9219
4286
7854
5883
1122
4812
9145
5390
9249
5721
3501
2652
3871
7889
6728
3653
6869
7878
6924
2779
2805
5116
7241
9554
9821
72
7508
2
5917
5009
9572
7754
8706
2540
4883
7424
1844
5214
3918
8666
5122
3579
1700
2078
5198
8348
851
4335
1342
7292
6943
8881
3660
5023
9149
4102
7044
8300
6062
1049
7304
9142
9472
4239
6148
5746
3946
1330
3006
9303
1808
1655
3960
8258
7657
9225
3416
5162
4355
1472
9221
3173
8660
8625
8066
691
4093
3682
3390
780
379
3544
9151
2868
1361
5979
4106
7461
5930
9452
4401
9520
1328
2038
5483
5288
4920
5402
7365
9924
686
1882
3945
4589
1828
4131
482
847
6173
5456
1652
263
7939
2226
8924
8264
2503
1091
6896
1678
5119
5954
9232
4903
7070
9700
1844
6621
3141
2778
5770
8691
6317
3466
93
8497
9599
4562
1040
7230
5496
3259
1288
473
7799
4138
1581
9101
3114
7219
2784
3828
8506
5687
4804
4732
2649
9041
7518
2128
2286
3860
7705
3395
9686
2961
3946
4472
2132
426
8665
7941
51
9666
6182
1859
4666
8759
7104
2932
8119
2743
3507
5921
9993
1941
184
629
8661
5361
5848
557
7043
8912
4943
1635
5553
7893
787
4837
192
7108
6968
2688
8554
4843
3777
8840
9504
2945
65
3890
1937
4586
4008
9543
353
1784
3401
7744
2776
3316
5810
6771
4577
8107
898
1139
4722
4546
6306
6772
7972
2266
2740
1010
5774
818
7367
5150
8164
1344
1125
5716
5295
1958
8620
2457
4903
5400
1281
3769
4491
3043
2060
6875
1298
197
8110
446
3945
2637
4117
4958
6638
3292
5917
9670
1845
2998
3768
9534
4416
8251
9579
1431
2191
93
1475
2619
9487
8440
6236
9321
3265
2537
2281
4929
205
5864
9712
5577
2708
6920
1205
5527
7227
6166
9078
2002
6040
8949
611
1904
1631
1746
9352
6240
3463
629
4684
1204
8722
5491
959
5504
6401
4795
1693
4100
1011
988
9465
5980
3286
8191
6826
7496
7046
4052
4204
6024
1014
9472
6579
538
7829
4331
7690
1518
3185
6040
1465
9576
1180
8508
6855
7217
5961
5701
9125
2431
4473
4978
991
5051
9483
4630
8618
3440
4920
1856
9194
9411
6424
8659
189
9249
8911
421
7674
2069
7105
174
914
4971
9523
9888
4800
4778
1336
9609
1535
1345
4926
1773
1550
6036
8481
1527
1054
3198
5713
4250
6597
1329
6846
2053
3152
2520
8318
7605
8305
5539
8026
7056
5325
4298
4063
6020
5528
9595
9830
3840
2103
5310
321
7849
4485
4650
7109
4153
768
7384
9366
4476
6356
2855
3577
9585
8124
7469
6736
2279
6459
3730
1304
5995
3319
7870
6447
7251
1972
2461
5998
1459
3368
1873
2146
1287
1007
8997
7568
8501
5411
4165
6837
920
6173
3549
700
2470
721
4478
7895
8059
2858
7551
7380
8372
4006
4326
4530
6615
8203
9857
2180
8307
1385
7907
1108
4482
709
2289
8577
9127
9900
8234
6867
2293
6893
383
9821
9769
7169
3977
6529
7493
4565
7939
8600
5817
4492
