1330
2561
5535
8773
1825
2000
3731
4843
9324
7067
8724
6868
8703
1871
512
895
7783
4629
6859
6743
2027
9188
1899
6066
7822
8981
472
7389
8460
8086
4154
1550
8273
8197
795
5260
5107
1793
4085
9103
175
2225
1068
5432
6807
3339
2365
2911
5903
1597
2280
3050
2188
722
7466
2141
662
9468
951
2844
1527
6341
6382
1238
2912
7174
8594
506
1076
5252
5787
5989
543
7755
6567
9801
8119
6466
9259
4483
6615
7561
1485
6862
5805
1104
9361
7551
731
8654
4598
5638
842
1241
7576
3834
5843
9830
2519
9632
4744
1858
1835
651
5809
6290
2506
4433
4154
7664
4021
4195
209
6468
6228
3966
4855
9519
5432
1808
7813
1043
9774
2421
653
149
5147
9302
179
2733
3958
8289
3946
9626
9738
4756
5725
834
1053
9515
8597
4927
3396
3066
4632
402
5428
4373
5012
3609
8978
6323
4398
711
1818
3701
2084
9413
9997
5660
1143
3204
4253
1420
3706
5732
249
583
6729
1471
8241
4020
8466
5917
3210
2886
7646
6708
7788
251
4720
773
4289
6569
3755
7634
3890
3235
7807
6036
2672
6311
837
5392
8371
5393
673
1976
9360
8900
153
4845
7643
3541
5368
4957
7857
8481
7500
8932
6055
5375
1625
9746
940
369
8914
7684
7665
6071
1841
7014
2775
693
8798
1929
3183
3073
7545
7817
2212
5669
7348
8888
98
9874
3129
748
1201
8798
9777
5408
5734
8875
9981
7297
4686
1090
4452
8002
6479
2989
4311
3288
7058
3138
2069
6950
4742
3439
1773
4783
936
9683
6720
385
8027
2737
9648
1065
7239
8165
6482
8867
6294
6432
1279
3900
711
1501
7243
2093
8621
9542
1337
9222
1358
4059
1829
6959
7805
6178
6006
7762
7024
4993
4472
6051
2154
9596
9269
1949
1442
3387
763
8314
6506
5444
6993
626
1858
8169
6239
3241
6195
9680
6161
1394
8345
7497
9026
3967
908
2688
3260
1060
2159
8720
1842
1300
1960
5228
1745
1115
2231
5293
651
5234
8779
3023
2716
5914
7065
1202
5101
9635
9939
2764
1566
7344
8832
3078
7705
4657
569
5302
1041
8753
127
9702
6154
7785
3601
5693
8666
6630
6424
5124
1010
901
9029
927
2614
5322
4780
3112
6901
9705
7587
3624
1121
9394
7154
4498
2468
8881
7522
7087
545
6928
4252
1897
5107
9076
6868
4930
2312
1372
2536
8470
3211
4815
1754
664
8314
7904
463
2383
9876
7457
8400
1336
1165
6502
8581
6759
631
9103
3225
9784
9107
9336
4578
4081
6649
7131
5820
3538
8453
9850
799
5529
7168
9116
413
6305
7640
6489
6183
4563
8418
5139
7211
3088
8528
2916
732
8604
494
108
4299
3209
8147
2752
9363
3874
236
7673
4015
1183
2084
6925
3929
26
6657
2871
4167
2048
6088
2275
9119
4141
2919
8661
1366
3967
2125
1489
5552
3732
6398
7215
3043
8344
5551
7589
7381
4415
9753
6538
6068
9966
2474
5000
2479
1493
1209
7184
6430
5656
8749
8684
2516
8219
989
157
290
9486
1386
5396
1749
8747
2120
282
4784
4868
3881
5584
4475
9068
5489
9751
2295
9550
6206
9152
1667
7919
6181
9873
2757
4940
5058
9895
4983
7714
4699
4824
7355
5393
7299
7895
3029
4357
4788
7321
7846
2191
215
7610
7611
5625
2709
7362
167
8997
6388
2965
2012
1836
8490
2371
3304
1513
2638
6809
3688
2224
5299
7069
169
9056
8228
9081
1769
7593
6721
7938
4761
8885
1306
9475
7703
8570
2261
7132
2230
7696
9728
5986
1326
1733
2812
5519
6903
4927
4590
1516
1718
7979
3633
5621
6892
3145
7441
8554
7396
3628
5592
2573
2275
8450
8204
3127
529
9014
4667
4734
9251
5505
4578
5991
2496
9313
5743
8436
6244
2709
2177
6841
3003
5205
6219
6782
5251
5685
2583
4557
1129
3706
9736
8602
2104
7154
3710
2875
3529
9684
4990
7889
260
9856
2265
6213
3400
7641
3124
7578
7402
9004
2310
4687
1450
8751
9570
7070
2230
1422
7875
4843
6430
109
3604
5544
5769
5975
3887
5341
5602
2867
4907
6559
7718
4288
6581
3146
2940
6
3381
7610
2561
5004
7155
2124
1396
5049
7152
3353
7584
6640
644
2106
1809
146
1458
150
6252
6720
443
7425
3754
7782
1976
4534
4097
5750
6968
7162
2169
6424
4130
2224
8040
265
2282
1425
2954
1479
4148
720
8823
534
7757
8962
2222
2800
4750
7572
2829
6430
6894
6219
9562
5955
3855
4778
3028
2620
8027
5645
8081
9990
1183
1160
2509
8420
4066
1543
7864
32
7195
4772
2571
9723
8602
3219
25
3013
2312
1297
1000
9395
4332
5739
9530
7910
2662
2085
6409
7503
8397
334
3452
8503
2639
8832
9351
6597
6452
3802
8734
3206
9707
2796
9234
2121
3648
9838
7353
636
4753
15
308
6729
4645
8685
5657
5444
1629
4599
5758
1980
5134
360
1635
6861
1319
4068
7084
9769
3868
3427
6560
8509
2563
7794
9688
1536
6504
7408
4261
2823
4731
5773
2750
8382
25
6722
3857
3953
3175
3906
4967
1853
8044
6753
8071
9346
1160
2372
801
9580
2754
7583
6767
1325
3454
1798
4166
6851
8996
4121
8939
4221
337
2934
7249
9360
7610
3253
6835
4596
210
3130
6594
9961
8460
4707
465
5809
9722
341
375
4131
6606
4681
69
7147
9005
1424
4927
8227
2556
7006
4956
9054
4967
745
1515
5109
9504
8711
1735
7907
5537
6204
9369
9623
989
6805
2865
8746
1332
8356
7129
8655
3745
4808
7615
5655
2865
101
355
6186
8325
8608
2040
3203
8173
7540
4994
7714
3192
5355
6305
1011
8605
2468
8594
401
5311
445
6158
2199
8559
6181
6894
4199
9877
6301
5308
158
3130
5859
2244
9403
8355
5549
9581
6928
4164
6166
1450
3449
1811
5150
5554
5977
2051
6117
49
1276
6214
7213
343
2420
3942
8155
7627
2144
1713
7840
3326
1872
2231
4836
4583
7332
3111
6902
2655
3055
2887
1665
6237
9145
8995
2708
388
3408
627
917
2148
3759
6251
4032
3944
5917
5515
9823
5460
200
7922
7437
5214
6323
2839
9577
1218
6975
567
8221
2865
5149
3462
6994
8389
4548
975
1198
3425
1233
7766
4219
1517
796
5692
9566
5620
8198
892
8665
1816
3288
1441
2454
5133
5450
6450
9914
6305
9417
1490
3413
2840
2405
8052
6999
296
9257
5643
9395
4941
4317
6398
4226
2434
3703
5919
4418
630
3273
3957
3019
6083
1901
6405
9577
3707
1008
1860
2938
8097
1061
4892
4008
9743
4352
1378
9111
2744
8693
9269
6363
2555
1496
3724
7498
6889
7214
19
1429
9530
2032
9283
3032
5459
8470
7330
939
5999
8475
3291
9288
7396
2704
1297
3880
9425
2389
4483
8081
2325
6807
1674
1937
4003
7594
463
4586
8177
8906
2687
6493
988
431
3408
6065
1778
1859
8548
1272
7022
439
3111
4269
5401
9981
8966
9851
198
9844
8073
4500
2731
1938
9104
2722
357
7345
9028
7865
8007
2743
2761
7093
5787
6798
8299
6965
9296
5232
2101
7565
3841
3211
1059
1886
3696
7405
6536
4022
8628
612
4387
8333
832
8187
3761
9050
1326
685
5707
4432
2831
683
3265
4278
7677
6018
8481
8602
1682
2000
555
4966
7742
508
658
9520
879
7218
9026
2952
809
5006
9237
7394
8356
4428
6261
7600
3036
9248
5639
8610
9524
7669
4734
3158
9945
6780
4208
7677
8924
7933
2339
6627
57
9421
590
324
7528
4241
8171
4107
1659
2755
3623
7824
1446
5870
5922
3248
9757
880
5566
2433
6361
1944
5442
73
5773
7500
9574
4098
3009
1348
4028
2876
2666
2609
7337
8935
3837
5936
72
8795
1076
1531
6951
6769
4046
6909
1712
4075
858
960
7920
8043
2367
9905
265
8112
3978
517
4551
28
4667
4072
1098
310
8726
746
5158
8836
8532
6987
9410
3820
808
6770
1356
4830
4992
8672
6027
8863
5788
5498
3240
2049
3427
5985
509
2760
2343
9224
4956
3319
1385
44
4128
7004
432
6640
8042
3299
1751
2875
5542
3870
1549
4100
7235
5596
8548
5435
3119
5306
4490
5687
4239
9168
832
9049
6883
2741
237
2397
6492
9307
2030
6090
2435
764
2642
4352
4397
8352
629
2727
7112
2912
9955
9369
499
9327
8749
4913
4211
6908
6104
9650
8829
5698
5804
4959
6171
1383
9757
5301
3061
9354
6383
6234
1840
5459
1664
6471
2953
4196
1038
4767
4676
1762
8574
1327
9212
1462
8550
7555
3991
5324
8185
9583
3203
2380
7261
6737
4959
7682
8181
3014
8594
5328
9665
7758
6528
3721
7529
5039
7662
2278
1959
15
5870
1337
4974
7066
7123
4477
5747
4709
2833
2202
1309
7737
1168
6799
3031
9459
8198
4927
1511
5270
6014
8024
6173
9347
2097
816
4798
5491
3932
3510
9892
1713
3364
8169
3713
1866
7406
195
9613
482
1935
3471
180
6392
4019
1928
6589
9728
689
8070
6841
2735
767
6688
4000
7846
5163
5626
4969
6306
9678
256
776
9322
2309
9596
4373
2999
3086
1165
2053
8003
5313
1029
3335
2543
7843
9781
5328
168
4227
5069
4802
5862
6669
7157
945
6675
4168
5867
6702
1779
5225
3306
803
1679
2694
858
4082
4422
7555
3589
6642
9523
6016
8838
7421
9737
3353
1457
3
5382
298
4800
2079
4609
5454
4913
2653
5152
8650
7697
8830
7218
4463
274
2777
2006
225
1656
9848
6984
5698
905
2613
637
8426
5278
9846
7830
9735
1208
3322
2711
5864
1319
1480
425
1227
6194
6225
7780
8204
8930
5772
9857
4759
9424
5060
5742
6061
5414
9511
1697
1609
3018
9683
9393
2186
1441
6182
175
5067
4822
5417
7442
4375
6119
1354
3143
8793
2352
779
4031
5430
2067
8779
6768
5132
2756
5878
9002
217
4103
1769
4320
1696
1624
1101
2845
1635
2087
8238
9785
11
6049
2713
3381
3512
8330
5482
8639
8069
1917
6949
3708
4635
5480
6266
9541
4238
2915
4260
9430
5563
7179
9958
964
3053
1097
5746
2750
5017
8508
1507
6706
4113
993
4019
9381
9354
5397
3255
6802
7273
7238
932
8299
7154
8060
9684
6216
5357
1559
8607
8720
7826
8807
4222
2832
6090
1748
328
2415
2584
2732
3621
9561
410
242
9595
3641
1460
6885
187
8840
9659
7458
2157
8324
6246
1658
3809
4992
1412
9529
7392
3457
9901
2786
8880
5306
6771
1187
3290
7605
5069
840
4218
4541
3616
1371
7889
6911
8465
6043
4755
8472
1371
9766
9060
368
6650
5897
6585
4432
7939
5335
1003
3054
5339
163
9660
7623
1362
4288
6869
272
3595
2582
3771
8819
3239
7615
4707
4875
3769
6898
6527
5368
4773
8919
2086
135
3725
8511
8655
873
4602
8858
9666
9734
9836
1164
9201
3452
1710
265
5548
4176
9173
4483
4877
8789
5994
241
7128
9034
1190
1710
663
1040
8808
5635
8280
6419
8077
9525
3898
2851
5633
5996
5670
4736
2916
4037
8983
2074
8413
1254
3164
3503
1349
2350
6194
290
4042
3296
4140
3484
1382
9620
9683
2892
8194
8625
925
4201
2884
2782
5375
2185
6367
2697
8543
3177
8812
140
5873
1957
1257
5053
620
9935
8545
7159
9691
6457
9440
7989
2377
4781
5384
413
1468
6012
6313
2778
6542
4291
3111
4782
9190
5631
5879
979
7136
8651
3807
3017
1477
3901
7423
2183
2226
6328
9000
9747
4346
1035
8933
4468
4760
4894
405
593
6800
5953
1229
2531
6863
6034
3598
1582
8845
6475
5863
4989
4056
7566
23
1040
2650
6422
6511
8475
7357
3201
8187
5139
7012
6566
8431
5506
5357
8642
21
4296
5226
5285
4178
1182
7421
1275
6154
5443
303
5841
3337
5750
465
4010
5691
6780
1012
7893
1818
8338
8382
1929
3235
3599
7766
6090
5519
297
7602
8091
6224
202
6454
1566
9762
8770
3388
8840
3618
1374
268
1068
8171
1516
9863
2436
4673
3001
874
1651
4494
7464
6824
1682
5913
3296
2050
579
3416
1331
5756
5856
7840
2211
9616
