1682
9469
9605
1933
9226
2253
4100
1609
4990
7513
7930
3800
7408
822
6461
5750
5438
8747
3002
1498
6041
7322
5232
5991
1092
7690
57
8608
5825
1058
3662
8455
8541
9223
4267
7508
3921
3496
6550
4028
7403
7817
6990
1879
1566
8612
9671
1350
6871
2708
418
6024
2044
9594
1754
4359
4237
3613
841
1535
2196
5491
5784
3931
3850
9475
5259
8185
6554
8952
1829
1941
2197
8974
4094
8224
332
3353
4425
2479
8018
8706
1736
3117
640
7638
6410
8947
7469
9907
3271
307
2654
5014
1831
1912
2032
3058
8029
2090
3353
1486
4795
7919
878
8476
3826
3070
5499
3530
4027
883
9188
8362
3516
3489
3754
2667
3290
6212
3064
6311
715
6647
5680
1522
9287
7183
7142
2182
6191
7274
5324
2334
9125
6531
3910
3817
2238
2164
3811
3340
3448
3939
5880
2388
1118
4292
1497
8342
8157
9365
9767
1816
9025
7042
771
8148
2238
9356
9189
6643
5927
3316
7339
6753
5559
6854
9236
6984
9579
9936
428
1126
2400
9724
2863
6776
767
3292
403
4994
5685
8800
4024
6825
7506
3507
3308
2083
5760
5762
1579
2881
2975
7167
7412
131
6600
9126
6829
4263
5055
4512
8762
8220
8936
8641
9416
9301
4178
3995
7381
8945
8953
4194
957
7126
9292
513
9246
2051
3546
7153
1224
3817
8357
7547
8151
5232
2312
2732
175
1640
6463
6139
9939
1173
37
5803
7888
8865
4091
4007
7904
1765
8380
2634
3928
8780
6210
285
839
6086
9879
4777
717
7901
3288
4945
9863
1389
489
4183
6988
1446
3819
5740
2482
2813
4255
9784
7088
3488
2624
381
7960
9539
9248
9459
5436
5723
3618
9370
9022
2026
1892
4088
1761
1685
5422
2037
7885
5092
5940
6499
8375
9907
7018
6458
7945
2640
151
1115
4525
6425
3196
7351
3462
9498
6817
1177
8652
3828
9509
4140
7770
1118
5160
4962
9554
9730
3979
797
7391
2217
1899
1996
7548
6125
2005
8052
2521
2790
1513
2795
5571
2503
4845
2597
8829
4541
626
2263
4867
4244
3384
4056
5582
1799
8728
7257
4747
2055
6903
8214
8660
9354
3724
2307
4526
1199
9802
7336
7492
8765
8656
5861
2314
6713
8569
5267
6273
2563
6132
5012
9104
1716
5929
3146
8832
7842
6413
5748
7397
4748
3304
465
5886
3299
4135
6217
8778
2537
8070
7629
4738
3289
4770
6102
5587
7522
1741
8869
3230
3460
983
2184
5922
1891
9110
6944
3424
577
3475
6683
4785
4053
9939
2743
5460
8190
9974
9015
2578
2351
6488
3735
4492
8503
273
5814
6945
9827
7559
1310
6101
7544
2518
3936
3764
1120
4542
3995
4188
7190
2792
8201
9062
1386
2843
684
3349
2027
641
7396
7547
2725
6291
878
6971
7248
7691
7419
1618
3295
9999
3597
3018
2165
582
7241
1535
6003
8978
4339
3647
5979
4826
5387
9559
8287
4673
3106
5659
9588
2464
4918
9185
162
3762
3375
1253
1639
6965
6516
3429
7123
2377
893
7191
9195
5183
6897
803
5602
9149
7346
3048
6301
3748
1568
7898
903
1319
8683
2575
4585
1760
2029
830
5081
4411
2856
8402
7207
5988
9896
9038
2462
910
6524
3602
3933
8196
363
3104
7775
2302
57
439
5117
1869
2884
6413
2194
5476
349
320
8281
3941
8843
5363
347
62
2110
4784
2327
8494
3596
9613
9253
8308
586
5390
7224
7965
3965
2706
955
5579
4799
2283
1703
1590
5713
3211
1526
6442
6208
1731
5638
9575
757
8520
2067
1161
3254
3870
6086
5579
777
9281
8705
443
1186
6809
1282
7493
9189
4228
1510
7642
9364
2701
9142
6560
3659
8757
4349
8898
3257
5884
2285
1865
3975
9677
7551
2066
3323
6062
4711
94
6620
5376
4801
5518
3577
1259
403
8903
1929
4033
7253
1980
220
7995
211
8055
9378
5506
7501
4496
9521
7188
2321
4892
6995
6840
6468
1508
9257
9216
4169
3126
9516
1415
1022
3987
7899
3623
2982
2400
8354
5445
6968
9223
8631
305
1644
5979
9465
9496
2687
7817
8561
214
573
9432
3054
9909
8522
6736
4791
8894
9645
2713
9864
4126
2463
8804
6973
6223
155
5754
2523
5101
6142
4075
219
3098
6261
6690
5196
488
2043
9761
6528
6352
4565
9301
842
1589
933
7990
5100
6246
7608
9459
5799
4255
9359
4504
7841
2840
9005
3241
9340
6933
5293
3459
4072
6497
9213
9956
3647
1832
1540
4302
6851
9884
6185
3512
9561
3162
7961
5383
5290
2165
653
6277
7492
6683
8275
5963
3738
1757
8848
2355
1483
8801
421
9594
1058
1105
5229
4345
2376
976
4343
3267
4705
3306
2607
5915
8070
5846
4942
4678
4878
3621
7951
7175
6279
9015
5966
7389
8221
3249
6217
1889
2984
9184
2819
8050
9463
6590
2453
8455
7933
3616
3007
4313
7821
7385
1572
4186
4075
2360
7893
7891
6814
4169
7477
7861
849
3246
3315
2042
5138
7840
6123
9126
4759
2453
283
5520
486
4557
6452
1480
3393
6486
6745
1261
614
3638
9353
8893
7443
1780
3313
5861
5356
8325
5074
8814
1707
4958
7200
6216
3274
411
3317
93
7493
3880
9554
5367
7101
6051
3700
9517
5908
6412
4498
327
7423
6215
7246
7211
3892
4421
4598
3358
4526
262
3770
6433
7379
1469
3813
5528
7357
235
8205
2981
3169
6652
3768
6733
4084
3985
1792
1392
8080
3795
9952
8943
3826
4747
1390
5491
7711
9988
2323
8853
5812
9958
5566
7230
109
3120
7988
5632
2238
8171
2160
5672
8207
1517
7157
771
2447
513
3127
9907
2629
3206
5278
730
309
4827
2606
2632
79
8321
7817
7368
7911
9352
7169
3211
1086
6537
6624
963
5996
6160
9153
9908
1635
4280
735
2309
7589
619
3043
7197
6861
2416
6224
2605
4680
4835
6921
5282
513
5356
5552
3916
354
4791
7760
8855
4347
3946
9685
5910
3889
2163
3910
6469
4052
5369
9095
6028
4091
296
5042
9460
5278
619
507
5495
3127
4563
8530
6250
9615
1341
449
640
607
5237
9554
6843
6519
1880
7962
3642
933
7133
3308
4698
8506
9755
8552
9310
5740
892
1190
217
313
6092
8638
9735
4284
2265
5727
9784
5416
3434
6294
2547
1713
3270
5861
8815
5815
2252
9509
2211
2334
1400
8526
8144
7310
5808
6988
3372
6010
9219
510
8723
151
232
326
4515
6598
9819
2558
4253
6152
8178
8225
7499
839
761
2984
5235
3893
9737
3495
3487
1383
8979
7882
8912
7565
494
2424
8475
5276
2355
3773
6196
2924
7570
2396
1481
2944
1346
2217
5996
9693
5255
6058
4156
3175
1027
7304
6549
2824
1753
9478
6273
5724
7022
7340
1171
2349
1413
6949
6104
7394
4083
8976
3796
4404
2028
4574
3268
8364
1503
2291
2547
7520
7498
3794
6127
2920
3726
5737
6538
3189
5875
5651
3523
2877
7500
472
5902
230
1224
9131
1531
4397
6112
8602
5610
6279
2261
9751
1146
6452
4036
8184
1321
9462
6930
8753
8225
3227
1213
8250
8622
5675
410
2915
1519
8432
5453
919
6904
1556
8672
3037
7140
2371
760
8150
1407
8896
8184
9847
658
3975
4591
85
9152
7690
4330
4060
5946
8746
2246
2674
9017
2973
508
5855
3986
3197
7082
7178
825
1342
2846
9589
7780
998
1044
8949
8702
8780
7345
9329
5043
1365
7592
4647
1083
325
3762
3828
4101
1392
4973
8157
9310
5997
4020
4166
1863
4904
4164
8210
1813
1006
9022
9316
1128
5002
2305
8154
6646
5380
5358
7165
1401
2917
7631
7652
5381
5861
4772
3661
9435
3254
3076
9433
6369
4689
279
1783
6978
6877
7086
3798
4616
9135
7515
4036
2343
8275
3518
6081
8020
5608
7181
8720
6033
7807
6756
6393
8365
6367
8784
6001
132
503
8774
8559
7930
9588
2947
6439
4723
521
1175
9768
8294
1560
2549
2265
5401
3594
5309
7106
2342
8690
5641
3827
6072
4355
3399
8561
7932
3885
3418
610
8093
1084
3665
4113
360
8956
6106
2754
5328
7079
1357
7498
4432
7413
426
4473
5257
4490
991
4770
1058
1678
3658
1441
4862
4947
2487
3574
6189
4385
8506
837
7103
565
1675
7210
7894
8436
1905
6445
7488
2555
1778
5263
7332
8142
9394
8658
3929
8925
3304
3442
2894
8647
9552
6414
7425
2224
9251
5413
6468
2532
6564
942
8572
520
394
3867
5738
3215
6578
6821
2585
4546
7282
8503
9900
8395
4108
6719
5552
3828
9645
7263
1081
5064
7943
8456
1012
5260
9784
5670
9184
6492
9976
4955
5990
835
6690
6812
7747
5527
2920
713
2346
6482
857
8347
1365
1049
6514
9029
8115
2531
9860
2640
2886
9301
9861
3508
2577
1938
2854
478
3431
908
7636
6093
4569
2326
2512
9064
1705
7296
8971
24
907
8932
4916
4598
4207
9595
7090
9963
8745
754
7554
6653
6631
7335
2069
6688
974
3181
4235
5809
2673
2442
7282
1438
8845
4764
3777
9038
8536
7449
7324
818
3560
9835
1732
3954
4385
5262
9301
2981
4847
2890
1732
2676
3353
983
9461
7233
257
5824
8090
8523
3061
3162
7351
8465
1650
3478
5753
9443
5817
8052
1427
1295
3430
6735
3092
6796
5603
8114
2303
5711
3880
1253
961
9782
710
4605
8084
7861
5302
6543
8781
2711
9359
8801
7757
398
2484
3267
2304
906
9509
9858
7163
6795
1463
436
9246
6618
7891
2665
1630
2142
3520
2379
4643
1808
2200
7568
7755
7044
5393
7891
4140
9274
9270
8715
1936
4628
8978
2694
4311
2336
5810
1396
6202
4021
4089
4165
8318
273
5359
1466
9970
2637
4913
6639
9191
6979
4158
5949
8197
4915
5511
5259
5512
1617
5717
7889
7525
2748
8500
4617
7639
5196
8353
9294
6331
2123
6176
621
7718
8035
9249
7482
1685
3927
7921
1503
4361
2631
9524
4956
470
3029
4497
9396
6824
550
5883
4585
8304
6200
6640
5570
1772
741
3826
4774
4283
5618
307
7067
803
3536
8231
161
5665
8029
3574
1585
3695
4214
3528
4893
3224
3543
4147
4610
698
8957
2470
5780
6239
1591
2317
1517
1394
3679
5709
944
100
3146
7219
8742
2324
2456
4153
6933
4797
4336
3730
8794
6976
4298
889
4089
2672
1746
2346
8229
6594
9216
4075
5326
3148
4526
827
9212
1219
6713
8766
1986
2320
2630
1484
548
6995
4785
2569
767
9390
7213
9812
6362
5226
3675
8804
1941
701
8227
8845
9648
1332
7480
4349
884
9071
1893
5594
7797
1629
4941
5713
8084
5569
1744
6473
4346
2813
340
7094
7886
9177
1579
8838
9380
9403
7713
100
9472
5722
8885
8510
2991
7867
9118
653
4840
8280
600
1477
5101
9191
4771
9137
4449
1499
1728
793
3481
7202
4457
9127
360
1133
959
470
9753
8641
4968
1481
1357
1793
6122
2075
2743
6430
2721
216
6450
1091
1633
6066
2213
8862
1992
8694
4405
2441
4389
7881
7675
6920
6618
2270
1264
9758
8149
1858
6908
8647
899
6199
3311
9118
120
3308
3068
2695
6394
8018
8777
1511
4342
2390
5568
8391
6913
1498
9140
2264
6065
7312
4252
7087
3806
4437
5175
3852
811
2985
8281
863
3308
7803
191
5434
2755
3094
8742
8683
5625
1709
6047
6370
9104
6163
2578
4227
6701
2873
2844
6651
2717
4643
2582
3587
1946
6224
5312
5683
8133
9216
1884
3409
9737
7914
8202
6538
2199
134
5635
3818
2755
457
6638
4355
1265
7882
7983
7642
1859
947
7150
7937
140
1629
8145
8665
5220
6603
3487
6531
7781
3059
550
6409
9825
2637
6632
1189
7960
6039
2027
6567
7237
9025
3895
2260
8004
8226
2322
4064
8240
7670
3823
7185
2065
3946
3268
8108
9768
9537
1318
5595
6646
9104
6036
9696
9907
229
4530
8627
1249
6793
9681
5820
8920
583
700
1114
7734
5885
660
6993
4281
9423
8290
111
9235
3364
4344
5878
9369
8524
1421
8422
4721
6431
9921
8132
2989
4198
2353
7775
3696
3694
2814
1447
7988
8003
8265
1481
3246
2154
373
3883
8877
4324
1314
7223
814
5925
461
6542
5885
8651
9258
2725
5371
1259
1099
2488
662
2567
8125
3535
3531
2885
3296
586
6608
6842
2123
1231
5098
2862
2632
7214
8150
7538
9545
396
5117
2697
7318
7063
3737
5810
1890
5045
4436
88
6075
6729
6904
5776
819
678
4029
6838
351
5991
1027
727
614
3971
3802
9229
1444
3023
6019
2043
4575
7833
1713
702
7371
7964
5249
1061
9798
7721
995
8251
6150
6519
767
5393
4326
9321
2042
1953
3185
1312
7186
3553
9369
4390
2083
3346
3261
4507
4366
8866
9026
2392
5513
8242
5015
6202
8405
2855
5429
2967
7039
2630
4996
2775
4576
4094
3204
8408
4902
2122
980
4065
8858
3263
646
8160
1332
2981
5880
1902
7799
5290
3354
2128
9224
3757
1006
2524
378
8124
916
9187
6523
217
4272
4556
8556
6594
9813
7988
142
4853
9604
2243
7886
4961
3534
2250
7595
6855
4870
5423
6974
3527
5168
1749
9275
2868
3550
818
3087
679
8029
6778
1205
1792
7541
8640
8990
6089
9603
4738
3168
7892
1759
2946
5685
1110
4241
4263
223
8756
4928
3522
3253
5492
2213
2996
5049
2522
5281
5688
3043
8994
4901
9462
6823
2826
1038
6093
7419
4894
3259
1506
7252
132
2255
9082
1767
2222
6064
8164
8626
9287
595
4331
5751
4507
3525
5713
9579
4544
3590
6467
808
3914
1694
4173
2990
2297
6122
2859
72
8148
6844
5329
5497
3422
6270
3121
3236
3131
1229
2827
6458
7117
7061
3755
8399
570
3711
2316
9301
5324
6514
2874
1303
6791
697
3337
8437
8082
6091
9470
6099
3205
8091
478
2443
5266
8833
2328
8236
403
2476
6447
3315
763
9
3691
6852
7938
5773
2420
8586
3806
3557
4748
1633
3969
4025
8706
2724
2932
4683
5153
7040
1759
6727
3253
9025
6583
1312
3133
1736
1382
4079
8897
2847
66
9558
539
6782
7006
6485
498
2308
3670
883
2293
9647
3343
8844
8473
1240
127
9604
5304
5719
7323
9407
1556
4036
6755
4665
269
6626
2640
684
7203
9726
4660
1900
1566
4410
3485
1924
5717
6447
4185
2845
3370
875
4433
3606
5682
7738
2838
1892
1609
1778
8775
3177
5524
659
8002
6503
26
2340
6216
3872
9667
2985
3680
2566
4986
1442
7278
4063
7754
8203
3886
8856
1534
4477
6037
681
9602
3149
8983
2530
3787
748
9075
5425
951
1482
6376
907
6408
6982
1897
3376
231
312
3177
384
7194
1867
8619
4239
460
8775
4137
3405
7891
9918
1642
1046
4622
7320
6901
6876
3357
3685
85
8919
3910
8255
1615
3503
5066
6371
7654
772
6305
509
8625
1222
1300
5652
3486
7735
4529
4743
2070
5011
6610
5669
7533
1032
9839
5329
6284
9088
80
5020
19
6546
227
4257
6473
8939
251
5116
9173
4089
1120
3365
7100
7381
1293
420
9745
8969
3833
9166
2347
8613
1615
5073
2309
8240
721
583
3663
9737
86
8566
691
1284
490
2078
994
7042
9179
4547
7483
9413
5570
7980
3891
3244
8569
151
9738
9419
5583
7314
5254
914
2673
1405
4930
5154
1948
8232
8217
9667
1452
9436
4002
2554
2674
5815
6891
9214
9426
2702
9790
9285
1682
2934
3043
3634
1182
9064
9671
570
845
4244
4153
2771
3311
9777
8610
9084
7148
5840
5094
946
6330
7815
7961
6134
3977
1336
570
2753
3260
523
9992
2880
7524
5968
9231
9739
8362
1296
3971
2884
8560
7647
8822
7207
5282
1231
9242
2896
7204
7806
2066
3585
7608
8844
2955
3866
4972
6908
9656
9845
8493
6918
7309
321
4251
1272
5247
7343
545
8871
722
5852
1868
2209
2385
8682
8993
753
852
2746
2094
7673
5548
5453
8456
6407
5272
8679
3013
5364
4766
1454
1639
4126
4391
1642
337
8500
2956
4009
5983
1899
2351
8333
7084
6214
1717
5398
6458
4273
4873
4219
6056
6910
7750
819
1369
1855
1865
7844
6000
6567
4329
5180
4104
9268
4212
7742
7818
742
8344
492
7797
6842
6763
195
5322
7215
8369
2242
4689
9873
2220
8740
491
547
5398
4729
6375
3571
272
8481
6635
5111
8009
9415
7569
7170
4228
7815
2001
3974
7580
5715
5928
4380
6422
9213
146
7554
5497
4154
3485
9623
3154
6127
4346
5589
4689
3557
3870
9483
1366
4246
470
9862
3857
2685
8833
7347
2626
8151
2986
553
240
715
2292
6504
2811
6110
4125
6184
4582
8820
8074
6118
4996
7012
1957
1881
5068
1979
2481
670
3945
2517
2608
3333
5245
6065
523
3736
380
2799
4928
7345
1168
2932
9382
2439
3835
7841
2778
8578
9432
7685
4901
2545
6172
4352
4866
6845
728
6951
2279
647
5670
2315
6608
7722
8106
8958
1259
6746
5587
388
5803
1782
3892
728
4949
2064
7629
9517
8046
7226
9201
3902
1238
6259
7615
62
7161
893
1198
3677
3007
3428
520
4280
1675
8852
6323
1659
4332
4876
6582
6031
2991
9043
1882
3118
8653
5443
9402
2802
9215
1211
8905
5052
1446
1767
1077
348
107
8043
1797
365
5548
1909
7381
2375
1262
9611
9053
6097
5740
5969
5184
3170
643
3169
911
2194
4377
4496
1409
1717
1491
8395
4461
1796
4523
5467
2834
9907
7775
5975
1552
6289
3078
6217
483
1081
1662
9506
1856
9042
6389
3304
7062
3246
6026
5735
4408
8276
855
8882
5970
5610
6634
79
8873
7152
7447
5585
7852
5794
6776
9145
8322
9764
4416
8895
91
4426
2685
9830
532
4870
2640
2367
5328
8186
1332
1215
5769
8787
1059
4557
9052
8892
5
5942
9654
2999
7343
3331
3633
6076
1654
6061
2265
7243
4982
7298
8829
7130
5643
9982
5591
1025
8350
1099
2969
4267
4751
687
5819
6232
9815
9064
4735
2219
93
9429
9758
8474
9241
7092
7082
9354
6196
4455
3216
6579
102
8084
3203
4033
2385
8638
3144
1076
8966
8026
542
8906
2972
5387
8247
6656
7511
7401
6260
2590
1325
46
7149
5553
7540
355
7889
8550
2899
6236
4829
3894
7883
6390
4165
6666
7483
1785
3846
1177
5919
3658
3252
2067
8886
852
5501
3854
8844
425
1843
8794
8194
625
5253
55
934
7650
6493
2029
748
4593
8177
2730
3196
6648
1022
6582
1221
1581
9173
5725
3555
5083
6671
7667
6793
5082
6666
6688
4854
4035
9706
2474
4392
6035
5699
7258
1136
4109
5731
9832
5292
1817
428
1325
5481
521
8870
2238
9829
8918
2632
7263
1252
6118
5239
3111
3953
7586
3261
5852
984
9805
7174
6713
4887
5703
8337
7161
948
3764
5445
7112
5849
9341
432
1737
4654
5345
2185
6272
6211
4427
6859
5935
1403
2442
1221
8274
795
2587
3304
3550
847
9879
8848
5487
4642
3715
6437
9778
2183
1709
1289
6064
3473
5519
1414
1911
5685
3501
8456
8608
5401
6989
9640
6556
2945
1238
5309
2445
4481
63
6365
8360
460
1895
6265
5969
492
4945
7095
939
8907
2407
4088
4502
3137
795
2462
5883
1027
9310
2588
7294
4131
4695
8149
3857
238
2291
2541
3403
8406
3992
5297
2120
5343
2929
5603
1577
9254
5444
1418
739
6405
7517
9700
2993
2901
5138
3419
2150
8776
9425
1417
5170
7474
9071
4229
5764
3746
2407
5731
8201
2404
3692
2532
4914
7109
1968
9158
208
5191
885
6629
5583
7892
1849
888
6613
4995
5155
956
5099
8872
390
4627
8980
2575
126
4645
6272
8699
9838
7831
6847
9713
3216
8335
2713
4984
4785
5884
932
5979
3210
6959
7890
2795
5834
7277
5625
8182
7616
769
8590
1450
631
9329
2013
9065
3552
2339
6982
7323
2886
1509
5352
3053
9782
5869
4675
3513
8175
1629
209
9271
23
9119
5661
3431
6736
6184
6741
2849
9019
8089
1083
9069
9240
5396
9082
3887
6321
3647
1432
2446
8901
3609
3093
1701
1606
4837
3013
9964
2601
2111
7
5987
560
9319
1427
1511
3667
8582
2329
7367
5598
4133
8303
4797
426
6283
3812
4386
6787
788
7191
4527
196
7763
370
6413
6026
3960
1824
1899
3171
6776
247
6907
8082
5095
8509
9921
3968
7570
219
7739
1318
4064
6847
4767
5306
8295
1275
5323
1024
8627
3177
1813
4920
5479
5790
2797
8949
5013
5484
9707
6757
429
4196
8822
3885
1395
6715
5330
7774
3891
417
9216
568
9451
3208
6131
915
5602
1106
7730
2684
6500
874
4543
3599
8434
1987
2602
9305
5712
972
8955
2086
511
982
888
9868
8025
881
3911
1580
5945
7549
7133
8209
3960
1244
5468
2271
9658
1881
3346
3906
7753
7022
256
9555
9652
5222
5450
9407
4112
6024
2062
2918
1462
7130
56
8469
2319
6263
2890
4720
7195
6150
6739
8951
3740
6333
9638
7190
6519
331
9646
3830
7625
5048
4332
3489
725
1333
215
2802
5431
4504
7468
9920
5487
4214
6747
6830
1187
6998
9951
3395
8990
8626
6711
1603
283
1305
5814
3318
5584
8260
2887
3781
6377
8231
5293
6413
2797
6567
7744
986
6047
87
9289
2691
8682
6819
3464
9526
9586
2808
6003
9521
380
6251
4839
8999
8337
2729
3205
9420
5518
6897
7218
7170
1616
3686
3542
7256
8920
334
4032
4619
9253
8964
7347
8903
9336
4020
2921
3463
7840
6288
3732
2775
2257
3366
3401
125
3391
6294
8076
68
3361
8324
5467
9150
2869
2118
1074
4995
3276
6208
605
9251
8775
1383
267
1415
8904
5936
9662
4317
9808
9742
1579
9230
3164
4442
4913
8250
285
3416
3864
2626
2257
3964
1257
929
3497
8197
6033
7217
2945
7925
186
1632
5682
4480
4000
873
3098
1986
1221
7454
6631
3759
260
3619
6744
6237
5985
8426
7204
2823
4709
9860
2343
7978
6994
4811
125
9337
7918
707
9902
2444
1371
1882
9555
9946
3547
8684
442
4040
5151
8299
2195
6410
5995
8498
3704
7637
4184
7259
2211
7607
13
121
3216
326
9289
7704
7486
9189
747
3760
4067
514
7551
4186
2387
8378
4064
6798
2689
7300
7983
3164
7671
6410
7665
5933
1983
8495
1106
2488
5153
658
8495
2294
2431
1249
8665
9228
657
5843
1197
1253
3292
1391
4231
1681
8858
1808
6111
5326
3573
7386
4569
4910
9624
6848
2449
6806
2661
3355
5720
8991
8082
8259
8607
3409
2018
5256
1754
1137
9712
4835
6140
6846
6102
6729
9872
6280
2178
5984
7074
174
2383
5780
8914
7766
6088
3584
2670
5583
8800
1859
6567
7301
122
2206
3171
5032
2784
822
9662
3601
53
4973
5613
8737
1246
7723
8807
2895
6975
6169
4627
6677
6281
5545
6607
2301
9344
841
7321
8433
2586
6171
2337
7852
8267
8838
6723
3896
3557
4839
3496
1356
6321
3472
121
7410
166
177
6519
8364
4776
9775
8607
2630
7231
9890
1020
4576
5599
869
5687
1942
3501
1228
1015
3882
2636
7761
469
2407
1000
4911
9337
2135
2672
3271
355
2808
5424
9197
2134
9167
4321
8956
3657
2811
7563
9706
620
8377
7818
2146
8296
2687
9152
1553
7855
5093
2457
6239
4774
2405
9707
4112
7364
9865
437
6472
9958
3960
9535
8212
9152
6402
8735
6519
7621
4544
7571
8204
6318
2929
7140
2092
4589
8853
6614
6649
2983
1119
5416
5262
351
9185
4423
9729
9460
208
1591
3792
2373
1091
9748
6660
8842
9606
2994
1894
3952
2632
3932
3310
7522
4252
9920
1844
5265
7614
9523
8511
3250
3788
3488
8839
8543
4273
7861
9966
1979
9006
7059
7412
2952
3779
5830
5227
3181
479
3250
4983
5858
4720
2696
351
7186
2105
7739
6098
9265
2578
4463
1846
685
3080
541
8585
7602
908
8117
4569
1744
3027
9915
4946
5573
6519
357
3743
8421
4692
8663
4786
4364
4539
2652
8530
1091
3137
1652
6437
6533
1762
701
9400
4542
5212
6726
9872
3237
7245
7624
2272
2362
8681
3238
2830
4804
7749
4778
667
1748
3996
7676
4572
3915
9677
7481
6146
427
2011
7493
4465
9256
1679
8035
9982
2326
514
404
360
9793
485
506
1176
7068
6390
2423
5683
1301
9822
3725
3341
8359
985
4689
2536
4085
6128
5485
4865
7731
580
9445
1225
9751
3159
3015
683
645
3255
503
4289
7345
4417
874
1262
3490
6500
7504
7524
7253
1798
4844
604
8286
4151
6106
8271
6989
5499
5896
6197
5029
5538
2629
9212
1040
9280
1424
3909
3374
1740
5037
8045
9318
9435
5996
3941
110
3427
9045
7585
8624
7960
7612
5932
5735
8840
2939
5599
7053
4744
3693
5145
7359
4306
9260
1807
1788
1661
222
4210
5076
3595
4149
5512
6761
6799
1286
8850
8155
2164
8160
3562
6453
8311
7573
7068
7926
6697
3476
2199
6341
5824
6855
8630
8047
9892
686
5012
175
4189
2152
8449
3204
4835
2508
5029
3811
2099
9171
8936
7553
4088
7443
4888
6583
130
8692
9048
6733
2191
3880
5091
8184
8023
7868
9252
6739
5518
7465
6868
6112
6274
8675
3966
11
9711
358
1617
5802
2543
3257
5826
7525
4539
4645
2253
8380
1967
2046
7916
1200
1637
8279
7984
308
7061
264
5181
6967
3256
8290
8292
4634
2302
2823
1279
5413
3477
4876
6872
9772
7074
3246
4189
8933
8053
7565
3644
3377
5615
871
4771
3472
9548
5668
4475
7995
691
3658
2950
9446
5176
4650
2545
4253
4965
1192
5223
1716
3366
6839
4903
7091
5173
8143
4125
8391
4089
9050
2254
9495
6619
1804
1351
2385
3518
4819
5085
6633
8348
3283
4721
9818
1925
7426
4595
2423
700
9936
3967
6861
2341
1928
10
8775
5968
7680
8298
1405
1543
6084
3906
1640
1403
3455
2827
3372
3299
160
734
145
6106
8590
3367
82
2117
5084
5165
7747
3547
1702
7690
4152
5082
5393
7153
4690
1793
2575
6416
5838
6521
3680
5090
2264
9377
3081
8415
8470
4599
1222
9124
540
9202
3821
754
3751
8561
9927
6657
883
2515
551
7857
9840
8393
9753
6558
6009
6301
8136
1578
723
3743
4895
3624
2425
3500
1103
704
9036
6669
6694
3148
2324
2578
7149
4950
1260
4638
3402
6129
1866
5918
5532
3323
5970
5823
5249
3870
9624
6523
2405
2169
6462
9644
8400
6796
4306
197
8329
250
7458
9222
7621
4214
5820
7402
5532
7262
1244
4802
5297
1371
2898
2007
9712
4805
8211
1572
7654
6601
8251
7232
1080
2513
4264
4525
6685
2680
4177
352
644
1063
6309
3151
8671
2643
8297
1318
7502
8567
291
7986
2626
4822
1225
1034
9270
4455
9931
3595
8585
2733
2542
1727
1999
225
8142
5107
9949
1294
716
2851
3085
891
4157
4233
5061
9747
3336
7068
6508
6892
4069
9086
6310
264
4606
6257
1287
3230
5255
2230
2749
581
1767
7911
8520
4581
1152
8445
4501
3189
1368
6208
7850
7440
4901
1735
665
6991
5972
9523
1118
2862
7086
1693
8663
3455
5417
1734
5618
1884
3819
6719
6039
8485
101
2503
9124
6246
5713
480
8594
4890
2567
3318
5523
7861
1236
8870
5363
2871
5592
4295
7257
5732
1111
9886
3495
73
9247
5064
9164
9417
2827
2616
9370
4648
168
9364
7338
2397
2610
4418
1278
5492
928
6228
295
3768
6169
802
2219
6546
6370
2747
6292
9523
9461
306
7373
214
9008
9050
6999
648
1315
9177
2063
9950
3948
875
7692
1871
1532
2966
260
1173
3016
1765
4804
4883
9591
9726
3904
8444
2845
2617
3046
79
6324
9846
5187
9862
1990
7123
3389
3560
7419
630
4176
1751
4164
344
9819
5294
3109
348
5014
3404
2487
5118
6506
7695
5502
2490
623
9281
5146
8554
7802
8698
6130
1983
3626
4102
5687
7830
9880
4408
9577
6699
3754
2386
7589
3053
718
9247
9907
8609
5335
2496
7602
9642
7592
1205
3339
7491
4359
9500
6500
4107
8414
8864
2827
5477
5620
2181
6717
5716
9606
5279
468
606
3827
5787
1363
4120
106
2449
1771
1375
9373
6536
3219
5306
1095
6488
4391
2421
762
8196
3471
379
7908
5469
8285
4889
9558
2111
7432
8537
2530
4190
9003
55
2028
6996
5814
1804
9841
9219
7385
1909
7728
5125
4733
1877
5645
7521
4382
9132
7789
4296
4954
1409
1808
88
2697
8357
7501
6474
4561
7994
5017
3234
8844
5182
7533
3163
3277
4099
673
2586
2579
1543
811
1561
2650
2783
735
6408
9244
2037
7729
8299
748
8234
9236
7593
8247
1939
4299
7456
4303
3367
4657
9390
6892
4494
6280
9550
4343
2482
4243
283
8459
5202
1716
3410
597
246
7437
9913
7622
1093
7230
2524
264
6718
2485
610
5946
9939
4915
1337
9799
3216
8283
9212
6886
1421
4668
8156
6503
1184
2064
6761
7793
7446
9840
5545
6518
5826
6995
8000
4502
4385
9834
3210
6137
2132
9125
174
2008
5670
3604
4403
7566
2905
483
5242
6918
2504
6524
9176
5578
9281
3410
6437
9028
468
4731
2818
6877
6939
4092
120
2944
6914
6835
5414
3382
5073
3075
4753
2295
4494
6147
833
7580
7660
9194
4887
6962
4597
8627
4013
9301
7818
2422
5220
974
3397
4181
5668
7401
6307
3296
5068
1577
3484
1459
652
6070
5068
1860
1845
9428
1770
6881
1083
3134
2577
8857
1367
1273
9843
5855
2280
8312
78
818
5125
4491
1614
4440
9984
892
7406
7352
5987
1198
1078
9255
4095
6201
8542
8817
1894
2737
6782
4585
7530
936
1339
2086
8396
4539
2813
4394
7557
451
1016
6756
1499
2666
6333
6160
4455
628
1875
952
2021
4418
893
9885
2055
3322
4761
5166
2731
1026
3961
9542
1530
5493
3287
4188
3152
9527
6043
5444
8078
3012
9795
5536
181
4322
7755
1429
9867
2381
4361
1265
861
5829
2563
3112
43
1454
30
5074
9778
7647
1662
6530
6489
1473
5225
6006
9378
2145
3007
4927
4585
6430
2874
9009
4623
5357
9703
7733
5566
3332
5299
349
6664
2696
8681
5701
2929
175
4145
1698
9497
969
5666
431
1349
3264
9047
8708
9096
1749
2050
7722
9373
9434
6680
4430
2954
3553
8489
4685
1750
2297
9507
6445
2348
1312
9865
3793
2792
9523
3076
9203
7999
1309
5430
3615
764
2443
7659
1358
6310
994
8636
3817
1281
7576
976
7230
6015
4250
2746
9376
1686
9459
9947
7199
1461
9221
8083
36
3399
5253
5916
9572
8672
2847
9722
8064
4003
3064
3666
511
5893
7131
8375
756
3660
5689
5163
4771
336
2634
7777
8541
6777
3700
7517
8540
1361
8230
2154
1542
4360
7622
7958
1056
5078
9064
5145
8434
7854
2911
3227
2951
583
2235
3482
4554
1083
9191
3539
5771
4057
3311
9700
764
7476
7374
2795
4971
5330
1182
6702
5772
910
2123
6151
8270
9172
7319
5677
4596
544
6729
6917
7424
9407
4826
7958
4541
218
2962
7456
2170
4691
6382
7485
1048
7922
7194
3579
7704
6268
173
3103
6671
6209
7454
2040
8459
6084
5211
5382
3764
3514
8943
5227
7327
6394
2276
1357
2650
9416
8253
4753
2368
3725
4532
1081
4527
4638
5103
348
1978
3739
7973
8327
370
3625
245
1214
1952
2785
9498
8457
5006
7579
3692
8655
5747
1155
158
4653
5646
5836
929
8287
8014
5420
735
2945
1677
6373
7513
3821
981
4862
3404
24
5540
616
4857
3701
6149
1061
9405
9864
9918
9796
9746
4788
33
5876
5333
3372
4480
449
4702
6141
2809
9685
312
4950
2890
7299
9537
5579
5272
5676
7476
143
4174
3667
3115
5131
6298
6456
8503
4585
6431
1065
8369
8218
5673
5947
2912
5800
1039
4141
9341
531
160
7263
7214
5854
303
9906
811
8850
1523
3825
4592
4241
2319
9602
613
6365
2761
201
7073
8023
1945
116
9710
1744
1316
2093
9276
6943
4386
3736
4539
1130
6334
6945
9983
6911
6453
7260
4828
6391
5645
9653
3061
2605
6472
4127
5899
6070
5333
6546
3039
838
7067
1318
8586
43
7553
5469
4538
8209
630
3867
4463
7786
9286
3461
7906
5374
9619
3701
9912
5500
5373
682
2378
2291
7055
7104
5271
7188
6194
3205
1609
7840
696
3701
4063
5016
8359
9939
9358
983
2722
6618
5760
1777
5190
5275
3319
3011
6221
525
6451
1631
6634
7539
5464
6384
8939
6294
2988
448
198
7350
2015
7424
2257
6623
7089
5584
9397
2889
7015
9679
4342
8928
2778
8754
4922
600
7101
1780
3784
2260
967
5668
6754
9978
1205
3157
8236
7679
6076
2064
6951
8910
785
5371
4602
8335
9519
8566
8185
7734
3613
3331
3510
6772
7288
7705
4760
6710
1462
8339
9192
1208
6664
7937
6383
6347
670
2279
5417
3932
7348
1718
6813
4950
2727
5432
8143
7406
4151
6586
1080
8535
3594
6049
8646
7635
2158
9982
2689
3499
8396
1526
6216
7737
2872
5743
2245
2847
8988
8255
7665
7240
3149
4252
386
1894
6518
8560
4044
1855
9562
7354
2558
4876
7258
656
7613
614
9291
8747
4188
688
9589
1917
5535
5822
5502
9075
2077
6984
3186
5295
8417
5896
8920
3840
5386
9342
5663
6752
1117
3598
5937
833
3937
1042
8967
1340
479
2215
8129
1631
3556
241
4066
6976
7650
1231
8716
4563
6392
7442
6482
7059
8668
4267
8936
6661
5955
3417
5270
8270
4950
2539
7629
590
4750
8755
7980
4493
6854
4161
8596
9861
8854
1555
1739
8176
1829
1944
6190
4154
625
1099
359
3675
7115
8878
2165
9669
2106
2305
5384
7061
6944
9858
6681
1017
2612
3476
2225
8894
3250
4223
7709
2230
8846
6620
8204
7113
2528
760
4832
4011
7227
1115
7645
3850
2179
3954
3474
5872
6590
8310
2387
4548
8777
1534
2916
8995
4874
721
5564
8353
9718
7295
904
6402
3390
8128
4828
494
673
5051
7141
1345
7473
1373
9834
5828
2213
2830
8837
8657
1
6353
2303
4940
1835
3160
3453
7312
3703
9208
2239
1806
5196
6478
4292
9931
211
1243
460
4051
9125
2980
5198
1539
1169
1041
7074
7403
1699
7087
6782
2043
1884
6906
8352
3365
4991
5963
4566
229
4674
7516
6791
1464
2812
5335
6149
995
7080
9902
5616
970
2369
4786
9531
7021
1154
764
3771
794
6085
6050
5612
6615
2426
195
9922
8289
8126
927
4940
4248
6677
230
9376
1609
6188
3733
8727
5833
4891
6079
323
1796
1470
5812
9674
7097
7374
1331
2210
4227
2192
3771
4143
8624
1903
175
9038
2616
5413
7860
2868
6152
4962
1368
4293
2138
5409
7922
832
7420
2037
7937
5902
5
5726
3816
5144
6614
521
2824
914
6794
8717
713
2055
2905
6086
752
9706
6013
4695
6110
420
7031
3211
4170
6833
101
1519
7535
1688
9452
499
4789
2189
4255
7869
4138
2897
8087
5030
2423
2095
2589
6945
6073
7435
4249
9313
1387
6051
4657
8216
4818
2725
5926
7517
8871
6794
1555
6982
5042
5095
2986
1136
1462
6295
3927
8523
7799
5036
1948
7854
1618
983
2271
4015
7831
85
7137
6735
2584
788
131
1483
7030
1236
5680
2064
6263
6738
8998
7343
1341
1105
9987
7328
9109
1453
5483
9778
3508
5726
1514
6351
4103
6803
6597
3834
453
1911
9686
8785
9657
4820
4398
4254
4964
1502
4105
225
615
1862
2259
1061
6037
4605
6512
513
996
4943
4906
6377
4602
7359
3227
6857
9273
3779
7380
226
4638
1845
1610
4352
7051
212
7686
6521
6707
5732
2363
7606
7347
5257
9163
1645
3466
452
313
9497
291
6084
2838
5509
7004
3308
4182
2298
1593
7540
4980
1184
4122
3879
5586
8769
251
7907
4009
5824
6919
9990
3806
5263
2579
7299
9030
9344
8196
1582
3390
8821
3465
7882
9935
8554
9007
6101
7347
3743
6030
5388
4927
9166
751
1179
3483
3468
9670
393
1393
5559
6442
4488
2578
300
2277
7574
2930
9705
4277
4837
4101
11
4149
6159
7718
6240
3943
7032
9762
4150
560
266
9794
1530
5062
4639
4512
1400
3815
5562
9674
7802
189
7831
2378
8976
5303
9634
6276
1432
3170
7642
9465
1192
1286
4916
5016
4591
3460
7243
9524
2638
631
7242
4999
6176
4694
1047
5238
7638
3062
1529
5889
8715
5163
6299
9822
6318
3781
8742
936
4309
755
8329
980
2918
800
8602
244
145
9623
9920
7940
6572
6037
7035
7170
2947
2832
6201
4282
4255
4396
8638
8369
1640
1752
750
6028
4987
5094
8698
810
4718
6306
5214
1882
2301
6261
2081
5376
6091
803
5092
8015
3141
3589
9316
2677
8127
9128
6875
3485
7579
4459
6680
9913
2117
9959
9339
1165
49
2573
5257
5051
924
9110
3221
265
823
5153
4868
6685
751
825
8191
3452
9304
623
5228
8050
2435
8072
7900
5858
8219
5212
3230
258
9625
5301
9764
2342
6922
915
5326
3517
5546
40
7090
4031
368
9051
1854
2974
4259
190
2734
6754
6268
3228
609
1494
4731
1288
8729
1976
4673
9398
6831
5712
5879
2963
639
5521
5388
2526
9762
9835
5498
4673
7905
9263
3533
1197
7682
3384
6218
4926
1598
8029
2477
6476
3990
6397
4692
8270
7610
5634
2186
3349
8844
6147
3209
1377
8151
7405
8411
6332
7585
1733
427
2898
1255
1595
5322
1346
7960
3534
3605
5344
5758
9746
7800
8801
3234
9402
8972
4242
829
7117
4915
4127
7649
2149
5828
1758
6053
2155
3045
277
4972
9885
7340
9865
7601
9578
5221
2395
1074
3345
309
4076
2028
6841
7591
9097
8346
4407
8143
8749
8432
4169
5503
467
6817
6299
5249
9106
5766
3564
5292
5805
489
3327
372
5872
2406
7935
1199
3655
4181
6577
3168
7483
6808
839
2099
807
4557
6730
3411
1645
4012
4295
1845
802
4382
6872
3047
1302
4328
6114
6628
7509
8052
4504
3587
8701
6468
1718
6691
411
3208
4487
4567
1854
1001
8019
3659
5978
4200
4442
4548
9035
152
3647
1793
6193
1482
9569
1490
5533
4887
9897
9326
8067
9948
5658
9430
2303
7252
3397
4338
2839
39
2999
8437
9524
9728
9990
9801
6362
3212
7069
7101
9886
1565
7593
7357
4405
2711
7393
7219
6899
227
1158
5524
3310
5160
6500
1906
5343
8588
1356
8726
802
103
1709
8995
7152
5209
2268
6464
1491
9768
5127
2320
7817
2795
9440
6501
2355
8300
5024
9592
9858
6178
7439
2611
8881
7475
5127
4363
3228
8084
4457
7773
1856
8343
6299
9783
9856
8597
204
9196
442
929
5727
7131
5099
8837
7707
514
5720
9999
9551
7042
3563
1763
8868
4623
2664
9097
114
9677
82
7904
3236
3407
5310
7353
463
9473
6496
9656
6644
3757
8096
5828
9150
8928
451
308
7511
43
9768
4612
8643
3228
8532
7415
4210
93
9475
1675
7118
759
8483
527
9114
2538
7692
2319
1820
7746
8374
8233
4017
6063
3354
5793
8946
7735
2613
9939
4172
2355
1585
70
9909
5469
9261
7
4874
7895
3143
369
9998
4821
2538
5885
5274
7569
6714
6612
1236
8131
8487
9765
1669
1534
595
2579
9874
2738
8468
6474
7480
9536
7503
4762
9173
8412
617
3644
3276
7684
7444
3925
4602
8004
8235
9196
3525
7469
519
1377
1021
6000
8702
6040
3868
1820
8401
8374
4874
6681
133
2136
9426
6669
2889
461
7318
7775
6711
6862
6951
3069
3335
3552
686
4562
5163
3665
3299
1398
9053
2404
2219
7091
5453
1479
834
1462
894
7353
11
2243
8770
6594
7550
5308
4499
7932
5115
7773
1878
5750
757
3657
4425
7951
2665
5150
5353
9306
6656
4735
5074
3475
7627
7728
9917
2334
1215
1409
9627
5855
6880
9358
6850
4708
4299
6740
6001
5378
62
7230
8549
5525
9520
3303
1647
8561
2665
7501
8814
5683
6109
1588
697
5275
7168
5294
8967
9822
5391
2164
6717
3705
8146
6022
8869
1399
6806
9717
3652
5924
9148
9975
9243
9425
6186
9548
3954
4324
6081
1355
9668
3713
2594
3943
9745
5292
8661
1575
7540
9004
7773
6179
9987
7898
513
4843
7379
3498
4434
247
1754
2948
3849
2889
6535
6134
2344
1271
9089
7619
1340
4642
3740
4035
2495
3003
1111
4202
6276
3576
2737
5231
2177
4647
8151
2969
9988
1344
8912
1342
2169
456
9889
5833
9600
6720
9864
9705
7408
3611
2947
7390
2486
9920
7664
3130
2438
5951
5402
7510
3732
3176
7221
857
7510
6523
771
9201
4738
3566
6146
1000
2359
7746
5450
883
4752
7907
4434
5775
3138
1405
6794
2665
628
5347
2744
2256
6983
5020
530
4036
5942
1401
7609
8992
3235
9031
8323
3077
5948
663
4966
3842
7465
1947
5030
4739
4470
6781
8377
4531
1517
9626
4371
2327
6382
4555
229
2162
3779
8515
2218
9717
3035
2109
5057
957
137
6457
7647
5720
9583
1357
9827
2475
6439
2952
5199
8681
316
8004
7785
202
6642
5998
2518
6315
7029
5282
2610
8679
8802
6161
9297
7433
8445
5248
806
5355
6890
4073
4602
8013
9133
2656
4947
159
9799
1896
5887
3429
9356
1547
1845
5774
729
2015
3075
7036
9591
8741
3927
4855
3847
8968
6918
3422
2059
2394
4030
1190
2145
9843
1791
6243
3402
9772
1068
3985
1051
2358
6516
5133
9394
9180
9323
7254
4316
3522
6703
6429
2173
3769
5764
8148
146
9746
4165
164
5738
1525
8100
7404
7866
4697
1284
9512
9756
5601
2371
957
946
9089
5985
7232
2225
8793
5460
4667
9645
9663
9106
8536
5691
7601
9016
8375
4079
3642
6097
3655
5607
904
8246
9525
4258
9111
7267
4696
7896
9811
7498
8714
1151
5745
5482
3084
7784
8532
5923
1352
4285
9497
519
6075
2418
9563
1713
264
5681
2908
5432
6114
9504
8715
5350
42
842
6459
2973
3113
1526
764
6771
9833
2165
392
7385
9945
2119
5932
591
5547
7719
4744
9370
6109
384
2171
7107
4695
7398
7002
9015
4987
4378
1383
9209
2435
395
5439
2241
1325
5558
2810
9825
3521
2726
685
3910
2026
2177
1768
8145
9748
2316
9885
8394
4759
9345
9240
9658
8671
9352
8278
5715
4523
1749
1783
5455
781
1182
4950
9549
6679
3690
9266
9988
4909
4918
5848
3383
9698
8260
5080
2517
5629
8857
9266
2670
4492
2989
4449
3089
1154
5780
3570
1972
7280
7094
5302
1772
942
5230
3129
844
7227
2218
1465
6058
3050
9896
3485
9840
3497
5857
9960
410
4271
5760
85
5666
2482
9112
962
7791
6732
1861
8395
899
120
7293
2708
7814
9616
4075
2440
4467
5131
4236
5290
3410
7391
3208
9620
4595
9504
4608
9591
5297
5820
3159
7701
1520
7009
9635
9289
1829
4267
5337
4111
5365
3823
566
5937
5757
7188
5670
224
9421
3416
5492
5279
34
469
6674
8275
9274
9492
6367
8287
2123
2269
3098
5078
6960
9592
1187
805
9980
4786
611
200
9794
125
9925
9587
6824
7270
3862
7406
3833
4384
170
1880
327
7880
7666
1050
334
1360
15
2337
7900
7049
1987
3096
725
5488
8976
6165
6001
4864
243
4635
2805
5291
5484
9909
544
7087
1450
2003
5629
8960
4454
7739
2098
1217
4750
9080
1925
136
471
8619
4770
8274
2300
2744
8138
6828
8861
1336
8293
7697
1405
8968
4141
5535
9074
5036
2395
7756
506
3246
9910
8011
6707
8940
2595
4248
997
9507
737
9896
4239
5864
4393
1623
9864
4531
2991
2740
1771
3715
8225
113
3710
7931
7554
5485
3597
6563
2143
9714
6684
4169
9630
7225
8709
6759
1566
3359
148
3889
5830
9354
599
8397
3458
5541
4575
2517
5670
4543
2044
9655
5985
6790
5020
9796
4301
8775
1386
7110
650
4433
7364
1022
3211
70
6233
7168
2913
3105
2964
9631
2591
7881
7885
8871
9514
5312
4472
2012
910
1080
893
7599
7669
7029
8183
2839
2204
8913
2457
2790
1973
3038
3239
1396
1989
9576
5185
3388
9307
7406
9603
2564
1578
2412
7063
8103
8905
6148
281
8988
4303
9373
6200
9570
3540
9764
3353
6182
1886
3394
4963
4000
648
174
7657
9552
4641
6488
6881
9938
127
1084
2704
3503
1476
8329
6020
5256
9965
79
3934
6056
8631
3469
8487
2600
6838
3669
7856
2225
6223
9002
1502
5913
2443
5603
1916
1404
4755
7510
3461
2416
9266
342
8860
3219
6668
2697
8093
5211
3743
8096
6217
1806
9459
8907
5369
7178
1687
5057
2714
972
8632
4656
3715
1125
9581
6790
1060
5873
6413
4616
501
2454
6617
1517
6789
8288
4608
5268
5931
4141
5575
2645
8481
8126
2785
9696
6454
3535
233
4737
9717
9697
4796
2489
3784
4610
6626
7735
3637
9878
1636
2220
8798
9127
7594
3762
5188
7942
2118
7080
2570
6418
9126
8573
5396
5986
6175
5588
8340
9885
336
7524
5639
1675
4899
804
7658
4128
7732
2179
1661
6873
1630
6053
2504
3354
3847
9353
532
9022
4507
8511
1417
3153
2167
3298
570
6222
7093
7798
8434
1038
9395
3751
9541
4112
6581
7122
4227
6789
6104
1060
209
9939
5418
5696
4787
3073
6069
2041
2139
6821
5056
9317
5377
1825
6107
2485
9507
1601
233
1435
7035
9934
3744
623
7477
7879
6511
8391
6773
6724
5126
3742
2917
3447
8301
1477
7735
6470
8510
7497
153
5051
5659
1612
5982
77
8373
7716
8005
4095
7614
2626
6556
4669
4025
275
6194
4794
8219
6908
6561
7677
5268
5414
1695
1313
6400
1930
3523
4629
4750
3037
3090
2736
1282
1983
4275
2131
4641
7399
9505
8795
386
2677
9110
2500
7186
8248
9422
8025
5283
2940
8251
1602
936
2475
9783
244
9917
4668
3677
6443
4192
3375
9345
4577
9535
3820
3387
2041
6000
4062
152
819
7403
7765
7291
2590
6304
9195
4126
8152
2507
5497
9345
1809
4786
1488
1799
8806
2200
4030
2214
9972
3722
3061
4602
7010
3332
4532
2964
3366
4860
7381
2025
1220
2787
7431
4198
3170
5184
7192
3940
722
542
5524
3935
8695
4030
7535
9791
8047
2020
4580
9840
1970
1848
180
7097
4341
3162
280
9258
1771
6230
759
3291
5126
3471
8125
9021
7354
7289
8629
3622
5007
90
1491
9429
8197
9126
5907
2980
5796
4741
4916
1346
280
7540
55
9371
2607
334
9856
8
4903
7934
2168
4491
9783
2233
8809
5223
5904
8514
2436
757
3391
958
4833
1879
357
750
8899
5215
7255
7300
3461
7030
1314
9413
3011
7586
3416
8754
6414
7020
7432
8620
8718
7072
7921
6999
9646
5964
317
684
7076
7282
2305
4159
7955
9321
2707
8175
9014
1857
1435
4641
2753
7603
4473
5138
3177
370
9222
1222
1806
7150
2099
5416
3324
4770
2239
7760
3957
3357
1103
2935
4898
6570
224
6179
4724
7154
1457
3689
4878
5240
9740
4557
5585
2791
5867
1115
2599
2783
3822
9276
6741
9094
8877
9925
5182
6888
834
3184
7082
4946
4218
5656
753
8499
9742
6182
7378
8293
413
6022
8912
5532
6344
6565
7410
7542
9831
532
8902
1124
5161
1174
9535
1826
6193
5804
7693
298
997
7836
6320
8273
6607
9932
1022
4083
3803
7085
3048
9685
3736
4305
2370
7799
364
1208
2750
2311
2515
7639
7057
301
4282
5957
9785
3044
6120
8926
2306
3938
8488
7080
7296
2577
9702
639
8925
6411
5543
3326
3739
2745
7484
9216
7387
855
8803
1736
1462
4984
3054
5382
7782
3358
778
6018
3990
649
147
7978
7962
4877
4778
9110
1197
6655
7009
9792
8096
9725
2283
6338
6768
9189
3900
4311
2817
5065
8570
8929
4240
4384
7464
7321
884
3106
9297
3937
1798
3684
6648
8276
6264
7564
5363
8861
7966
8373
8019
731
3845
9011
3640
1737
2701
6715
8614
8593
9457
6466
3200
8925
2078
1217
3738
3578
7413
7457
8226
8091
7358
3071
7993
4412
3076
4006
73
9203
3825
5038
6344
4444
7045
7838
5083
5229
744
5726
4620
4168
4491
704
4479
5332
483
7722
6197
5046
3826
1785
1448
509
147
9928
3373
774
1017
9227
8660
8694
6641
9411
4768
4419
121
8756
1880
4240
6134
8509
2833
1686
2836
4058
3599
6653
8591
2661
3928
5354
7809
5027
5376
2039
3589
5835
4296
7116
4465
4309
4211
1516
7066
5925
7526
5080
5936
60
5210
1726
5842
1957
8912
5317
8951
9762
7672
6089
6329
6719
2182
8355
5298
3306
884
1614
4034
2728
829
4286
4460
4763
9775
1824
4297
1317
4620
6910
6531
8518
717
8531
7450
2202
9512
5852
6114
59
3088
3827
8162
8207
787
7745
2127
5855
6217
3760
5040
5911
1046
3207
9230
924
7266
1078
2181
7088
1020
7634
5141
762
9557
7810
6002
3650
905
3096
3793
5032
5500
3975
9640
7002
6124
6252
3975
2029
9697
8441
5099
860
1870
620
7472
7510
9301
6526
4935
8433
3670
9026
9039
5453
8685
7400
8650
2977
1742
8476
4950
3120
9966
8
411
7071
3566
2228
4799
1014
7102
152
7390
2578
2534
4281
8891
8937
337
8492
4349
4378
8160
5359
1361
6474
4936
4186
8316
8724
7602
998
286
1220
3490
1979
893
1861
208
401
3943
7072
1726
3921
1331
3518
1635
6460
2919
4403
8508
9713
2639
3250
4127
571
4960
4606
8646
3937
2135
9380
3911
6075
3412
6104
9865
6169
9087
555
3387
7030
8728
9936
4548
7276
2652
4238
4028
7843
4838
8475
1267
3913
216
7889
8358
7035
7093
2919
7018
6287
3215
6271
8266
4563
3161
5650
509
5226
3653
5466
7372
2364
1015
1477
984
2703
8702
6850
7919
721
577
802
9099
3659
8112
9997
5859
5523
7746
2829
9075
6168
3536
7100
3815
2456
1670
9985
4115
7001
3729
8802
4190
9372
1103
8902
2897
8738
6904
5654
8333
243
4999
6297
5709
2412
7172
4607
6450
3163
9791
4986
7479
823
6390
1203
8828
3915
7662
8527
1033
8717
2735
918
6992
1775
6612
9727
2555
9210
7100
7121
8618
2091
4495
8832
1169
7238
1390
1403
5284
7063
3534
951
7209
8742
1322
3366
2981
9900
74
8982
1075
8376
4621
9616
7507
4081
9305
3934
5799
7445
2051
7240
6063
2670
6367
5387
6328
7557
34
1589
2524
6258
3243
3970
5182
1784
3708
8249
452
3245
6745
2655
9136
8118
6045
241
7470
4879
1324
7087
7933
7456
5603
7838
5011
6294
4888
4539
2374
5934
7038
5424
9865
8484
6458
4817
5133
650
4434
5723
372
1055
3481
2553
700
9395
8104
7945
6624
6126
7917
1448
6232
2946
3656
5067
655
5404
8958
8887
6895
9168
5874
4518
6207
1321
2789
651
1659
1228
5108
6820
445
5601
6715
6877
3975
3049
7138
5615
8190
6942
7914
6248
8017
5589
9191
6919
4828
1390
4161
9728
1692
5546
8827
1204
5180
8962
6346
9379
6605
7452
6285
5396
1017
1097
1003
631
6231
6778
1091
7605
8266
3342
697
9953
1253
9626
6501
617
2129
5870
5822
269
7066
5380
5127
4898
6773
5510
1696
5012
6703
7758
9009
737
657
2518
5231
6920
4585
8559
687
8050
298
6556
1461
8349
4848
8874
9950
5554
2461
5729
7249
735
1630
6016
8329
5637
5969
6105
3858
720
5081
6078
902
507
4332
9959
9295
8735
4395
9581
6031
3570
5182
7771
9970
510
3918
6778
49
7898
5560
6142
2551
973
509
8274
9107
4641
4188
9593
951
8480
4700
9967
2969
4219
5653
953
4016
4889
9579
1214
1158
2880
9697
3679
5553
3858
6045
7819
1718
9190
6055
5960
5159
8938
3527
9928
9998
6058
852
4654
4547
4801
8630
7551
8869
5214
4802
5750
4856
2965
2761
5160
8318
4345
4983
9671
1276
6830
2721
5248
8595
6368
7875
1760
2425
8740
4807
4030
692
5724
955
7958
4037
4925
6667
6357
4250
2146
4809
338
9056
295
2962
8752
6428
894
7641
813
3954
3856
8652
3167
3337
5603
6058
8178
6925
6869
5125
128
407
772
5058
9132
2009
4803
1123
3393
7678
8626
5421
9130
2020
2383
6192
8300
3406
9122
5331
1531
1099
3994
75
6836
7072
7787
4621
8433
8866
8489
9431
7380
7020
4681
9931
8284
5237
3830
6743
1625
9771
4248
3135
5327
8434
9522
1147
954
9410
7758
4771
7802
1537
3594
9029
6413
696
8221
2059
4222
182
2689
4526
9189
9195
8040
2109
7339
2451
7908
3062
9575
2379
3706
1759
6850
858
4747
8401
7550
6640
3667
9023
1108
3717
1628
5842
3426
5651
3517
7587
7015
1770
2520
1442
7082
9721
3946
6132
394
7412
3807
8502
1502
4695
5196
5423
7831
1834
2178
5554
5948
9820
4509
7581
6515
3666
3417
5471
7566
2197
8683
1688
8934
320
6047
7805
9858
2264
4677
7129
6912
8615
8006
137
2832
5164
7521
6413
8521
6205
8011
1591
3472
7963
1639
7195
7261
4939
4927
3416
6303
8474
8565
8196
8729
2119
9568
1181
8648
7390
5564
5566
7157
5049
8642
7332
1813
4371
4748
1350
6144
7004
6950
1361
4186
7091
8215
970
8681
8851
543
4919
7337
1261
825
8437
49
9810
1408
713
5596
6339
7764
1130
641
2444
4434
8422
9321
4306
5382
2890
190
3576
7271
9299
1524
7204
4010
1638
3903
8597
2499
9796
6847
644
8229
5895
4224
204
7283
2003
2963
4035
5753
9804
9239
5819
720
1741
2657
9793
1649
4374
3469
7653
4729
3760
3990
1525
6912
2844
5799
9769
6809
6999
3840
7968
4282
9996
4214
8538
4197
9116
7023
3378
9927
6155
7822
7466
59
5705
6484
2269
8980
4110
6948
8125
6326
9194
5915
4469
1905
2699
3292
4438
6203
3193
7225
8754
5964
1271
1536
723
7526
4118
5595
2532
7351
90
7725
8573
5937
6524
1465
1207
6360
3530
789
2699
50
5714
1641
5088
4080
9745
6632
1498
5824
2584
7175
6733
8930
9068
1501
8788
4168
5760
4743
4861
8514
4415
774
6236
1468
7341
8531
5381
1233
2084
8078
2673
2404
4525
8703
250
9630
6448
6642
7780
7486
4096
6708
4766
2915
992
9643
6868
5023
2677
7039
599
8786
5927
4184
5635
4940
5405
3619
6739
1213
1251
265
3739
4506
4502
4329
4404
365
1250
9158
7720
9118
6962
7375
4418
7707
6007
3321
476
7698
1663
357
8555
5045
7478
3886
6477
340
3068
5309
4225
2828
9903
6567
6234
3830
2968
260
8413
6662
5239
6503
3772
3519
9319
1481
1824
8551
9766
7928
8933
2083
3143
9040
9550
893
1710
8694
7028
615
7852
4063
7297
5940
4933
4891
9214
395
1141
587
4738
5747
4907
3814
2458
5159
6585
5036
5726
5996
2062
7925
573
5139
6376
2141
9685
862
7016
5340
2120
4274
3231
7797
8809
1175
9206
7831
8586
4427
2267
1428
7409
9179
3189
3186
7175
9328
6581
4390
4308
6673
2968
1032
8553
9926
3490
2157
9564
2792
5205
8351
3378
5800
8466
464
2515
7110
5004
1283
5953
8754
6450
1298
3728
633
516
1394
1950
3190
4965
356
4280
2625
1032
5446
1306
2199
9244
8882
7685
7048
8267
5793
9221
3916
8049
1609
713
2725
670
65
4323
5298
8437
5554
223
1669
7303
7919
9410
2096
207
6373
7827
4849
4070
753
4767
3019
9157
315
7865
6122
3598
8904
486
656
2076
9812
2583
8906
680
9224
2520
4899
6032
8982
4188
5478
5223
9636
4896
1324
9472
5589
6841
1893
7966
4372
9845
7296
6841
7693
3567
354
2199
8201
1699
9533
5067
9567
9592
7490
5336
503
1415
982
3853
2927
8816
5087
6565
9289
7796
9520
5419
6541
6649
8009
2062
8592
2689
7704
9967
5287
2065
2987
5657
2165
2699
7830
7282
4655
411
5655
44
7405
5988
8968
4174
5859
8040
5039
5556
4757
731
7551
9897
4046
4935
5658
1551
3690
7470
6474
6878
1888
7523
49
8438
8427
5325
1688
227
985
7805
1909
8878
2140
9476
8014
553
7681
3835
6202
552
7650
2148
5209
4555
4513
3089
1610
7229
7041
6278
3592
7184
3936
8777
8156
9881
5939
529
5746
534
6352
4811
4570
6952
8821
8673
7757
4570
6921
5105
3870
9855
1267
5922
9227
9739
2314
5493
3924
5338
3715
4458
3186
4706
4212
4725
4941
3362
1319
8132
4614
7151
8089
5668
4200
2838
7577
8256
5734
5839
5332
7039
308
1936
2408
3737
5917
8014
9549
8416
7567
445
6605
407
6819
1893
1624
9863
2739
4096
3732
4394
3250
8788
491
6718
1765
5598
1722
6389
2161
4057
9759
8084
5
6675
4149
1250
2298
475
8808
6927
3813
2902
565
4168
546
7681
8849
2306
1214
7714
5517
1637
2107
938
3789
1520
1445
5690
1971
318
6291
3160
6255
3509
685
8520
402
144
7744
374
7565
2263
5287
6804
581
347
8222
6322
