4205
5167
2111
8919
1438
9619
3471
340
102
7356
2022
208
3771
1082
3206
932
5023
7054
2015
3934
6479
2953
8611
4314
6990
8210
40
1731
9678
1058
4945
1112
2989
4113
4815
3653
2790
8110
1020
7706
4280
5966
2885
9416
1774
9956
7182
354
6688
3815
8344
3938
5442
1577
1036
1252
6556
7797
1929
3228
9578
1740
661
9044
2411
909
7218
9658
6266
9553
8141
6912
6034
4309
9653
513
67
9195
2539
7033
1027
9686
5042
5863
2713
1006
5670
1412
3076
3563
7096
4992
6181
7792
8127
2540
5304
3841
7004
865
2737
7524
4088
7134
5673
1432
7904
1133
1923
523
1184
7361
5258
4895
2200
9892
6697
4797
6330
1404
5238
5806
6581
2702
2457
3148
731
8241
6181
7113
5208
6225
2190
1674
4295
3502
5598
7907
190
1281
3102
4537
9489
2553
2378
9735
9734
1286
5591
8235
5843
507
7511
5600
5626
6931
943
1385
4677
2524
701
9662
4951
4810
5314
4959
5171
3584
599
8697
4293
8790
4607
5048
8302
701
6317
4028
324
2721
3414
9445
2649
7945
1270
4701
8714
6589
6047
7364
2559
4212
3229
7665
580
3439
9585
4678
7238
7419
4564
6150
686
6894
3941
7052
5899
2463
7298
4925
613
6914
1061
1956
9110
1256
7013
7006
3540
612
6244
8581
7536
3235
6137
80
5560
6941
4467
4862
1115
1638
6789
2904
8157
7264
8758
5755
4003
4217
8801
6251
9291
1121
6750
5645
3151
1273
8555
9324
6426
2579
1138
6625
1174
5983
8613
7451
756
3860
1492
8957
7995
2435
3809
8975
124
8156
3799
1845
2497
1258
3002
9323
1810
9993
9289
6415
6484
492
6928
4287
8386
5143
8436
8536
499
164
1730
2174
8650
1307
4998
142
2725
9844
8256
6856
7311
7774
5520
4995
7473
6709
6826
5168
9576
1815
4814
1181
6693
2198
966
264
6931
7204
571
2851
3999
5273
8475
9960
6426
1625
3195
1190
6259
2859
6597
1966
1737
2433
9103
8709
4972
1933
6814
1676
8316
3267
8960
8684
5349
548
5480
6452
340
4734
3211
5520
9272
5404
2856
2038
9299
5559
8569
5848
3514
5636
8908
6716
5217
2847
9444
4260
3095
2256
5292
4998
390
8894
4534
731
6312
9791
4611
5877
6144
6742
849
1525
9648
1076
2694
6332
9576
7064
9410
9412
3363
965
8162
2679
4358
2243
3466
2501
1104
1219
3357
8083
9441
8212
5130
378
869
2125
5725
9507
947
2692
9703
6771
4787
7383
7068
4140
153
3111
4684
6030
2846
5879
1634
9424
732
1855
6372
4069
6325
2110
4772
4924
3385
2765
2083
1436
5946
2315
5462
7451
1338
9902
8464
671
1262
1390
7892
6975
5175
9325
2347
7992
6535
7327
5237
3562
6577
5706
9645
9014
5752
1656
3182
8837
7919
4778
3386
2021
5299
5632
8194
7837
7649
7233
4691
2943
7414
963
8162
9341
3962
9396
8894
7000
9762
6779
8388
6058
7528
8521
4858
239
2670
6448
1698
9682
6720
9627
2751
6483
8004
5870
1676
9543
1130
4509
343
9302
2635
2293
6147
5613
7543
303
5051
6355
2762
6182
9074
1139
6389
7327
4493
6777
773
7954
5167
1201
5534
5008
6223
7787
8211
1679
1337
8092
7720
9350
5869
5253
6436
9086
3422
5234
2373
9244
2696
2366
1396
5342
6920
538
552
1612
93
676
1377
4898
8769
3175
9341
9142
3768
7626
6070
8360
7402
5864
8965
6959
8635
3411
312
3821
4703
7303
3905
9259
4404
1528
5258
2800
9804
192
8087
5685
7234
6599
1585
661
6714
2822
580
2693
5911
7293
5317
5795
9163
4013
1842
6831
3401
4436
6707
3509
225
6731
6909
2789
6771
2117
494
7241
7917
6541
9337
3576
9538
385
1126
803
4279
8304
244
5813
2830
7619
7909
7409
1985
8109
95
391
9686
8427
9399
5368
3484
4578
5459
502
9690
8795
3890
4596
2327
3339
4776
9370
7956
1741
6256
8778
2886
1038
2552
5096
4191
894
679
2605
8822
9499
803
8661
2022
103
7555
9489
7141
3969
91
4960
4925
623
1113
5483
4413
5648
3485
9490
2843
8539
9452
244
1852
1317
7504
8647
5875
4302
1176
2590
3899
2853
1680
190
7991
5228
2574
2224
5784
5286
2228
3987
1650
1296
3852
2263
9925
7068
682
8543
7408
1188
9762
283
46
559
6808
705
2599
8907
3614
2839
2792
7500
1060
2071
8943
922
7491
9185
3073
1260
3706
7557
6310
5465
8593
556
7464
5241
8721
8806
3619
2633
5181
2711
3091
1396
143
7432
8419
1869
9625
6876
1671
9389
1194
4150
235
1780
3319
9002
9576
1497
5469
6148
7481
2205
3972
4581
1966
6252
3240
7357
186
4807
9219
159
2318
8349
8980
7546
779
59
765
1204
1634
6829
5885
6921
4270
4443
321
5684
1921
9718
9230
2121
7163
9033
5229
886
7424
5561
5466
2167
8629
2267
6690
6863
169
1035
1831
1885
2800
5772
8223
9516
732
4265
4513
651
6319
7051
310
7522
5931
7555
5436
467
5577
7097
2996
3285
3120
8094
122
5217
4593
8598
2575
9366
139
9022
6751
3235
2612
8435
2884
6149
1495
9713
1389
2897
4519
4577
4566
372
5250
7943
6235
1073
6831
6223
1286
3072
8039
8546
8765
4705
5649
3005
4922
2134
1690
5147
512
7297
299
7075
4910
7496
4671
9286
8971
5863
5708
98
8766
8542
3527
9750
9966
6650
2362
1501
2535
3916
7735
3679
5195
4065
9670
8178
499
8490
4791
9255
1207
9372
4065
7269
73
8175
3033
8739
6402
7544
7251
5423
7364
7940
9779
222
1177
5899
3038
8272
9771
188
2611
6596
9561
6620
1879
844
7825
6493
8786
480
1071
6452
8891
9394
4477
6258
9676
1791
3617
3622
5099
4990
6664
2312
6315
7255
4286
9447
7000
4600
5451
6519
9483
1018
6760
7469
7707
3453
6295
2188
913
9908
8757
6770
4351
911
9049
385
5744
4918
6222
1246
4654
6149
5089
7621
9931
7248
304
4624
6558
8378
9492
4186
5029
4552
6969
7872
2633
7008
8551
6223
5496
1428
2708
5190
6232
9894
7961
5404
8206
3900
3702
2081
8377
4205
1864
3334
5929
9139
7537
458
3148
1670
5630
2535
416
4571
1741
9798
3941
1176
7751
8736
6367
9998
5750
3226
3440
9898
1388
37
9287
4900
6418
2658
4675
7410
5808
823
2688
3635
1942
3494
9470
8092
3075
3825
5798
173
4774
1661
8152
8163
1462
7029
6148
4966
5714
8379
8454
8637
9893
6030
7751
7500
1171
8247
5252
2972
7860
3005
8762
917
7110
306
9233
4257
9265
8274
6923
1924
7428
3267
5124
9726
1884
1124
3438
9389
6509
9708
1696
7429
2368
4050
3741
5912
5743
1970
6921
4827
8573
2825
2312
1768
2899
7234
1053
1155
7795
1890
5701
7439
1456
6530
1209
6626
906
8025
5616
47
4809
5863
6462
8152
1308
1333
8548
3059
6564
3321
8514
7295
1353
2095
3350
4602
954
3356
6827
4649
71
2282
1593
4619
4006
4257
5973
5838
2841
7114
5005
7717
6354
6874
18
2710
6363
4160
459
1566
8685
7993
4591
4473
3376
8406
6086
9360
3180
6606
5671
7550
1198
966
9976
2527
4269
1843
4145
7051
5359
2710
218
9449
8316
796
941
4478
2076
639
8238
6794
2896
5260
5964
2077
7691
7120
1242
5600
8170
6612
2657
6234
1443
7455
6519
5387
6898
7491
8441
4520
14
3407
6206
5974
7775
5141
6157
2579
7464
1607
7284
2540
8368
8877
4653
5937
5001
7898
4835
7149
600
8544
8880
8747
53
3983
8006
860
4276
5553
7580
4585
2198
3718
6779
9488
9054
9989
4301
2550
962
8663
8136
6563
9328
117
7866
2565
2802
582
386
8999
2655
1292
3920
1470
4527
7459
5921
3791
7134
5297
8302
1911
4026
2699
342
4649
2097
5164
6882
5012
3596
2285
6186
1937
408
2317
9419
9935
6117
5440
8058
3693
5167
8581
1929
905
9798
5309
4961
1595
4067
510
5415
5665
360
6224
2536
6628
9774
3216
468
7637
3700
5373
5402
370
5105
1983
1062
2209
8039
5985
7674
1693
7238
4609
6744
5445
769
9436
4851
6787
203
5287
945
3086
6869
521
1576
4183
9780
2790
161
2900
4972
421
9993
9793
3178
1559
5800
7815
4247
2751
3555
8081
2835
3722
8426
5751
9480
7091
5858
338
8365
3681
7433
8413
4428
2315
3500
4584
406
6878
2429
5249
5824
4774
6721
6817
4615
6950
2266
9210
3636
7035
2540
7452
1731
2863
251
3147
2094
5825
4702
2689
6931
9822
4534
1291
2988
1580
5365
863
8059
1215
7408
7368
322
8305
2256
8060
7000
1609
1135
2529
4825
6648
6701
1329
1140
9981
6681
1565
2064
352
2490
4580
2175
9739
8318
6001
239
5430
3829
3035
1585
1403
1151
2420
9627
5171
7130
3425
606
2190
6147
484
4690
2173
7864
283
3121
3205
150
3007
4899
3799
8798
7706
8724
2828
5192
582
9987
6254
7820
1570
7780
8100
944
3422
5496
4280
1702
5969
2850
3255
958
9873
4205
2006
9890
2
1875
8034
2880
7034
5279
821
8136
7785
2604
3444
3696
6798
9979
6548
3437
4351
4369
4576
2703
6590
1229
4442
4786
8840
1502
4181
156
1643
2841
8925
3501
6718
2937
5189
8706
1953
3374
786
6290
6958
9963
3158
817
2051
584
4903
5989
6302
9817
6606
5503
9628
9302
3300
8773
7433
3247
4040
5532
1098
665
6492
4944
3678
9943
6977
3861
4789
7841
1484
977
3583
8285
5745
6626
8070
3624
2734
8255
6599
8191
3853
1826
6234
3421
3872
7416
9637
6416
1272
8705
9333
5254
5191
6293
3471
8214
7138
2108
3607
1042
1200
8460
8332
5629
1919
1342
3557
6674
702
3809
512
5784
8933
2907
6811
4666
8709
257
6070
9560
4224
8372
6569
2779
1643
8329
3094
9452
3154
9856
6485
625
4647
5556
6990
5393
3493
605
1502
2530
3859
2962
5713
7463
8192
3548
6321
2284
9481
8804
9504
6881
6038
4047
6818
2828
1891
5553
3985
3590
8248
4105
3519
845
7323
9887
1137
3376
5916
1418
1173
8104
8754
3539
5701
1261
2658
9105
4586
8094
2008
809
9970
4350
352
9603
4587
600
8738
4162
3501
7939
6619
7912
4281
9753
9443
4867
140
8305
2411
2944
6367
8062
7631
1399
8126
2498
8345
5556
169
2785
966
5891
1581
7439
4134
9168
493
7719
5299
536
4637
1754
7916
3233
1485
842
9258
5947
1817
7790
8965
6281
5682
9063
4442
1908
6719
8952
1476
2088
2255
3181
3992
715
6973
727
6330
6842
5619
274
4374
2420
3005
1875
8307
4612
145
4397
9914
7284
3240
2398
3738
2378
3820
4685
208
2517
2997
2226
2449
1540
6242
3211
8281
1455
7761
7200
6260
757
4511
2416
327
1543
3416
6545
3275
3807
756
9829
1762
2322
9038
4192
8847
9856
9443
1614
6895
2287
519
3812
3845
3393
7825
2833
6178
9793
3593
6851
6850
2944
8136
9157
2772
824
2070
2195
8962
7274
1409
6400
1761
3167
463
127
2502
2049
4364
8424
2012
6147
305
3973
238
699
8570
6934
3718
582
367
3482
214
3905
2978
8818
4185
9880
1419
8023
7786
7247
2651
9621
878
4118
2051
677
2929
7697
331
4128
5429
5168
4838
703
2639
4163
8918
2073
2253
5135
8477
8380
6907
7927
6186
7856
189
1645
5941
2621
630
6340
638
4765
3495
683
3094
6119
8648
7893
4004
6020
251
6239
8052
5045
9066
2275
6178
22
962
9346
5770
2650
8770
4271
2713
2951
7932
4194
487
1284
1755
7709
3497
9089
4530
73
7207
1955
1068
2799
3425
4359
1131
2456
8128
668
9874
1141
8789
7914
5466
5919
1659
1283
570
7987
5995
9224
7970
143
8187
4453
7405
2719
4265
2541
2741
8963
514
8993
5067
4222
8953
8162
5921
1410
1519
6313
6142
2045
3076
6791
5405
2573
5818
5835
6049
2214
8519
6543
4077
7982
3985
925
4611
8972
6954
8411
8191
5587
7927
911
626
9795
2846
1243
6966
3496
5362
9159
6467
9681
3081
5925
7066
1396
9047
4831
6901
8429
6492
526
444
3970
4916
7085
237
8027
3551
6948
4456
3108
8121
555
4117
2165
6164
5609
9727
4574
8869
2552
6851
9359
76
4395
4901
8060
3859
3215
9924
2122
1509
9762
9095
7400
467
6655
4879
5761
1006
8938
9945
8413
4703
3358
1560
2526
1807
4900
5231
3437
5104
2327
9560
3939
3675
1084
3894
520
2183
2177
4168
336
7024
2334
1599
8359
1460
6717
1698
9508
730
3965
3568
9930
2607
8438
4656
6717
2835
2375
6253
8958
7983
6486
7017
9181
202
5155
3725
9382
2761
4359
3577
8829
4770
9608
1389
2368
1758
3200
1065
5089
3202
5723
2707
1138
8759
9630
1331
5237
6427
7176
7684
9808
5923
5210
2353
537
5316
2417
8157
6304
2992
2315
6747
6370
388
4738
5159
2998
7048
2287
4959
9634
1309
1163
5756
2259
3779
5878
422
571
3824
8488
2954
5584
6674
3769
2905
9560
7255
852
7052
9340
5043
4761
2096
886
8975
6337
750
4020
4470
8332
8188
4139
2217
8049
8498
4760
9453
93
6757
9438
1995
7585
2479
4504
9360
1162
9695
6618
1833
5599
5743
6195
5235
5618
4591
6548
9066
4870
3284
7442
5127
6401
6101
5491
299
8815
3367
8624
5270
8145
106
7162
4094
7613
7345
7457
2281
7592
1525
7812
6641
4132
2187
8870
2589
1993
8904
6598
3458
1950
5693
4583
6808
9315
4310
5594
1483
6988
4205
545
7795
1071
1348
3688
5493
8580
2100
7621
8273
7133
4266
1474
3344
5471
800
995
4214
7230
2901
8306
9910
6768
5166
3320
2451
5522
353
4779
3302
1751
5974
5292
3386
979
17
5570
2783
8498
3377
4009
9892
1282
8325
6324
7683
4218
1239
1336
8514
3315
1379
4252
4086
5898
635
1026
5904
8028
1236
9970
8227
7321
4319
6522
1159
8974
8087
2365
5454
5230
8211
5715
3853
8892
8414
8628
8442
8841
5636
8232
4283
9016
6264
9987
371
1721
1206
7487
344
8990
9665
4755
7262
3406
5781
2570
6963
1803
5165
8709
6131
8873
5882
3284
5103
5664
399
5194
7484
2006
2584
7063
2391
3003
5687
9210
1056
4331
6150
9438
7767
599
2021
6464
5565
3456
8452
446
3110
5843
1665
6638
3675
6927
2101
5409
3134
2980
4884
4707
1321
6011
2
8338
6406
2601
2364
4258
7719
6571
1513
2631
5653
5727
941
5531
6852
9417
7719
1647
7211
9952
2083
1641
340
5945
3387
5464
901
277
6076
8076
9446
1443
8116
1755
596
3683
58
2963
1091
4194
2727
6539
4329
9033
985
7948
5985
6570
8557
3716
5260
3237
7495
1369
3928
8361
7997
460
9214
6900
3356
7441
494
3436
3184
4210
7610
9185
4934
3169
9359
4756
555
3017
7225
5543
7312
1307
4959
5439
9478
4331
1720
2359
2816
6209
3947
6747
7827
2235
5685
9597
3749
4191
837
5285
6044
892
5848
6775
338
6800
1635
5387
4357
504
2681
4478
4144
8385
1048
6690
5501
3774
7422
9025
5721
8135
620
6975
262
863
1358
2699
7483
9761
1006
6364
2180
1939
9498
6420
5458
8184
5100
2677
2696
6332
8001
2311
3528
9468
2602
9442
1186
8995
4096
9974
6769
1812
9564
7909
271
8873
6512
9474
5442
8935
7903
4595
9497
6317
2298
2205
8886
4628
1231
7317
8674
4744
6328
9388
133
8309
3446
793
8260
1915
1512
8488
5665
1032
9594
368
2375
1589
6148
6584
1671
5626
7235
3761
8428
3406
2813
7210
7170
397
556
6557
7764
6779
1300
2024
5483
175
7775
1961
5426
5719
1213
3526
7422
9415
8930
8465
6722
1930
9829
7296
8480
4646
5646
3047
7509
2566
959
6727
5496
6235
3623
7863
1359
4955
724
8885
9732
7570
4884
2199
3814
4186
1157
5951
4412
3708
6338
9013
4475
4348
488
5240
567
3259
8077
3117
1133
8252
4514
2917
9215
1048
6465
9191
2095
3350
2166
2467
8691
44
8732
9152
7045
7630
3482
4293
3489
9694
8635
3800
6227
1946
2251
1148
5747
8383
7295
8100
6877
7606
7752
1480
3055
1967
2983
2766
7721
1966
3856
1062
1542
3871
321
4431
5615
1336
8194
2937
9777
3784
9628
1439
9617
714
6689
7269
8796
5317
3443
3712
6054
4066
5590
1084
2291
7252
6096
5078
4646
716
6571
1522
5837
7572
2258
2356
1624
7820
5532
4411
188
4358
8322
3092
7978
6313
1862
2341
5277
5714
3970
2404
8522
143
5007
7475
8281
9236
2139
8362
5239
3115
8290
9061
7212
8105
5601
2044
8455
4332
5644
975
9784
9032
3523
1696
5743
2497
3106
5978
5389
3755
9801
8932
6746
4167
2999
5693
2565
4782
4075
2388
5681
7169
9172
7073
6067
9261
5879
9873
711
9818
3885
945
70
2994
2619
9490
6620
3311
1732
5783
6130
6160
2973
1483
3314
9358
2314
3045
5106
9907
9479
3672
257
3256
5293
2615
9859
6450
5628
6481
6617
3233
5266
5571
9870
8855
8861
3751
1548
3508
9073
9254
3050
8291
6257
9520
4196
7688
3758
6709
6947
2834
4766
803
338
212
687
6814
7701
4
9630
170
7682
5251
9166
2897
894
7401
1613
4458
496
8563
1497
1597
834
225
622
1966
6998
5772
8418
2171
2691
8919
9534
3783
8466
4462
5232
9657
8168
2047
6049
1543
3877
8902
1571
7799
9125
3360
8626
6794
6075
9300
6212
8383
1337
3169
9969
113
9589
8721
9815
1928
1585
7459
7478
8762
5716
5383
4431
6431
2168
1955
6290
8448
2513
9953
7719
1931
8653
2823
2840
3638
7145
1623
6095
3391
2707
1150
2445
5296
4493
5119
67
9446
2232
4120
9958
6418
1423
2809
2082
3741
8928
2195
4625
4120
3009
7763
5869
1384
5450
8037
1460
6766
5880
6177
4783
9962
1364
4087
6054
4565
2937
9134
1937
7049
1887
6844
6216
8392
9994
1301
507
5843
740
9099
4709
4950
6997
1974
381
4943
5281
1061
9846
6456
3658
3301
3565
6054
9337
9996
5053
7336
6754
7516
804
9793
257
7576
2232
6165
1547
7476
1389
4148
7529
5616
6025
6781
1467
9833
2964
9389
3706
1111
9284
1876
9288
5481
3390
8585
3278
161
9055
9998
6247
3171
9088
3224
8294
4915
4692
9421
9742
4216
3396
7804
9671
5697
8926
8042
7276
6783
4586
9504
7031
5664
3630
5643
8232
8928
505
4776
4185
3647
2886
1385
8421
1390
7901
4357
6527
2801
8487
6552
5140
3542
9647
9489
7714
1480
2204
3591
6554
5348
1309
6495
5575
9550
2966
583
9541
3445
4992
9366
4410
9916
5236
6095
1330
2011
9382
8281
7796
4568
1514
4475
8296
8034
4363
3489
6016
4140
7928
6752
6723
6914
8221
8836
2337
6391
5810
8871
8423
7318
4816
3082
7809
9120
2141
5224
8306
3552
8159
5703
2097
3923
5794
1985
3834
6834
8198
7540
5186
9477
4566
5401
5516
8240
2642
7496
1694
6399
3757
4939
6201
511
9857
477
9752
8431
6665
9176
5892
9139
5182
2464
5980
2225
4654
2800
1119
6235
5002
5502
8192
8269
3684
8946
2752
9415
7566
9568
6477
4645
3529
1907
9794
3220
9502
1586
4066
5317
2233
5403
168
9022
1648
6047
4295
2101
9420
3290
3585
9842
6377
5459
1397
8255
6746
7932
6826
910
7725
337
865
7097
2698
1247
5609
3275
2670
2760
2723
3068
8733
5802
4002
9599
5333
9170
6621
7637
4650
650
9994
4275
5983
6635
8268
8070
510
1539
6473
1570
4759
3155
7591
1895
4538
3071
6323
400
437
1020
9431
6659
567
517
1108
575
1456
1797
2921
7575
1310
9189
6260
7075
342
6589
1113
6063
2979
7538
2764
1130
6286
1152
8308
5578
8210
2107
5061
2262
2847
6220
7199
3630
1219
3335
3707
5465
5526
7693
6614
8712
8618
8898
259
5569
6895
516
1552
7948
1957
260
7421
2898
8255
8301
372
9414
2208
5530
2364
9349
6736
658
4728
5090
1989
2629
5856
7007
2881
5647
536
5286
924
4052
2511
7388
893
2738
8683
7694
554
7112
304
2586
8799
4301
5375
2918
2962
4292
3256
9996
5328
7264
1975
7959
4169
5168
3580
4266
4660
4545
5066
6309
9723
2135
1973
4203
5789
2984
8521
9470
6847
4670
8794
9624
354
2141
6291
7688
7253
2938
4044
8588
2390
540
9957
3659
2076
4552
3218
5724
9158
4416
3033
6009
2045
3994
2863
6663
2327
1172
7128
9978
5771
3786
3149
658
8469
2351
7605
2028
8877
5891
7012
1722
500
6478
3918
9182
2178
8314
2126
1236
9765
2797
311
2430
1636
2785
7578
6359
9278
9627
5361
6081
5809
4066
2817
8604
7391
9298
5189
9725
6946
1190
6846
3267
7404
1311
5508
5567
75
3680
4485
4013
9045
5892
212
2974
3475
718
9022
5684
4772
1245
2749
9250
529
930
5913
6433
3660
5314
1791
2879
3124
2401
4289
8575
5950
7043
5025
324
7276
2011
6284
5597
5141
1348
7036
9916
3853
9843
5128
6672
276
9505
4953
5701
8440
7596
2738
6474
5398
9075
1907
4760
1889
1606
888
6644
1602
1637
7023
6431
5693
8697
8407
2760
4960
7152
4108
9180
3894
5996
2579
3816
186
5118
2603
3618
7448
8588
134
8353
4305
8551
4926
8201
104
1523
3708
3535
460
391
8314
2216
2820
8696
979
1578
1098
2192
740
1288
3488
3557
2579
9402
6495
8090
4574
6770
9002
7270
9196
3013
1503
8669
2126
7141
3771
205
2656
3436
3443
572
8720
3502
7681
363
996
1490
4139
1024
2520
5256
7847
8846
4865
748
5971
5524
1705
2013
6949
6938
4532
3189
1195
5301
713
4150
6570
3837
7806
892
9535
7303
7844
2915
4836
9076
1720
6132
7094
3083
2630
7977
4750
3940
5165
2656
3803
1377
1169
8247
8499
643
6486
6505
6040
5530
2307
2380
9649
6846
4919
302
3218
1627
5720
544
1002
1950
5911
6895
3803
5573
4919
3865
4308
6554
8439
7254
135
8056
346
5192
2667
9559
2392
8892
816
1338
6875
9305
6768
9339
6482
248
8164
2327
4759
3122
8219
4621
1654
1853
5466
4274
4443
2926
5723
2620
2197
9485
7091
5052
2245
1593
6499
9727
7634
3658
9234
6828
9727
9663
5074
6605
126
4463
9090
4671
5701
1980
1795
5317
9035
5513
6402
8492
9726
8392
5115
9466
3168
8195
9141
7390
2214
1716
7094
4889
3748
8437
4692
1100
3888
1390
4894
1991
6778
8860
4148
9979
3836
1052
6919
217
7690
1774
6017
6731
5191
8006
0
9241
8543
9768
3660
1531
521
7684
4391
8410
7369
4201
922
7264
7287
694
1428
7644
619
4410
1714
866
4244
5135
5629
2116
1276
8924
9699
440
5698
363
9698
5742
8436
5450
2557
4120
7730
3362
1469
9094
4468
5737
2610
9635
129
9655
2930
6995
345
8372
6111
780
6292
9133
4997
3407
4138
1543
255
1597
7984
3950
2711
7005
4502
5180
8827
1836
8136
7308
9914
7257
2941
2620
6397
8507
2525
5994
1987
1621
5994
2704
95
7326
4252
8918
9449
9302
453
9149
9982
6186
3106
9871
1109
518
3025
5604
5132
4948
827
1093
8859
3037
8458
8853
7838
3671
2736
6489
882
8143
9556
8633
5603
5280
3855
5385
2753
5584
5730
9524
1382
8987
7326
3728
4150
3070
1510
5878
5481
6920
862
7038
793
4900
3845
7058
8867
5398
1080
5778
6566
3964
8267
1838
6629
4473
4267
5828
6663
7639
2851
9548
9217
1303
9711
9871
5710
4730
4703
4768
2161
6857
1007
3961
7281
2517
7840
703
1435
6796
6517
7355
4504
9952
2958
7418
719
5487
7098
9677
8802
5682
9215
7841
4069
1313
7821
9490
5189
3973
1347
4137
694
6311
3616
9708
2956
4306
4557
4111
6632
3564
4392
9866
1121
5495
5044
9264
8344
2293
9152
223
7631
5025
5966
6478
7641
3166
9891
5967
4696
8349
5513
7462
5449
2380
6660
8192
6335
3249
4461
6413
930
2986
3044
5237
1289
9349
6719
8574
6269
8556
1145
2896
4820
1124
6506
5669
345
7138
2067
9790
4414
8589
9415
8283
8050
6930
4416
8741
8835
6851
2928
5095
7831
2738
9292
4644
1981
728
5189
8292
6446
1317
9698
6140
7203
2617
2641
4325
5873
991
7846
9197
1182
4671
1999
2340
3571
4761
7186
4358
4932
7977
9738
9417
5627
6050
5064
2081
1831
1861
3688
9616
1948
3774
3343
3096
8891
3274
1079
5433
4288
91
2868
7843
9004
3731
3913
3159
739
6951
1073
7219
3542
830
3360
8468
1578
280
512
1153
7552
559
2493
4012
7303
8230
7248
7407
1327
8902
3448
296
3681
1753
70
4841
5109
1895
412
1896
2136
1905
1342
4879
788
6468
6074
1118
414
4875
1517
8611
2762
9925
7880
3728
7597
8856
540
774
6482
6506
1832
1837
3503
776
3537
1788
760
8519
3358
9683
9867
8616
9017
5647
9217
7613
3223
834
2156
6130
6993
6452
7385
4837
7534
3756
3873
6341
7243
6253
1354
9638
5413
5630
73
9504
1376
11
2930
4285
357
1895
1516
1834
8743
4146
908
2232
4511
9983
5632
9705
8618
352
9512
5379
4452
8665
3242
9781
7915
4419
1275
7105
8328
229
3202
3387
5574
9712
6237
3211
7903
7870
5772
5098
4935
5550
6093
3387
