113
9692
16
9067
9022
2771
1624
1572
9180
5543
2721
1735
8168
5910
1637
4785
8093
425
9136
9983
6694
2927
330
8820
5926
5344
897
4512
4609
9350
4517
6212
8050
5517
1531
9327
7835
1454
2887
5197
2072
3096
289
139
5750
7436
7919
9033
2401
5816
1462
4504
8285
1791
7286
7185
9362
1195
3141
3677
1873
7112
6963
9829
1025
6508
3685
2651
4378
2309
6949
6639
7537
3939
7911
3598
2638
190
3070
8490
7424
1864
2110
8792
7888
13
7927
6258
8231
4345
9965
6639
8312
9209
3323
4960
6132
459
9114
9241
3750
5268
4655
91
8866
4822
6966
4346
3880
3688
4547
9171
8125
4650
6252
9
5002
8170
1940
1012
8581
7426
4419
32
2344
309
8326
8328
615
2950
7465
2179
1076
3829
4739
2155
7208
2018
9926
3066
3046
3580
2378
4542
9798
793
8514
3661
2957
3314
9957
7961
8518
8102
659
6324
848
4622
7747
8556
6495
8638
3731
929
6222
2368
8095
4296
9911
4096
2801
2984
8244
8874
7965
5000
5047
9877
234
1550
1795
4665
5371
7301
2992
9504
3660
2973
3169
8415
1306
2585
4270
1369
6570
4408
9849
1449
8319
7430
2698
4217
3750
8860
512
6973
9717
9643
137
5659
1276
971
4388
6196
6761
1830
3267
6430
7936
6718
8707
5122
1127
1495
2789
215
8713
6875
2304
3556
5151
3598
1557
2803
8852
7577
914
6510
6788
6019
9786
4017
2836
7510
7138
335
8196
8073
4607
4739
1140
3419
3512
1601
8723
7576
3090
2254
6070
297
8260
2842
7339
6580
507
7678
9414
1585
7344
9183
916
6756
9641
1917
6932
4689
2285
3617
4356
2454
2018
639
2267
7565
2416
1732
85
9956
4080
1275
4486
8659
440
6490
7758
6944
6678
6256
7002
9460
921
6611
729
5423
3822
4384
3777
1595
4669
4033
5290
9473
7897
3616
8278
7620
575
9773
4164
8775
7593
9457
7505
6068
4697
2256
6316
3151
4158
9987
8011
6029
6614
4896
1533
5407
9910
6843
3742
8031
7954
8489
5287
46
5984
5013
761
6824
8211
138
6369
6904
2092
8226
1867
1463
9106
4660
726
1566
8067
626
7436
4681
6022
9261
2858
3001
2083
2871
7710
3732
6031
6132
821
9103
4170
7458
83
9683
1494
9492
4939
4020
3618
1107
3937
8388
3029
69
6301
5250
6116
2175
9964
7328
1053
605
4024
6723
2154
7760
4741
5340
2428
2637
872
5959
7405
2763
7293
1647
4576
1042
71
8575
5687
3416
1063
4914
5323
4470
9972
2013
6570
2460
7615
3855
6167
3493
8050
3564
3434
3360
7529
3734
4751
9598
1592
980
234
7977
982
265
2775
4653
673
5073
2104
1389
1640
7636
9542
9109
1400
7684
7787
2727
8769
9967
5021
7016
9792
3912
4713
3729
8213
1216
3513
6336
3824
6088
1824
82
4680
7345
3487
9706
9238
1916
1786
2542
1751
4778
1852
413
4021
4324
1959
9845
5946
2024
829
1624
5959
3217
8185
7070
5552
