373
6565
1872
4648
1056
8511
8108
8090
971
2986
9572
7986
6490
8105
9926
9814
7608
3787
7490
8539
4121
8456
6847
72
7099
4757
4976
5863
7526
2910
9083
6997
9120
4036
7852
5590
2522
4405
2814
75
1282
5213
8622
2580
9175
5471
1113
7679
8961
8572
7125
3906
736
3899
8125
1917
9718
1799
7548
6298
3535
2245
564
8060
3902
2575
8866
2453
252
4335
7291
3202
972
7415
7256
8908
9834
4267
897
1628
3644
7296
6902
8953
5784
5177
6261
5220
5911
5935
5872
723
6856
6516
6539
9037
4649
561
8678
6600
6605
8659
7426
4626
1280
3923
2933
3320
6642
9217
2083
5450
901
5920
2654
6238
5343
1610
2276
8724
6314
3646
6541
4317
8463
6568
6346
4456
876
8219
4258
9272
5589
4297
5023
4984
9870
2275
7672
1861
2244
2940
8577
6694
3852
421
9821
935
3861
300
3693
3038
8284
9953
285
2959
2117
3109
6162
4712
7576
8476
2444
8423
4958
2810
9861
6604
897
7670
6368
3067
3938
415
6480
3373
5068
9847
464
8042
6746
5410
595
575
4525
1220
988
5635
4011
2063
2866
6760
6113
2959
4284
3768
495
154
1736
1041
559
3217
38
6191
3931
626
9100
7868
3473
6912
7890
2270
2644
8120
7965
2165
7880
1869
3897
3738
1822
4226
2593
8833
4803
9608
6953
978
6131
2712
2878
4914
8111
9423
7482
3529
5372
4403
6643
3899
2119
3119
2162
7099
4173
596
4115
7993
4993
2118
5887
8626
6257
7998
9219
6333
624
1204
1388
4323
3672
8121
1737
760
4033
2976
4159
3221
637
4436
6793
3476
5225
9997
1618
8702
2063
5493
4660
4206
5492
8960
5984
4012
6825
4251
8657
112
204
1149
2905
4168
3015
2319
226
3998
1381
1401
3065
1196
6437
894
7356
557
5325
2410
3400
6259
6379
516
4270
5130
6543
7181
8831
4712
2137
7725
3935
9782
4319
4046
3017
9487
1531
2624
461
2905
9770
7620
7321
661
2428
3463
7769
4597
1604
5427
8686
4414
850
2397
3733
9687
6879
7774
7624
5834
3488
5514
1860
3656
7465
3283
6877
2390
7877
7868
9026
2700
1948
494
6488
8759
3195
3608
2702
3080
9411
4233
3107
6710
9038
9521
8931
1921
313
3329
2608
3756
5000
4627
9417
4256
5759
3665
3195
9144
6585
5379
6719
3736
6401
5985
2465
355
5908
4973
6492
3270
5072
4544
6422
9254
2406
5150
4617
7944
4351
4955
2077
4547
5260
5269
7700
7321
1077
2232
3000
9530
412
3557
6494
4032
7514
9371
308
3053
7055
8575
6013
5340
6837
9337
8684
455
8204
163
1849
608
9048
5250
4792
1630
3301
2172
8475
1131
8285
5143
9278
3676
1973
6962
2858
1514
8050
2389
1740
3035
4841
1563
889
5776
8942
6737
7710
5922
6585
7245
9117
914
383
2391
482
5161
8764
4864
730
5341
895
9177
4768
1911
9296
2337
3366
9875
6479
7169
2405
5815
8422
8813
5766
7484
4361
9016
2687
6564
4461
2553
4546
1039
6026
8364
3292
9581
6479
7696
2750
3186
1659
6398
2139
5664
6795
8977
6479
6605
3370
7835
9443
9415
4840
3302
2491
1569
6624
2998
800
9748
2176
4165
880
8342
4630
3728
5884
932
9044
3785
3395
8782
4419
9218
4155
2024
6674
102
688
5383
2536
6082
3194
6626
3109
5131
6199
2724
5873
1723
2956
3481
6896
3002
1009
7493
5518
3796
1034
3067
3093
5547
7561
9584
4439
661
4996
5621
9146
466
4895
6522
2309
5416
7211
6094
971
4253
5233
9499
7528
3160
5059
7321
828
9913
1886
1417
8209
6662
6506
2877
9067
7620
2290
6989
8520
3609
2186
2448
135
578
3578
5406
6827
6433
1172
1479
5790
4915
6522
1264
8563
1534
5538
9932
488
240
8755
4526
8774
3578
7412
2483
3960
2017
7454
4688
3125
222
7573
7361
2067
2785
9364
6950
9581
9652
493
4395
8741
407
5626
3293
140
5241
4313
7532
2081
2357
6500
8280
4853
7660
3673
6556
3166
1095
1445
4810
8978
6483
8353
5568
7341
9160
9197
5778
2170
8588
351
835
9746
4360
5785
8367
7952
4118
2342
8718
7704
9921
2607
767
3721
9292
2507
4407
9111
2807
3783
8486
8206
5683
5416
2257
2053
58
5952
980
6044
8535
5362
3493
2006
5665
8533
493
1874
5306
8603
9048
8752
2726
7105
9056
3876
7585
1847
8048
6652
4790
6666
9362
4805
1864
2628
4063
8944
3527
6313
7894
8166
1362
2674
9168
4559
9113
8761
8056
759
2014
2532
3805
4203
4735
9734
5479
8577
6359
8381
4467
8210
7903
4327
1254
1869
5999
8688
141
3036
4469
1548
8347
8992
709
881
7389
52
7937
4497
4762
8824
3790
7289
4638
2257
2861
5158
69
2130
7148
5486
2585
5145
1846
9683
262
7035
1419
7299
8560
425
8619
5019
6289
466
4184
4812
3494
3853
2344
5427
639
1862
3619
5643
4420
613
9688
8996
9007
840
8618
8010
5887
8983
8963
3201
7146
1026
619
353
8633
638
5936
4336
204
8770
1000
4172
8073
8049
1664
6215
9785
1721
4847
722
1526
6203
5263
9648
7346
2423
8291
7720
1807
608
9132
7306
1502
982
7666
2468
3234
1990
6794
1
5925
9282
5438
5649
9613
5516
923
958
9175
2402
8225
4165
4135
8240
1675
942
5763
970
3007
6209
2346
8216
2529
9595
9638
3694
2669
7090
383
9196
2981
7794
4927
4846
4797
2243
765
9614
35
1829
1499
7333
8544
9404
2383
4966
3170
3262
9306
6723
6705
2264
8983
584
7654
7709
6753
5842
6010
5919
2847
3832
575
9979
9421
430
9238
9289
3443
9432
177
6149
934
1177
4710
5013
9672
3124
7212
4671
524
9406
7783
3660
2491
716
8811
4343
7191
7087
5489
4922
3603
4116
8982
7666
6758
8564
9983
1953
5728
3880
9818
9874
6545
556
1329
7806
5874
2641
8036
3629
8630
1339
5394
3440
6049
6915
7487
8704
1619
4895
2098
6355
3943
5255
2545
6818
2194
7043
8254
1107
3140
5258
8943
6643
9588
7909
7114
1935
9386
1004
8469
4550
9051
1859
6292
2264
8721
5541
1617
9843
1076
1279
334
832
1782
3463
5931
1289
8010
4511
5612
8830
4386
6929
489
3371
2395
8751
3852
8140
9800
5552
9317
614
6426
7548
7304
2083
8962
281
8096
6652
5426
8411
30
1861
4924
8110
4861
6124
1977
5825
3925
4875
5392
9638
163
2122
1370
2921
9868
9970
1689
3477
43
5524
1961
9719
4406
4234
6159
3847
2326
7728
6415
8959
3404
5974
6898
8628
8447
4284
3890
7727
6162
3974
1627
4442
5222
6787
7384
5181
713
6041
412
8126
4963
1948
8368
4506
9899
5204
3704
626
9965
8129
3498
6196
8459
6432
6234
4188
5223
2741
4474
5584
6079
3961
7314
6068
3897
7519
4496
7618
6849
977
3134
6285
7315
8288
3995
1455
7606
2392
8729
3242
579
3263
7761
8032
476
5430
5982
8789
553
3196
9957
7971
1567
4828
2046
1001
4634
2300
608
2379
707
6085
3777
8988
4995
7213
8881
171
2437
4778
6582
2831
4012
1231
5004
2816
6199
9281
5591
8467
1536
5707
7065
3653
1019
5163
4717
2486
6241
2993
6821
5305
1783
6349
2534
4494
9485
8773
3037
3263
6548
5811
6352
5775
6614
7126
3958
336
9824
9230
4802
5352
6709
2141
842
5000
9020
124
7969
9832
2495
6394
3929
9443
7957
1276
1048
7663
8696
510
3330
7426
6243
2328
1918
5725
9354
1289
7038
3893
1204
4381
2662
7011
8191
1468
8596
9641
5506
7534
5474
9361
804
3205
767
154
1882
6909
7817
5338
6077
6295
1639
9313
5899
7376
9108
4380
222
5117
5645
7730
3085
4075
8627
8114
3731
6917
1251
6489
2679
1406
2156
1162
5036
3968
6621
3038
1560
1764
3843
2445
3471
1700
7815
4908
2741
3348
1112
815
2359
4215
9419
389
1888
7743
6276
6728
4577
2653
6422
4964
5657
1328
2658
4671
4139
477
4277
1930
754
6070
2820
8458
1273
3200
4258
1384
6260
3719
5372
382
5805
436
4129
8463
1987
1766
9273
7292
7692
9893
8460
8907
5342
8878
6788
2143
9042
3144
768
2264
9070
9181
61
6289
1395
960
9115
8688
3485
4891
468
857
7280
6039
9159
5220
7199
4194
2683
2373
1203
6985
4238
861
7609
3913
3116
2395
6411
2115
2342
3115
2950
3108
1311
6623
375
7840
7068
1026
2650
584
3807
2800
9424
7603
1626
9302
9718
1568
4943
4847
460
8395
1060
2085
4943
9200
8679
7482
7844
6720
2277
1369
2549
7353
7906
4172
4727
2536
4845
9358
7126
1657
9722
618
3178
1437
1436
6
2286
3813
2676
4843
7171
7495
2654
4555
2047
9226
1680
1175
9160
9585
3181
5929
8307
2437
251
2071
9696
7454
4575
7182
6722
5585
7720
8803
8672
442
8906
3506
7763
8673
5196
4030
4044
7433
4198
5054
4698
3351
2125
5500
856
3670
197
7540
8475
3792
2310
741
1185
9364
310
4832
9238
5493
8120
1586
9774
3851
5882
1604
320
8174
3411
487
4389
9150
1885
874
8238
5197
7373
6344
5328
9074
6326
3052
5387
179
327
4879
8131
8165
2320
8398
8363
363
4792
8550
9313
2611
5279
846
7468
520
5180
2682
258
9710
3151
9324
1907
1436
2502
5987
1991
3965
9503
164
9167
5067
6199
9594
3523
1002
3473
2154
5853
5013
2124
4025
4358
3335
1560
5626
9917
6526
8875
4808
3893
3644
2794
5677
7028
1003
2972
6694
5662
6332
6406
4397
860
4628
9382
4245
6412
5685
7323
6465
7046
3025
6828
5245
7585
9125
4966
8572
9875
6875
6070
5465
5089
4695
6270
5523
2273
522
2565
2520
8030
6778
6492
9520
8606
7726
3165
9730
3952
7315
9214
4232
9203
2410
7761
867
6815
7549
8091
7903
6037
4399
6818
8786
262
941
9308
6164
8357
3859
1972
5890
3120
4802
8434
267
6533
7308
6639
9859
5959
5235
4620
2560
7661
1837
6261
2679
6933
5403
8708
4723
2431
4662
6483
3631
9960
7706
9257
7664
8418
7000
1372
93
5342
3323
1111
4400
3975
7493
4334
9507
910
8231
1943
801
9779
4257
1124
8424
4679
6628
9231
2954
5150
7248
3459
8457
8319
4803
307
8827
8050
8974
1440
8958
3863
4527
7218
4338
726
1861
8704
9440
1069
9201
3813
4199
2718
5682
3851
5702
6581
832
2984
1790
7769
8418
4942
8093
9864
2653
6081
9171
7185
5506
1456
1935
6791
2984
6937
5252
7039
6786
7698
2818
7924
9790
1885
5949
3435
9260
5739
2637
952
4605
2245
7217
5989
9650
1189
5444
9584
9124
4473
8072
5779
9532
2254
5562
7744
1877
7407
9733
8744
8599
8662
9794
3134
165
3865
7978
6533
8992
4658
604
6914
3444
8219
2580
3260
4239
5945
7140
1795
1493
5667
7915
2312
9626
7039
8391
7536
6322
8205
1557
1852
6005
3892
2352
5942
2450
4083
5824
5784
3210
8910
592
4465
3869
1157
2335
1313
9673
2301
3505
5931
266
7938
7250
2932
747
7482
3508
3126
5473
442
211
787
3101
8751
908
9551
5866
6638
809
156
121
1355
8584
2582
5074
3450
8443
8468
4703
7078
7862
4020
4700
5625
1585
8067
6641
9420
5195
4968
575
2697
311
2768
8699
9805
1363
5117
249
2783
5446
3035
1492
3348
5809
8911
9353
4668
7857
7296
9039
5039
8422
8395
2579
6190
6087
7476
7166
2841
2909
6446
1442
5841
9581
7424
1044
5816
3882
5269
2086
3325
8219
1920
1631
4827
2528
1351
9815
2674
8713
1973
1563
7898
5929
5535
4274
1915
189
2509
3718
3887
7951
7407
9874
9000
1592
5651
3767
8385
7866
3537
785
2587
5210
5713
6820
6502
6763
7751
3662
4735
7660
4491
4127
935
4883
3544
9911
4045
3149
9128
5627
1373
1551
8198
5373
811
2045
2631
3234
6877
7583
1430
4807
5176
1187
8975
2688
215
8714
7772
5152
2437
8847
8982
6227
3459
3279
8938
4117
8048
5739
9721
5236
8737
7909
9412
1036
7011
340
6008
4456
4132
4517
6784
7152
6230
9684
8950
9748
5907
855
9695
5331
5377
3976
3189
2526
2568
1971
1913
7531
3107
8513
5185
1137
7861
6193
6069
7266
1775
7938
5676
9875
2705
3315
1019
7920
2062
1829
9996
3775
4328
9190
8209
7192
6044
4390
9858
4761
4720
6886
8468
5039
8426
8477
1349
5619
9331
5647
9290
36
3614
1684
7972
7969
5179
9820
2625
2061
2957
5269
463
738
1975
8138
3202
3917
303
7992
5093
3470
6335
1308
2546
4888
9470
637
1448
4228
1966
5400
8588
6415
2538
9960
161
2644
1217
240
2013
6223
1765
7797
1804
9450
6422
7729
3064
288
5274
7431
5315
1338
553
5820
3701
2305
9137
3084
8499
4541
8371
8396
94
7556
6680
4048
8199
2014
7977
557
2700
63
5978
8870
1705
8537
9504
3095
8466
1740
7572
1160
8954
4534
84
7250
5861
6718
6258
7855
3507
8133
1741
7472
7851
3369
7702
4247
2770
2374
9529
1049
2311
4716
4731
5252
5359
1683
4115
5163
2800
6041
4617
6758
6969
7211
9442
5560
7472
9430
8186
1480
5756
121
7050
4567
8322
8506
1018
8336
834
5257
325
6091
2211
6522
8849
4237
9803
4832
1890
4178
2603
1094
5055
7466
3515
4982
502
640
3926
2142
6774
3339
4188
8048
5293
2190
7666
163
6929
6853
665
5778
4329
7542
5715
8526
4547
446
8362
5205
5756
2639
7540
4008
8877
4661
5065
9583
1052
3339
8004
377
4409
8692
8482
6986
1903
4162
1229
6658
6570
9639
7903
5037
3513
6824
6765
7512
1750
4989
435
56
2277
8721
6385
4135
5799
180
9171
632
7124
8082
9111
3590
8849
287
1369
5636
9060
8729
6622
384
9217
1703
8634
6117
4736
2503
494
2052
7895
7553
7832
6063
2903
7947
8100
5688
2306
4347
1187
1723
4991
597
9534
8487
527
4312
6188
3225
5455
1129
8452
3021
8366
51
839
574
87
268
9399
3295
9685
7119
2736
9570
249
3048
686
901
2187
5681
3329
4712
7541
4899
5393
8619
2168
146
5589
423
6315
7269
6596
6766
9101
4811
7696
2852
7108
7525
5600
2038
4948
7891
2038
7871
7860
9963
8237
7478
3626
5286
1038
9774
7799
3739
5479
3467
4658
2219
8405
9940
4679
8975
6980
2416
522
5969
469
5438
5352
7834
3792
4661
80
1291
9764
9650
2860
7521
758
2204
1908
8110
6797
1028
6230
6822
8966
5361
9331
4229
8194
4889
9119
5660
7359
5972
911
9622
7349
1891
9494
2799
2126
5792
1494
6377
9694
6508
3974
5829
606
7136
1460
6201
8031
6568
2178
5951
6185
3700
7003
5107
6106
1122
9639
8903
5541
4419
3931
3792
8739
3238
172
8867
2710
9109
5984
1004
9534
9853
7127
2458
1387
3502
3623
1057
3428
2918
7628
791
3793
4959
3436
3648
4887
4386
6692
1003
6152
2591
835
5274
2577
182
7090
7367
6964
2592
3490
8922
584
1173
6417
6332
6572
4544
3720
2604
7499
8582
5474
2622
6791
3140
9998
3779
9802
6523
3979
8323
2417
4980
4852
6943
9017
1853
9881
1204
6411
6255
4092
836
9428
8706
206
2620
8541
7104
7076
343
666
4087
3504
7570
7116
8213
8483
9436
183
3310
7565
441
8612
5167
6505
5604
6321
9474
7315
4718
4663
2515
6192
1243
4489
4637
3194
8084
2933
7378
5238
2697
9447
3636
7657
8329
1475
7281
9826
803
3370
444
1021
3101
8690
3651
2223
4261
2201
4602
6298
9066
9788
2357
5679
8150
7895
2261
3080
2479
5019
398
6502
2805
8072
4867
993
4975
7509
8175
4128
9039
9648
6511
1348
4219
1494
3091
2552
837
2413
8933
5882
8331
1079
6171
2909
7090
7957
9507
434
9214
4200
7347
5784
2971
3942
8215
5029
3823
2657
7248
6751
4025
474
7258
9418
3277
1008
1460
6655
4804
9708
2243
65
6085
4515
8170
1726
1900
1958
3903
7018
8002
7741
4914
4838
2300
726
8377
276
3279
8061
8729
8179
5165
2181
1857
7857
3820
6753
9632
6081
6497
2851
5630
9505
1957
7282
9698
8455
5771
6489
3128
1865
8753
230
8748
6284
5559
2420
7117
2550
2631
1183
3376
6742
978
4063
4899
3904
2658
313
7905
5147
2325
7822
520
5151
2111
5408
2881
5018
1027
9921
4505
6790
4933
6864
9425
4935
3432
5572
2297
1400
9635
7082
3449
5313
9474
8887
8527
7894
2382
5794
5797
5457
8583
7980
9539
931
9709
3597
4172
151
9539
2098
1522
2710
6678
6586
1808
4113
4637
9964
471
7085
8015
6505
5512
5243
4372
5206
5677
3223
6880
4986
2636
5233
4124
9047
8206
6952
7325
8494
5225
9835
1400
2145
1861
7536
5559
739
8635
2887
7079
4413
3256
2417
5323
8711
7441
2078
2468
4295
6558
4502
7920
949
3270
4552
9462
6289
8585
7630
8380
4856
6788
6142
4738
635
5685
5870
4643
7975
9683
3633
6571
2789
6144
2467
1729
218
9909
5412
1605
6128
4483
3029
1936
723
1914
450
8875
7309
8074
9270
2153
1005
4507
2222
7624
7113
7679
4687
3025
1571
7434
4493
4611
2925
7931
5131
4804
803
2822
9243
6379
3173
6024
2251
373
3758
4206
4014
8721
5234
6995
7334
9900
413
1479
5565
8281
3922
4842
4615
2539
5221
2387
33
8693
9989
8417
9010
2792
6783
5646
8071
4486
8831
2890
8980
4980
2255
1849
3866
2907
3664
5966
7790
4576
100
4593
4198
1445
2365
6849
882
5960
8206
6703
1158
785
5990
3558
383
5340
5196
1222
1937
9588
8923
2847
1068
7522
2499
585
6026
2072
976
1708
8875
9255
4596
5457
8592
5396
4219
7564
426
9934
4763
2110
6280
2127
1732
8194
8989
8696
1465
8525
7710
2441
4028
8201
5653
7253
3525
6676
8946
1780
822
8809
4984
6497
7828
1903
6188
533
4965
4987
1121
7631
796
2002
4825
6812
6566
8940
5789
4304
1595
7329
606
2451
3997
6433
5226
6395
9804
1339
1870
7542
8618
8646
9111
5953
7126
9783
4299
9829
2006
8456
3730
6478
7403
79
1645
2026
3376
8840
686
4584
886
4642
184
3493
8203
2533
2499
1395
6677
9793
729
3626
3116
3579
9013
2149
2891
8872
9686
6783
4641
5960
2297
3139
3598
4128
5047
3918
4788
3200
3018
963
652
7286
6656
3975
8462
5618
7750
4593
7283
2904
3151
2212
7726
104
3361
3824
1066
9495
9134
4504
9154
3902
9942
4925
2344
7044
9894
4074
7485
8581
6606
3477
6774
9765
2973
5830
6923
5037
3687
7272
1121
5092
9500
1737
2809
85
5413
3494
766
1223
2851
5293
4065
8514
1809
6750
7343
1730
1630
1417
5723
3675
7108
8702
6297
9674
5437
7960
7130
7531
6901
6028
5807
1862
3382
4061
4402
8205
2116
2258
1630
6400
3308
6262
5729
1312
9411
8260
7956
6223
8486
5192
3406
2269
1549
7446
7984
797
5439
3134
4648
7452
6363
3234
4321
6823
9486
2202
5132
7747
2347
9138
9613
9371
9786
9322
366
845
2972
4984
262
7176
3
907
9045
1708
2622
3537
313
5935
6077
3604
2765
8982
7610
4178
37
74
1940
8906
1826
7209
3128
209
3875
9348
5579
4034
2482
2226
7080
7138
7824
455
2871
7471
7448
5455
4189
2613
4200
5948
1889
9196
1670
8742
6372
631
1761
5608
9284
292
8905
4066
3158
3053
4048
9794
7031
9697
6129
8587
1054
8086
8855
8938
5779
2310
6111
139
6729
4582
5885
9327
4705
5877
5319
3931
8538
5133
2975
4947
2273
6874
2941
6787
8233
3758
7296
9817
3422
7654
8424
4491
6483
5613
4894
3803
341
2731
2962
4062
4520
1622
8879
4702
4407
9578
9361
7280
7734
117
1255
1898
6721
1181
6313
4180
5144
2067
705
2021
5013
6293
6716
9074
6158
1393
2843
9091
983
1515
3590
5806
2170
8913
427
651
7994
8239
2380
8654
4397
16
2082
3304
6399
6525
7770
5301
9299
714
8659
8273
2026
941
9048
8226
4905
9804
8544
3014
6734
269
6297
6218
6527
5448
9728
7808
753
5662
6185
6905
9687
2050
7624
4997
4210
3411
2675
9632
3622
7541
9792
268
2856
5317
3780
1228
9864
2201
5745
8189
9694
9366
1920
4127
3718
5864
6777
950
6797
9962
4547
3637
4528
1754
8585
9976
3317
4051
4015
1493
7129
8912
9391
9192
477
6028
3361
1210
1668
8499
7943
8552
9917
7995
7210
321
130
3496
1279
8346
6634
1724
2835
3660
2994
6155
5740
1102
6731
3804
7911
5813
8185
4251
1060
782
9974
2727
3650
7689
2502
5567
9282
8297
2018
5995
3719
6533
4543
8264
9845
9820
2771
5669
4859
5404
6076
5731
6198
4322
288
2259
4478
7863
587
2130
367
5665
6934
6427
346
7402
9846
3589
5844
1066
2441
4537
1641
6998
2435
9206
6558
8466
3958
8091
3041
2516
9392
5655
4705
4243
6529
9327
7400
243
1089
1419
7709
9888
5628
8054
9598
8116
7918
2443
9973
9182
9824
3792
2962
1539
4089
9199
1887
1081
5700
6011
3905
2496
9088
7850
6273
1279
1721
6102
872
519
6189
5601
9977
1022
6827
1752
1370
4380
9608
8442
548
1515
8118
3859
2691
5599
2693
3166
154
7329
7440
6318
4542
5077
7513
5213
800
7777
1781
8319
6394
1815
1570
9454
2993
4223
3815
1939
4712
2336
7829
7506
1473
7257
5463
2390
4378
5229
5159
673
8586
8555
5948
3543
3078
9870
1058
4900
3508
1613
952
3592
2599
1289
2048
8732
9944
8664
866
8467
1783
753
8454
7817
9500
9933
4845
7285
9614
5123
835
5571
2618
1107
9733
7838
5867
8027
6375
3122
3165
8915
