6172
4084
6749
9416
5175
4447
8540
8121
5976
9067
2885
2628
9805
6608
8504
8490
635
652
6647
7056
3482
2025
7279
8705
4561
839
149
3253
6350
5303
357
3441
3297
5122
9518
7886
3568
6875
7985
1808
4969
2563
2543
1334
7258
5115
569
957
3759
6797
6169
9928
3699
1166
2839
4146
6805
8043
4854
4335
4298
5286
1771
673
8710
9444
9331
4682
7089
617
4921
3760
2667
4839
2086
919
9481
5944
1447
9446
269
9191
9493
9552
9134
428
9741
2131
2283
5371
1081
5524
2021
3649
7509
9682
792
1869
2624
7813
5784
5887
3867
3142
1876
2409
7261
8860
9079
1920
4664
861
6596
5407
4065
5106
5793
2218
1539
8281
9702
7199
2398
1718
9535
9396
1738
9017
7329
2404
126
7612
3319
3633
3662
4382
5324
6351
7676
6725
3167
881
3051
362
707
220
8928
6613
9583
2403
3888
8573
330
4343
8111
8584
3488
2149
3606
2479
670
8243
1530
6675
1793
7052
7542
2963
1745
9683
9782
9442
4542
4814
5113
8821
4147
2035
1010
9315
468
5125
9433
4926
8515
1553
7281
8975
5522
5077
893
3174
2744
5197
6054
4923
9350
6376
8569
3655
2678
5965
4867
9900
2621
4446
4031
5515
9230
9290
4437
1452
1138
4291
2011
5544
8809
6604
8159
240
9770
8566
7441
6668
8789
6607
6698
9345
8759
189
9470
7771
3466
7355
6637
4503
258
9533
2304
4068
7522
1766
9745
6231
640
9441
2035
8452
3186
510
6113
2746
8216
8328
3884
4111
8524
8199
1110
6014
7748
4686
6755
9040
9820
6665
7985
3783
7653
7507
5286
9276
4299
4091
2718
8003
8821
1209
6028
9348
4571
8245
6158
8249
4075
6723
9554
5138
3470
2525
5979
2059
8422
6290
6320
2836
5011
705
6411
3974
1455
8252
798
5678
5223
6837
8447
4125
5610
5881
5290
7314
2170
1762
1443
9503
8527
8505
4964
3096
7111
2847
313
5128
1528
3227
853
8009
7770
9882
2992
8115
4797
2053
7892
6319
7446
480
3026
7238
8276
5428
9528
7589
7234
8664
9888
6659
4847
6817
4308
6505
5740
3314
6863
8608
7938
5670
4149
1996
5983
437
6355
5727
2888
7174
2517
117
3870
5124
2057
8046
5479
7726
4820
1682
3319
2724
7893
2864
3339
4194
3162
953
5573
6487
2375
1483
5190
9283
8380
1775
6330
1030
1255
7838
9073
3800
4700
60
6147
9770
2789
9723
4760
6262
1025
8014
8494
5180
5289
5213
7777
1285
8656
1789
7275
5401
154
6400
4799
1034
4926
4586
6743
281
1715
4449
6470
6982
2608
9518
8023
7833
6717
3568
1404
3438
6193
9311
5461
4360
2989
9
3994
3166
3998
5045
2373
9465
562
3672
3646
8299
5260
5112
4844
8203
2979
4478
4546
6576
1543
1511
2571
5770
7189
9943
4568
5088
384
3836
9208
842
939
438
8045
4916
591
3576
6282
6670
2075
7004
6419
8936
5872
9724
2572
1604
8724
3201
459
1714
4764
8884
2817
1477
7438
8224
5977
4054
476
7285
9081
6725
4464
2803
7360
4822
7067
9927
7611
9403
8195
7876
4500
4538
5092
3634
9897
7465
7370
2964
6363
7183
3377
7493
6078
2054
7621
6568
7478
2366
7599
2227
6193
4790
7923
9693
4472
3069
2363
7750
4536
8797
5589
1055
3518
6887
4384
8278
6384
3803
8327
8511
6684
7512
921
1897
3348
6970
6724
5306
7201
499
2448
5244
1804
5968
1682
9710
6614
5399
9162
6828
5102
9620
8427
7566
1594
2322
3974
9190
7670
9342
183
3675
4039
9087
5543
8680
3869
6026
6345
7501
6344
7057
549
4037
6348
344
9251
7550
5204
4674
1663
985
4641
1498
3409
7063
9085
3355
303
1025
2996
7534
7635
7858
316
8773
1204
2716
424
3002
5841
588
9053
1660
484
8044
9071
4390
1217
1249
3071
6423
3985
2995
7678
9198
9033
2541
5678
8480
9595
514
5723
5319
4505
8810
9421
2690
3721
7575
9140
6534
7126
2202
8833
1075
1931
2981
1014
5364
7992
4694
2137
9054
7954
6572
3548
4639
179
1118
9739
8663
7037
1943
3406
5327
4864
3734
7154
1673
8622
6380
669
3642
2108
6536
9296
1783
4162
6603
7266
6052
1526
314
488
4900
8376
6668
7364
7932
5261
4781
2511
2602
7835
476
9497
5182
8795
3506
6210
8197
5826
9340
6741
1611
4025
8495
6945
1418
7276
1765
477
3576
3851
3687
7136
6723
1455
8506
6950
8195
6369
9221
6412
3841
3869
8066
5806
1632
7039
4114
2987
656
392
9068
225
2186
3572
8876
874
9881
9723
5946
656
3496
4304
8934
8751
4148
3340
2774
3727
289
6555
8014
1828
6604
2928
2900
7742
5959
2688
5313
4378
3161
8778
9820
3184
4783
3461
4950
3150
2579
7631
7068
8472
422
8565
2915
9536
4934
9315
1657
8291
4264
387
2698
4101
2377
7240
3620
9257
672
1133
4915
7192
4410
1567
7494
4718
4484
5749
3968
687
8390
9624
1147
2657
9487
9542
1405
8039
12
3363
2807
6643
1030
7021
113
2774
6080
5719
807
7542
9840
5692
2477
1445
2715
9875
4062
8854
1070
8197
5052
9185
5347
970
9901
4640
9239
40
4614
2834
5834
5581
9244
7309
8325
8272
6162
7388
1453
4719
8638
8765
4942
6425
846
2697
7146
9701
9942
9611
5480
2551
6968
1815
8311
3622
1296
60
7120
5473
3535
6039
1105
7972
1708
4259
6447
5167
3119
4443
3713
6673
7400
6351
9559
6286
4242
8921
124
7203
7493
9537
98
5002
7354
3282
8612
7429
8997
4703
6975
6101
267
5980
1184
2598
7660
6969
4717
6587
6250
1979
6581
5498
5897
8806
5151
617
2255
2024
9379
2375
9936
9916
7979
3997
5941
6102
618
8425
5646
9018
6170
8416
7468
7611
6405
1419
5166
6961
8626
7273
4203
3536
953
5514
2955
4599
9105
8547
8131
7995
5173
6973
5323
4599
6165
351
8001
7186
6656
1557
6350
6292
941
7231
5809
8165
8030
8285
2400
3731
5450
5294
3397
2106
8171
6399
8963
2464
1041
1341
6997
2071
293
7650
3844
9196
3093
2868
1446
6054
3418
7979
304
7068
922
7911
2595
3721
9705
4790
6569
819
6146
4400
2544
9879
3575
3216
6428
9766
1387
5536
6145
5314
4560
4279
5999
3290
3387
6612
5072
5161
6839
6346
312
7471
4989
6328
1184
260
3803
5241
2759
6251
4772
6178
5925
5892
5105
3964
5621
9876
6440
1679
4666
7882
1834
4990
2508
6643
1912
9305
333
3093
9717
1408
3979
9800
4087
5073
4890
7246
2032
6168
5962
6146
2777
9893
542
8382
8354
106
8184
9423
991
5195
8721
5160
1679
2430
5636
9999
3820
4541
8348
4498
4907
9665
6533
3364
2198
6124
1805
32
9074
8374
7844
272
5717
8520
5105
1940
4448
4125
8288
1805
1120
910
2102
4522
2686
8819
8121
1657
9437
4890
3426
7490
7820
1464
1238
3111
3359
7177
6183
2229
8301
8152
348
2616
7351
8448
9443
3158
7325
3695
5551
9694
6252
6542
3377
3997
7563
2011
677
3379
8003
147
594
4183
4948
353
2452
4252
7282
1994
8580
7270
7942
6059
3503
2968
562
9485
7170
4237
9376
4962
4331
5741
9339
3731
1238
1277
8086
7241
5547
1348
6500
2804
4225
8153
7557
6164
7668
6997
5996
5190
5876
5331
5114
8280
1752
193
3038
409
3434
8078
4840
6439
4003
3041
5816
4852
4844
1217
9115
1174
6166
40
6446
7232
770
5137
1833
5350
5410
4397
1817
173
8241
4185
9085
9000
627
1058
1978
1044
8238
7677
3806
7469
6507
60
8800
1184
2337
2704
1320
6450
7881
4822
9024
5835
8884
7882
7510
6614
8360
7688
4998
9037
6260
4667
8198
9817
3955
6815
4225
3785
9238
8070
2936
8488
6234
8977
724
709
6336
648
3012
2706
3077
5366
2291
3419
5161
3250
115
2745
3547
5364
2684
549
2679
4768
1208
1839
1861
8983
7229
5521
8479
7534
7212
9810
1885
535
9601
9907
7157
6800
277
7711
4676
2292
5960
893
2376
4779
4656
705
6699
1480
237
3874
5386
2386
5809
1465
7768
8884
8847
7353
3419
7490
4226
5542
8154
2480
1533
4625
3648
208
5588
6747
5086
4972
5873
386
8808
314
9463
7082
4326
6524
8822
6998
7296
3338
4424
9499
4726
8135
2138
8272
7952
2924
4292
7185
8065
417
2739
9896
3246
30
7056
6491
5892
3490
8788
413
6512
5422
2657
7453
9421
1765
3026
6894
8668
7228
8246
4816
8055
2033
9899
5512
8069
7315
8794
2161
679
8688
2321
8390
7575
9567
3835
4296
9467
2330
1106
3805
4550
4010
2986
9303
5478
4684
8850
6187
9897
7397
8516
837
2171
7923
1840
1213
131
1543
8421
8576
4696
6626
9734
7824
3101
4266
9878
9853
7929
8730
7427
6337
6121
4440
266
4045
9046
595
34
3385
8465
2607
2263
3282
171
1483
6218
9651
7727
2622
4164
7924
3909
2529
9109
7923
4276
5161
6201
1212
4805
8997
8257
1167
9970
2179
4715
7731
7657
7794
2166
9535
1509
5036
111
2088
4362
6451
7653
1617
8047
227
2126
5306
4566
9503
2428
3592
5330
2342
9768
3884
4394
8822
8579
9468
4350
1096
3311
7992
6768
8487
1993
9932
456
4628
6414
8873
2418
7021
3561
7824
7508
4583
3164
4578
6870
2950
6601
467
9750
1123
2400
5315
8026
8281
5141
2687
6456
643
7738
3265
3140
9661
4849
9559
8233
2193
4849
9937
3088
3555
1173
8309
8781
1944
6376
9810
5658
4001
2597
1399
4495
2844
8241
5645
6087
6678
1906
2175
9486
3727
2416
1775
9282
295
4684
7846
9734
3604
6344
4677
8101
6663
7378
6195
9949
4090
6533
6082
1904
5331
7029
2455
8045
6339
8770
296
1420
9204
3472
1554
287
2674
451
9360
1138
9398
9026
8486
7260
8530
75
2053
7656
7920
3298
7832
5465
2046
5695
1996
144
5824
270
4154
6698
9961
3729
2943
1524
4387
6426
529
131
4789
4389
5426
6212
8017
5056
551
5064
8047
8822
3374
5255
4975
4798
125
3041
938
4830
9374
3509
1475
1409
4462
2404
6296
2662
1177
5668
6082
6961
2872
2103
9546
1921
2866
3530
7871
1619
7448
6989
5143
6932
2097
7002
6895
8898
1723
5162
3603
9902
585
9557
7052
7020
8655
3379
9926
3022
9915
5355
3879
4883
8981
1086
5949
1270
5709
3053
1931
6595
5169
9318
7382
2384
8366
4543
9312
7460
5508
7397
938
6014
2065
6180
6375
3314
5051
2525
3266
9486
3603
4849
1704
2092
3109
260
7950
1010
1052
5624
3189
8669
3231
7008
4733
1267
2175
4667
8654
4111
4066
2466
7513
2518
4416
7865
2817
2801
4710
2635
6219
3184
9787
2444
2991
319
7614
5289
9275
8105
6593
8302
6408
9883
4208
2268
2782
5056
1447
5108
1139
384
3871
9154
5419
1137
7336
9186
7676
5243
7442
5149
6300
8416
9405
5
8882
786
4016
4413
3652
6885
5391
548
7518
5764
6058
7629
8309
2147
5082
7760
1354
9602
1496
5834
9312
632
7024
1854
2983
8428
7613
4031
663
1444
2002
7991
477
4203
3386
1996
1040
7033
1455
4253
4992
3322
1635
9655
5078
9706
876
5528
161
9681
3794
6697
6920
3571
692
8250
3761
2162
1430
5224
9271
1360
9885
6074
3762
8067
7151
4106
8761
3086
6720
4320
8146
7242
842
5989
8997
7369
6775
3276
7551
2084
3870
981
7649
5304
1070
6906
3511
5136
8234
8878
5603
6230
4981
3632
3437
5561
5892
7011
2554
6770
6767
7074
2961
9473
8550
9678
2728
4702
9252
6391
5386
8153
7673
7187
7490
8903
8424
8458
6996
245
595
3625
4851
7842
8717
1916
2260
7210
2551
3436
1477
9763
722
781
5317
6795
8020
8175
6753
1391
4177
8808
5883
1843
3491
7450
8557
7794
6142
4534
7136
7433
14
2309
6175
3142
2223
5118
756
6634
7417
5518
2150
5816
4914
5623
7431
6891
1870
694
882
248
1705
5604
6067
1786
7741
3008
4351
1267
3358
4465
1068
8017
6300
4043
9748
8412
4606
2174
4572
2902
7419
118
3974
8659
6658
67
6928
7867
18
1665
5924
5447
3652
6887
5728
4410
6242
4388
5400
9214
767
9488
3275
2952
4450
4133
9516
870
5874
9018
2285
9695
6122
7979
2829
1586
1630
7407
5128
7674
6079
6483
1248
1692
8541
5620
4364
9412
8315
5338
2169
217
6774
5357
2135
7930
6842
1021
4208
2524
550
6057
1993
1000
9380
6229
9325
5672
4058
4142
2779
8834
9260
7725
3135
4283
8240
1582
4411
8830
9768
103
2555
535
6849
2068
2920
765
5844
4898
4743
608
3199
2603
7124
22
4490
248
2312
2311
6295
8692
5354
4172
2559
3334
956
9048
2222
7851
9690
5259
6610
5378
2756
447
3501
1457
4150
7311
3309
8560
9827
9159
9398
2170
5635
6657
601
3112
9793
7992
9270
2099
2535
1076
4749
8382
7976
3514
1111
3871
8543
7992
5208
9483
3998
7820
9846
6677
6520
3032
6097
5001
9002
7734
8864
6194
4774
389
7699
4299
8447
9109
8058
1698
5989
4511
2843
1680
5697
5118
3480
636
6199
9437
17
1835
3951
9915
8172
7814
6810
3924
6592
6760
1894
4268
3097
4800
2211
8554
3608
7587
5815
6812
5424
9433
9934
3509
3493
9486
4977
8166
979
1401
9551
5460
8801
9564
7717
7029
2242
4858
2217
9884
7489
4522
2516
1297
9803
1721
1414
8043
9468
7143
1509
5893
4821
9387
4013
583
1900
441
6421
8685
2837
8644
2945
5191
7208
6434
5467
3532
7082
5181
6311
8750
5370
5930
9323
901
6917
8636
3706
1772
8072
6934
8697
3836
9891
3658
639
9413
5551
7134
5128
1801
8436
3531
7046
8844
1577
7325
4089
3369
6253
7882
960
4287
831
2759
523
8890
64
3111
3666
3264
6735
4649
613
5902
9947
9109
5299
3549
5794
6053
7980
9948
53
4510
313
1838
8883
478
9324
9591
4547
337
5518
190
5974
4410
3004
7131
3135
1748
9348
2440
3467
1864
5066
3787
2918
1143
8897
2468
2025
539
7574
200
9902
1011
4233
6321
2446
8684
6
9586
3787
4074
8716
6397
9131
422
9928
5536
6104
8167
414
4046
6705
5539
6480
8188
9444
6526
8920
7739
1580
6856
7565
4007
2763
5318
287
4962
176
6683
4685
4451
1741
9762
8653
9393
3147
8668
4656
2495
1215
3360
6363
3858
124
3528
3494
4362
4531
6045
6876
5919
9764
2267
8005
6931
6508
4708
3634
3812
135
4966
5360
9421
3482
5963
2304
6942
6886
7087
5040
775
1870
6424
6524
8219
492
3707
3882
9234
1823
5925
430
4130
9806
8765
4687
9474
1756
1722
2884
8438
5034
843
2360
6248
8000
6942
375
4161
1223
6552
7476
7444
1005
6100
4049
3339
5742
9786
6438
2801
826
4399
1989
4209
4536
1229
9614
4716
1276
2830
5186
5164
4202
6601
5741
1027
4063
276
219
3550
3331
9721
8011
5271
8449
2986
3125
3705
4716
1347
3732
1970
5283
83
7612
634
8853
8150
1712
6770
7327
5659
2885
8392
1365
2311
3241
4403
359
3022
9275
5465
9566
2888
9469
1104
6388
6717
5760
1549
8104
5908
9999
9928
9098
3216
9880
4119
8988
5107
2173
5913
8564
3448
6222
7672
6835
9618
3906
6137
9744
8721
3346
1693
2071
8266
2403
2395
613
6508
4246
2136
2390
162
8665
1419
5659
2957
9294
8148
2431
9122
5415
5251
849
3362
6901
6117
6665
1797
4269
6769
2811
9622
1805
9383
2561
8306
7857
832
813
7484
3505
2480
861
36
3522
8401
4783
4802
2012
3878
323
5757
3705
621
3305
8095
844
8708
1364
6285
5729
8816
2238
7476
9324
2767
8356
9282
8858
7353
5099
8462
7335
4947
5617
2935
4390
812
9840
8499
1334
1862
9785
391
6445
7054
5917
1184
6077
4466
7461
9148
9467
4527
1754
4688
241
3384
712
754
45
5500
5944
4658
8778
1861
8421
8758
5003
370
3704
32
8868
2864
4950
3867
9031
1846
1031
2270
6850
7172
3205
4391
9892
5950
8994
2808
3192
929
2693
1006
99
9085
8454
5834
5918
5126
1612
4583
8632
7158
6180
5707
761
7429
280
6603
9576
7887
5657
8394
2352
8442
3904
2873
2294
1553
4766
2827
2866
5613
5565
4074
7676
2698
9932
9782
4410
9116
7948
3905
234
6447
3637
9691
991
7498
3630
2462
5670
2391
3231
5305
5271
4298
8653
1657
5180
5581
3539
4365
359
8784
1717
3018
1593
2106
8030
8063
7497
497
2193
460
9938
1752
8160
5905
4804
4212
1881
4796
7923
2304
7157
474
2382
260
8802
3378
4044
8274
4601
8828
5576
3583
3545
1449
4730
619
8097
8884
9467
5566
4965
5172
198
2771
5366
3519
6137
2748
6853
967
3699
8742
6441
8055
1627
1242
636
1333
3303
4651
4018
9222
5895
3364
4883
6354
8206
6711
1174
4185
6115
2996
5328
2356
7338
1984
275
9610
4893
5283
7240
1295
1421
3634
5129
6834
7141
5490
9821
3487
9982
6764
5581
4816
1547
5742
9277
6834
7888
9012
5313
9426
1573
2667
4852
702
3413
4085
716
9642
966
1025
6440
8020
7411
2723
7801
2261
8235
8048
9212
2715
6889
7687
4202
9350
7415
512
808
1595
2707
3441
1722
5880
9970
7814
9721
8753
8781
4426
3420
3056
4773
179
2520
8957
324
7561
7404
8824
7941
7015
8599
9839
9799
2597
2537
3886
8465
5502
3287
2900
3277
9121
6934
7525
9302
559
8049
9597
3001
9047
3480
3808
4628
6156
7941
6709
5166
5245
9026
9853
3108
1983
3653
5692
4842
1883
6080
7372
5277
5835
288
3278
1139
519
9779
5652
3244
4995
9654
9764
9511
7807
5823
8893
3535
4790
5211
3643
4655
5827
8719
3219
6475
3433
9792
1293
5467
1242
2683
7419
4478
677
4320
7165
8759
201
2669
4108
6376
2289
3465
170
5590
9262
342
5300
6160
4760
2156
51
6671
2437
2717
9449
7115
7068
6802
7705
727
8486
184
2001
2312
2235
5285
8834
3487
8658
133
3333
2121
1103
7266
2365
2361
8548
7629
7213
3091
4491
5132
707
9086
2631
747
2041
7960
4870
49
1691
3398
4964
3380
7890
2105
1463
7858
3354
3976
1507
1813
7502
4626
8823
7930
5568
5170
351
7087
8566
9438
9589
4614
6235
3353
9477
2915
9680
1487
3243
874
8617
8608
8442
9934
7157
7722
9375
260
898
690
4274
3236
1583
2678
7630
6081
262
4701
5179
6870
7609
7782
1483
2252
3809
350
7145
4537
2627
8547
8178
1867
733
633
3195
8894
6183
8888
773
7845
5795
90
6189
7876
5164
6352
3030
3556
5722
3395
2652
4978
6308
6373
3265
835
7124
6190
6125
6806
577
4838
7632
2350
2512
2407
2503
950
9483
8736
9897
1374
3928
7333
1075
7518
1592
3606
7088
7456
7319
3588
8815
9232
5894
3199
5558
4360
7368
2360
1769
9993
2762
3966
7268
956
2457
3838
5364
2756
3849
2080
4073
6985
3498
1278
1050
8975
5297
5746
9242
3517
9101
8668
9487
6989
6022
8400
6456
9313
6849
8143
3581
7122
6967
9904
8612
9962
64
118
5061
7754
8242
4331
3607
5239
9514
1829
5733
4616
2149
6582
9062
1622
3117
8251
891
4093
4479
279
4934
4056
7382
6051
5907
5705
8498
6950
18
3593
2665
1087
8910
5178
684
1488
5275
4770
5061
4247
7474
4193
2666
1839
7163
266
9080
1959
4005
8715
9013
4518
5483
9785
5184
1005
372
2191
8423
7901
6741
2563
1811
2140
1950
1061
7672
3883
937
1629
2976
6120
9032
231
2804
741
1389
5542
8887
5641
6625
6538
2945
1302
4580
8147
5604
9124
9994
9679
1116
3083
6347
7159
7506
4910
2381
526
9888
6102
2594
5196
1022
2375
5739
2892
5485
5251
6981
4443
9615
4829
3304
2781
1276
202
9618
508
7559
3803
5457
8547
3889
1257
513
9892
9773
1872
2725
7893
8359
862
5654
2784
3047
1428
5516
570
5562
1688
2661
352
2143
5550
64
6287
9779
3565
5883
7303
5292
1872
2966
6085
645
4046
1307
9764
1862
5847
3118
3612
2526
9087
6084
8752
9174
519
9734
9848
4685
9048
4946
5871
1141
5104
6403
8338
1193
4225
113
6208
5989
5421
2601
6486
7896
9568
2139
9000
121
5752
8707
9715
8569
9048
7826
3056
9466
1311
7112
9259
3831
6035
2618
6244
6926
7095
4944
5540
7643
2968
8570
7636
5733
6910
7623
7104
6485
9597
856
9606
8380
733
9727
8933
340
5230
7302
2092
7277
3347
8871
9881
7113
854
2377
9954
2803
6357
9559
800
4624
6598
1357
7152
7181
1070
3981
1658
1425
721
6570
9869
455
7506
878
3097
6308
3685
5903
1695
9793
2852
8263
4296
4096
8688
522
4879
4533
7669
4301
128
38
55
4981
1782
9376
2574
1751
9270
1249
5643
666
6556
6776
9002
9426
9607
9975
9279
3646
9118
454
7863
1007
1772
8335
7061
3056
8492
547
9101
7125
3756
6420
6442
9830
399
2524
9096
3721
3733
1933
6633
446
4150
2185
1706
7519
5093
9262
915
4904
5253
4023
5183
9673
2174
9048
3208
3447
2314
9518
3258
8722
2147
8517
6910
136
333
9172
9027
7083
879
5558
9912
7184
3821
7417
6857
9587
6628
9541
7962
9230
9632
4197
1872
9733
1236
6769
7656
1351
9315
5649
1406
4215
8674
7910
8298
5632
5274
1570
7185
5921
235
3832
4024
9695
4110
7998
5852
4757
2191
3621
6818
2772
1555
4028
9089
7949
6645
7177
8899
3564
1515
7675
7767
5229
4151
5697
8510
5910
9118
1224
4312
5058
2355
2041
8995
5800
172
2176
5622
3238
916
2899
9159
5693
8830
8634
2659
4645
8821
349
8987
8097
2671
3621
4405
2559
6064
8795
5544
8413
9487
9942
5638
966
9309
1760
416
9514
5033
3289
7776
4468
1554
5660
2648
8616
8516
2073
6398
5517
3037
3864
7089
8769
2236
6215
2386
8734
7635
6436
9735
1377
6632
7209
3750
973
7260
8193
6384
7070
8217
3145
9612
5531
2572
4518
6542
7010
973
5788
4043
3991
2396
26
5375
5623
2853
6869
8729
3093
9373
1682
1878
8596
3554
6398
7835
4345
1910
1674
1356
322
5688
9328
7300
9892
4252
1557
6196
7718
9672
5376
7761
1846
2393
5743
8981
6605
1834
8127
8120
391
9463
3290
7697
6534
1266
1015
1976
6173
6682
2197
5100
9299
4432
3720
8302
3067
2726
5483
1371
1295
672
1011
3421
3996
3921
31
6203
7810
7416
1230
2510
3782
3553
965
859
2397
1631
765
8625
3236
9580
22
1035
7475
276
8462
7413
8672
7440
5914
3879
6351
6756
6824
9718
8451
9869
3700
2613
1234
4812
4165
8756
5452
9686
1317
5745
3467
2860
5905
1436
1961
6857
8135
1715
649
9976
5946
3720
5458
2618
7530
370
1502
7350
6159
7026
6729
1246
2407
2527
7931
8151
7391
8423
5414
1266
5582
7788
8959
2716
3946
5812
1535
4478
1917
9493
8621
5109
9068
8475
3923
9979
7154
8616
7281
3795
7254
8101
3526
4290
9016
2221
453
3377
3505
3810
9466
9711
6300
9383
4393
8157
4761
2742
8672
1718
8834
7024
5432
6665
8404
1619
2178
3932
8604
7951
996
8774
1141
1619
4011
7480
4261
4668
3700
1725
5358
8158
973
8107
27
8910
8809
9684
4081
5766
5218
4412
9944
5563
4961
229
2669
6861
5886
7396
42
6520
4772
5553
2813
691
8569
4681
5371
6913
3896
92
9042
6947
6359
676
6051
7325
6638
9494
2810
2493
9851
2838
2732
6583
8830
5578
6658
3782
4811
7400
8782
6303
1682
8838
3385
5419
5294
9336
340
4127
4313
7167
1869
5125
5370
2997
9203
4284
4178
5343
222
6391
4586
7549
6669
1934
2820
6229
1860
2991
8023
1589
2101
6495
1310
2738
5264
7521
7291
632
2030
7301
9154
8682
8180
2683
968
7606
1213
5833
6374
2373
9603
9467
7177
2391
1716
4132
2169
1450
2598
9064
7475
7349
6104
2723
5066
5373
3815
2631
7732
1682
6993
3546
3312
2921
7236
5904
9369
3986
966
5214
5016
6027
6616
5649
1986
2634
9318
8919
1022
1132
5351
5840
8033
2966
9825
1805
2578
5456
7617
5594
3791
8581
8100
4691
5379
6057
6154
4255
5154
5812
4763
8183
483
7384
4047
1448
732
454
737
2432
6055
4895
1609
6600
6330
1152
5512
346
3095
5431
3325
3912
6368
5372
1422
6435
7927
1924
269
5928
6479
5062
3765
5209
6368
7168
5356
649
8918
8377
1072
2123
4719
5184
9539
8895
6971
1500
8360
4227
544
5808
1159
9722
2486
850
1814
5111
5961
7612
3520
8807
184
4808
5952
992
1130
6400
231
9162
5796
4863
1427
4718
4359
1202
9193
1183
5833
2527
9463
6427
3563
6042
5384
670
3902
4042
2722
5518
5354
244
4687
1305
4856
2264
1939
9910
9232
8546
7764
570
1268
9198
8431
5681
4380
6441
5363
1284
1657
630
9278
3434
8149
7093
5243
4141
9424
5281
7089
7088
3678
4713
3807
5551
175
122
9861
2094
9263
9282
1951
7286
4762
8892
5158
4365
7611
9703
6290
7461
8678
1437
3860
4724
966
1253
3156
7762
7020
7797
486
3950
1456
676
6892
6554
5391
2879
5505
4258
6579
3268
2021
2374
8678
1992
8671
9256
1935
878
6530
9721
8991
9628
8409
2240
852
9082
4585
8921
6965
2099
5073
1466
8795
8001
5829
4085
2000
8603
8973
4731
4197
2031
881
5409
9416
1485
6046
8973
2581
3900
5827
6141
1266
765
4959
1828
2267
4652
5702
6308
8294
6583
7293
4480
8194
555
3579
677
6162
4586
7255
3331
1904
1798
5523
6959
8746
2999
2823
9366
3036
5611
6340
3064
6271
8931
199
8030
3041
4001
1818
7347
2901
2665
6436
7613
4738
6401
7215
8861
7906
5368
2810
7995
6644
2496
4237
9467
5241
7999
3081
9267
1829
6335
3271
2683
243
4228
8208
9262
355
5548
7635
2161
2767
9908
429
9239
5361
7910
2221
2345
5784
3962
1460
7668
2800
8344
6419
3775
4694
731
2789
5042
919
2550
5518
6566
9393
3753
7370
509
8192
7952
8505
2358
7733
649
5228
6736
2066
4997
4106
7331
5778
736
3483
7866
4875
5603
9882
1899
7808
4433
4568
9624
2758
2593
1242
216
4389
3863
9845
1608
539
1711
4152
7832
5456
9101
9934
2151
3116
9683
1708
9696
6625
5458
9263
183
9067
7651
1690
3790
3871
5470
2701
3759
3383
8881
9599
5140
9407
5011
2346
8203
5152
2498
6791
4067
6583
5651
2410
5774
5668
7730
8783
8125
2725
4871
2998
7300
3329
1058
1149
6738
2172
6054
7736
5068
9010
393
4448
6575
9501
4794
2744
8104
7336
3504
4544
4127
8667
5196
3599
3416
5241
5916
8121
6140
6687
4575
1033
8512
5882
2299
1811
8348
3862
5608
6030
9097
4761
1722
5057
6190
1202
5835
6272
874
4986
678
788
9220
326
8871
8632
8132
7459
7733
1496
6256
7932
1595
8381
4434
9360
5935
692
7201
2983
4396
4241
1728
7473
5447
9365
6945
138
7409
2213
9406
9644
7247
1154
6008
3786
1812
8186
7011
3667
3678
888
6129
4111
9774
1164
3165
3340
623
6829
5267
5142
9071
7890
590
6437
9060
1747
4879
9505
1687
7994
49
5519
2090
6611
685
441
2372
647
7547
7749
3681
3534
9305
3507
8112
7616
7699
4282
6200
3604
9515
579
6945
4263
573
9357
564
9571
4726
65
3306
7505
1979
5684
839
609
2020
3162
479
2724
968
9975
9282
7518
1461
5536
8585
7082
8325
1443
4048
596
3305
8083
8478
9470
8574
7827
6038
1327
9876
2800
5920
7481
4442
6176
1554
3621
2668
7502
5596
4536
3803
3475
2635
9540
1296
9427
2802
5036
771
3481
1246
3283
6017
2709
4199
3896
7205
1368
2035
4193
7123
9151
2847
8167
4054
1800
3075
5284
3982
4964
4414
822
5847
9511
6793
9830
5447
8937
8173
9146
5025
1002
556
6395
1554
2637
1464
1732
1976
7658
6415
1299
5466
1402
7412
4651
627
4468
5485
9496
6351
7517
1054
5807
9066
423
7435
6505
5916
4369
8449
8267
3195
2888
9168
6121
8595
6451
6613
1417
336
1343
3308
6324
8548
3114
5355
4444
2099
2142
9202
979
3452
8677
2794
7507
9948
4748
7328
1130
5202
4958
5816
7606
9208
8147
8104
2577
2234
1290
6055
4175
7855
4068
9159
5008
4208
4730
7259
5951
5067
2990
4405
3773
5167
7469
4815
4517
94
1660
6173
3847
9123
5482
6214
5377
5527
5701
7115
401
5010
2777
2210
809
6086
5026
3124
9384
9517
7786
3298
5218
7488
1376
6062
2211
552
2042
2439
1738
3331
3586
2483
573
5117
2208
5052
2372
7853
3781
9481
8506
7614
6858
941
2290
780
3596
7687
141
4345
5431
5000
2307
8361
954
6358
7746
9419
4003
4825
3484
3262
5376
7069
1424
293
1636
5691
3878
9973
751
1530
5736
8305
4791
7603
630
435
3772
1430
6956
4355
2298
7393
7900
8586
176
2212
4162
5849
7306
2953
3849
8956
5996
5244
2238
9788
9516
1996
9144
7905
3809
167
3594
3900
9264
4002
3569
3350
5727
7310
5646
2572
7868
9129
964
7983
9168
2838
117
9424
1528
8028
2667
7797
7680
6779
2308
9547
5365
842
918
1776
2286
9050
546
2130
3798
3999
9322
6174
8642
811
122
9995
7306
1276
1087
6867
4280
4255
619
6678
1878
9720
6377
5780
7500
5796
6219
2484
1693
4022
7985
4885
6392
3869
286
8818
8583
8833
4184
5169
3516
3943
781
716
7906
2672
491
6403
5692
5440
5266
1110
222
4239
9898
2565
2673
4765
4630
8002
7779
6837
4480
4620
2826
5236
3602
3437
990
2269
8284
5447
70
5450
3162
7935
8938
5660
7874
4828
5305
9816
6792
6252
8755
6875
4663
2152
3971
7720
6144
3817
4202
6182
7389
6678
9462
6161
7890
2669
9069
7053
5413
3422
7156
9819
1039
4771
1076
1962
3627
7013
6891
9802
2696
7963
45
8227
5864
5951
573
1450
9465
3269
6124
4466
1244
3888
8061
6484
8472
2776
7770
5204
5758
8251
4402
3369
9096
8935
5835
9892
1075
2008
4093
9131
6926
4400
3485
9425
6633
1235
296
1938
2096
7618
7587
2144
7298
2690
8575
7151
6709
4592
3490
850
9242
1686
4043
4445
3561
6675
9131
6929
115
680
374
7457
9175
6993
7540
6843
402
8636
9851
7237
2480
5831
3107
8140
663
2257
6071
6406
359
8683
3182
6482
8518
3243
9889
5240
357
9040
5864
9957
2103
3367
1823
1415
7243
130
2968
305
5149
1732
6749
8073
4741
6253
8370
3410
8578
5903
3781
1303
604
2725
6570
1432
7498
3891
8939
5932
7103
2299
6485
1362
2771
9893
5133
9113
4008
1692
896
533
9289
5766
1256
8626
1934
5108
1741
2265
4872
6478
6661
4454
5258
4561
9353
9378
6797
390
3917
3352
1191
7036
3201
2849
5246
5386
5302
4847
1119
9257
9402
6886
5006
3248
2014
4837
1469
7943
9497
2389
2150
6674
1059
625
5638
2031
6104
8210
540
5754
2315
3617
7774
7544
9341
2252
2565
8406
3380
6547
9806
6893
1145
5615
7076
9774
9447
2009
2547
4515
7909
8853
893
1528
1201
4517
5976
2575
7211
3214
9282
7091
4307
5365
6941
5784
9112
7462
3906
9761
2272
3063
4562
2949
2582
5256
5528
5444
3549
5863
2584
4094
5663
6025
7845
3461
2724
6246
6342
4824
6276
9989
1194
165
7265
2715
2586
5780
8674
1291
662
1985
8102
2785
2242
4846
4290
7943
8945
5944
8988
531
9026
1347
630
5188
1428
8282
7519
3479
3060
2865
1119
9082
3484
2283
1868
4397
5684
9867
2670
9748
6770
2257
5200
598
5991
2877
3782
2998
9171
4780
7300
397
5835
5744
963
9846
9534
2077
1286
4303
8260
5194
8231
7797
865
9020
9301
9959
2978
9893
2259
9078
3274
9239
3761
6768
6147
32
9197
8551
4499
4520
4308
8279
5565
721
3246
7740
1319
2021
4863
3607
8580
8366
1488
1575
4026
7403
9733
6970
3576
3823
20
9277
2521
8222
7123
6596
1982
4195
3699
9502
2880
2735
9804
3739
886
9952
2231
143
5773
1560
8639
956
5029
8651
497
4907
7751
2186
2741
8743
298
2226
4975
676
4500
5030
5757
7343
3598
6650
5757
7124
8321
5361
727
5845
8562
7749
689
4074
5171
9589
1197
2015
5183
9064
4247
3869
7724
2215
8845
9796
1453
4956
9203
653
7759
9127
9239
5855
4194
4888
6545
9123
5803
1515
2635
9668
7924
4651
6345
1
1497
8667
3571
709
1028
2960
5492
5435
782
1887
9618
1382
7805
5960
5670
3365
6157
73
8086
9434
8509
4833
9879
283
3044
2074
6211
3668
6428
4579
5945
3072
5870
8843
8299
2786
1384
8494
9624
4799
3634
3803
5072
2306
5269
5162
1318
9842
5844
9270
3510
7851
6565
6910
1492
6663
8787
3288
7664
8954
6748
1824
9007
6203
5942
6546
5512
8961
7661
2884
1980
7663
448
3286
5800
4706
9760
7573
5013
7882
756
6368
7824
7158
1068
8093
6507
8959
7350
1635
3998
8096
829
670
8051
1810
4796
8869
6363
8723
9650
2356
2181
2959
7290
5847
7402
3279
1110
6786
6903
1213
8275
9782
8198
379
4000
1848
5135
7849
38
6552
1610
6026
8885
3883
6833
9778
5235
3989
9909
891
1209
6289
8232
8399
4187
4864
9868
5220
690
3227
7849
564
4732
2784
9821
1047
2471
7671
7810
2947
3733
8514
8685
3097
745
6154
4073
3406
9013
7624
8044
7120
6876
6011
4
1985
1550
9798
6191
9135
1980
9914
7158
6810
8702
1046
1294
6100
4062
5786
7306
7563
6179
6962
7158
2694
7604
5134
7653
8033
791
6462
6207
3066
5183
729
3688
8720
2780
7835
9496
2672
1479
8674
967
3818
1356
1874
4395
9699
4860
7972
9343
3226
318
480
940
9914
8853
7309
4381
6416
2145
8158
8343
5517
3707
4092
1627
7973
7357
2574
3320
6227
6289
4633
6083
7504
5994
3339
1338
5730
739
7954
3172
2818
7118
2980
2747
4702
9788
3773
9866
5470
3453
3080
527
3320
330
5449
110
7264
246
6422
2341
2286
4651
3115
6936
5684
4397
3435
3920
5513
5971
8651
5676
4191
4985
5525
8398
726
1344
6924
8184
3584
2707
7850
2774
3209
4106
2762
7173
544
3228
4073
5483
4317
5612
886
8166
4003
6044
7063
305
6353
9853
4352
9498
4801
7403
6336
8334
4805
7051
9384
5919
3322
8237
8757
9578
6801
341
3727
1578
1634
6262
3375
2285
1897
3168
1359
8578
4099
7358
4395
4682
4281
6618
1831
3730
8354
8351
7972
5805
7769
4428
2368
3493
3844
8153
2161
6079
6854
1308
1364
3661
2316
5484
8671
90
6477
2067
7600
1633
6043
7757
4235
7447
2655
4701
1638
6703
6406
5026
1223
8450
2369
7922
3808
7205
3894
9882
8440
3744
1007
5280
1724
2791
5993
733
2366
8796
7947
1740
7252
6287
750
6338
9761
12
192
4921
837
9143
6515
5457
9672
1828
84
2914
1292
4394
1676
1465
6196
6595
3627
3856
626
763
6033
1444
1453
1921
2335
2842
8756
4666
7773
4936
7699
6030
8160
3796
7013
8973
9044
9297
7228
5549
5608
9895
2706
3078
9441
7971
7120
6481
5543
657
2660
6894
5711
8998
3978
8747
3467
8915
6807
3672
6701
5005
4054
5148
5215
5261
6234
7879
4452
7223
7550
4329
6627
5077
5154
6137
8738
8374
2480
4363
5722
2274
9123
7116
2275
804
319
9161
9817
8265
5505
128
2489
3556
8848
603
5841
7558
7863
4179
1737
9240
2029
8319
3106
8330
266
634
3844
7841
9
5093
6435
2444
7950
4426
5881
6938
2872
4410
4942
7072
8062
6186
1718
7422
1840
3071
6228
4550
296
1180
511
8300
2626
6481
245
804
4009
3945
538
9684
5317
1976
8256
411
3693
44
5605
4422
4722
8902
4685
3452
9237
4664
1178
5843
6600
5684
6489
7195
4405
9293
7544
8829
4582
8135
9818
1468
4180
5077
2928
8926
3872
5257
1755
6085
7929
1306
3728
1796
7465
1806
9828
1393
6494
7058
9063
7961
5303
4402
4203
8325
7456
3342
5279
6023
4431
9427
5829
5558
226
4136
241
9644
5974
5758
9579
3979
2909
5092
7913
5294
1955
4693
9729
2599
9465
6150
2334
7523
9071
1856
6165
9778
873
4602
1470
530
9978
5731
1653
8502
5476
8170
1569
3328
1564
183
5419
735
7478
5083
5051
210
6488
8909
6369
2762
3612
2679
6558
8281
7092
8306
6486
8370
7971
463
8771
1371
4287
9049
4001
7178
3438
9411
9817
3785
3124
6400
1035
9281
730
1598
44
3988
6804
5954
3289
1963
8232
8708
6917
7298
9172
3372
1409
7170
1684
3199
5357
1100
1412
4047
6448
8429
1081
7873
6772
7077
9092
2584
9638
7211
1644
7277
7550
5493
8261
2497
1565
2016
7174
6807
3138
5579
2132
6702
8005
66
8001
2646
2100
9925
1043
9934
7869
6682
5150
1615
2907
8931
9182
6212
2871
5647
9069
9705
5654
1895
5821
5916
8909
9187
1633
3341
3926
4604
909
868
6296
4378
9868
6705
9075
6446
484
9713
6168
1710
9408
867
342
6645
9590
2633
2833
961
3936
7491
6509
2426
1048
6109
4244
2085
3736
2913
8291
7701
6007
3264
5773
4282
5319
8528
9063
2477
7136
6425
5163
9356
3537
3943
2487
4953
5573
2264
9596
9000
507
2964
668
3417
4358
3870
3329
3758
2461
6989
2709
7570
1422
8466
5702
6143
5094
6060
1326
1061
3570
356
3824
7511
2327
7153
8889
7105
3622
9290
6512
1472
3316
9290
7194
3043
2596
2355
9923
1448
5198
5304
16
146
3715
7592
7934
5070
8241
6343
9859
9512
937
8535
5430
151
9139
3157
1090
7205
4980
6224
136
3170
477
1237
4254
2131
1272
2659
3547
2738
6137
9877
5862
8265
340
3677
3795
4735
9219
3818
8863
7278
9430
7000
534
4781
3860
7042
3903
9439
1265
2718
6467
8974
5168
6845
9669
2477
3338
5802
3797
5582
2796
7121
3375
1060
2673
7164
9811
5461
9361
6355
7985
1161
7360
2858
3739
3477
702
9472
8270
4230
8755
4108
1472
3418
3409
6888
3096
3494
4008
1318
1396
3416
20
3281
4481
2309
3625
9474
2108
6695
7231
8441
77
4910
4732
5306
1613
2310
3106
6192
1774
3865
7531
9567
6826
8688
5649
9956
7650
5784
4067
6316
1453
8042
4958
4569
1140
4079
8376
1430
9851
1228
7364
1574
6998
314
4030
6561
8686
8103
5274
786
388
7815
9543
7530
5885
452
6455
5793
6660
3668
1823
6323
2628
914
6987
2035
9952
163
4165
7533
3934
1676
6340
546
6501
5956
2569
6511
4657
9087
1269
9546
510
3281
5928
3637
8499
7428
8683
688
7624
2582
4770
6182
9405
1041
8946
6083
3326
1995
6609
8523
3938
7740
6852
8711
1475
8997
1029
9928
7883
9943
1136
7572
2399
2276
5812
9346
4986
3350
3535
2523
1479
3477
9909
1351
6906
157
1140
5459
7010
6485
3185
2662
2477
2746
5608
2769
6429
7216
2162
9502
6398
8755
2804
7680
1446
7197
3783
7128
5228
9599
1097
9976
8460
4085
7043
461
7831
5500
1805
1317
7856
5570
2918
1398
6758
8473
5094
9653
6668
3043
2917
7769
1187
4032
6125
2724
672
2228
9905
9708
6374
4012
230
7410
5387
3208
4202
8392
5702
5146
4937
928
5411
844
1646
828
5836
1406
922
2972
2102
4130
460
2184
6682
3328
8788
4427
7960
4319
9788
5602
5594
2096
4943
3843
5339
5508
6010
3549
4271
6702
3950
1521
8106
1988
2357
343
2386
5297
6887
9266
1306
6932
7605
2243
3552
8045
727
2059
4419
9775
431
1383
5357
9334
5334
3315
5901
7802
5488
328
5395
7372
8701
5400
180
8938
4078
4693
970
8445
2040
2663
7432
522
4296
8661
4490
2700
291
7293
4780
3950
9129
4496
6271
2567
6163
8771
6654
9042
4441
4583
9808
6558
3871
3933
8231
2205
2063
4613
3966
6033
1089
5974
7734
7768
3951
4835
5038
6672
8824
3200
7510
8195
5548
1445
8243
4205
9129
7613
2774
5307
8039
1927
4003
7456
2855
873
6651
363
430
2284
636
5677
3326
8746
2860
3155
6762
8502
8616
1327
3732
9982
217
1240
7073
1613
1010
2425
5690
4026
3076
4450
1838
8659
7994
9162
1970
277
4913
3077
8184
4674
6241
6539
2564
1832
4868
6801
8584
5087
7442
626
8997
1447
1574
8057
1709
2762
383
1242
9863
4225
4673
6404
9208
6186
3839
4667
752
3698
1185
6484
3589
5538
3143
9058
3740
3678
8676
5240
6744
4209
3841
602
6583
2450
5453
391
7084
9937
7452
9207
9893
3670
3214
3959
0
9837
7331
6378
7993
201
6049
4885
3902
957
7036
3458
8304
2516
4316
8031
4086
5143
4497
5654
383
4070
9820
6758
732
3447
7583
814
6245
1977
6591
9918
2324
9183
9057
3902
6346
2298
7246
6543
8159
8956
6700
5625
5413
1995
2087
4567
5620
9421
5121
4749
9173
7559
3576
5929
17
573
5645
4545
2617
5234
8639
1925
4366
7117
1133
9120
3458
413
1685
1787
7897
7954
7494
1426
7370
4194
1344
8737
1360
3015
5194
6824
6855
1841
745
4764
5606
3127
3885
5773
6653
2700
3925
2925
316
4775
1259
8295
861
2966
1109
5207
7736
3334
6852
1219
65
2149
8559
5822
9228
6907
3185
9602
40
1814
5069
2524
6372
6369
3514
331
6527
5911
5134
5196
4028
4568
1110
2595
2935
3049
7876
8393
1905
9986
9088
3521
4989
9526
4698
3457
4568
8063
6544
9745
9514
4322
2885
8501
9705
8734
1923
4491
9452
778
8679
1824
8199
1655
7190
5496
1039
5964
2886
6178
9031
4791
7696
53
2726
1548
7534
6846
1670
57
5762
8464
9366
5389
5681
9705
1683
2608
2889
4201
1126
3385
8941
1127
1306
7264
5321
3334
2335
9202
2417
8604
5176
365
714
4723
6626
2831
5775
8157
1199
5077
2821
9395
5015
215
2457
2810
5973
7484
3813
8430
3074
8685
5052
5646
5850
6568
8746
5462
6226
4200
4510
2468
7639
7158
3287
9001
4675
958
3079
8851
6832
4732
3001
6049
564
9546
6112
1091
4806
2511
7361
4851
5388
3986
5529
6491
5313
5068
8873
57
4085
313
1931
6999
566
352
1756
7856
6927
3456
8134
5014
4405
4961
1598
8341
5684
9003
5082
6303
456
7654
655
3714
6839
9658
7079
3652
1628
6796
3687
9606
2085
3022
4766
6519
2801
6001
5482
211
7790
8255
4163
1350
4376
2346
445
426
2388
7188
806
6310
9986
2569
9600
6430
9657
8216
160
908
3272
8103
6227
131
9768
8528
2929
1383
195
5078
5540
9682
3520
4870
8513
2200
3491
9305
9337
4493
9213
6653
1263
4440
5989
7377
9620
9515
3421
8336
6861
4584
5841
4574
6938
9686
2027
4032
1581
5848
9417
9062
230
7310
1648
1124
2789
5115
4056
7399
2939
352
8879
5667
1694
6619
6840
1787
4142
2391
8907
3413
7961
1859
8216
955
3841
8946
7931
8826
173
9458
7724
3488
5075
150
6422
3952
2792
4865
4587
4505
5459
6021
5397
6509
5705
174
2879
319
2846
240
9890
9189
6941
6003
1100
8371
9093
692
7283
3842
7183
5229
7226
3480
2628
5390
591
1543
196
2887
8994
9276
7803
4402
7953
1940
6462
1707
5249
3666
6067
7612
5980
9932
9568
8534
6547
9071
9050
8051
4859
2099
7582
745
7321
229
8795
1916
3881
315
9583
1335
122
9958
1246
613
1386
2539
8050
9160
1908
7385
5443
3616
7775
9571
9249
7294
3911
4094
8843
1519
2493
2145
8028
6894
1694
7058
7081
7723
3144
4545
7826
4933
4083
4731
7489
6022
8686
8955
7148
4008
1021
9889
6142
7473
6656
3965
2969
7749
980
1501
8005
9787
1472
8063
8842
7977
1930
4351
8918
4327
5457
326
6015
7362
9559
509
9532
3044
2082
3226
8607
4956
6945
4835
497
2603
6002
554
238
7728
4089
9331
6742
1643
6540
8039
3461
6020
5889
9512
4091
4334
36
2820
8550
694
3874
8779
7914
6146
4433
9924
5666
7753
2893
3049
2841
6637
7565
6238
1974
1376
4113
1190
238
6126
3583
4372
822
1520
7047
3512
7155
2569
9135
4272
4919
4124
6284
9802
8729
7222
2640
4091
3295
4164
3664
8988
8750
3490
5198
6824
8454
9650
7538
2715
221
8846
2582
2424
7111
9502
7957
6394
9099
921
2769
3096
8618
8620
8129
8716
352
7762
7509
4751
8735
21
7894
6073
2461
4594
5621
7331
6321
223
5058
7504
5031
6419
4051
6073
1542
3860
2691
9227
9265
6246
4992
2374
1394
567
369
130
5361
6481
6471
691
2141
2786
3979
200
951
6508
9962
2516
3880
625
72
8875
5862
5265
8065
2199
4569
2056
7174
6491
5070
8281
5485
2489
5029
5520
4679
1893
4224
5491
1970
9840
3751
4366
5363
2245
2439
3850
5121
5033
3897
175
5346
8639
6174
6116
6511
6129
2502
8170
5561
3304
9307
9980
5620
3859
7300
1490
5170
5431
1829
8069
8291
8389
8654
231
5123
1496
9902
5819
9760
718
6934
2140
2593
4895
2935
6846
6315
8912
9009
8550
9390
6054
9929
8665
532
3771
8746
1503
4944
949
8680
9690
3203
5828
1884
6957
9984
5942
993
5015
6226
6683
8409
4843
6370
7167
7386
725
924
454
5174
6258
6422
3279
8679
2236
8459
9989
9699
1352
2750
8398
874
8811
2037
7244
8936
6765
3010
5978
6861
373
7919
3994
2323
2706
7644
5086
2295
3365
6384
8020
579
4490
5774
2422
3268
9924
7148
9647
8497
9995
6242
9641
2264
7828
5808
9598
2805
9125
8230
621
7714
4945
3593
4801
8338
2428
955
5972
4591
3373
7693
6333
4967
4729
7819
6384
3036
9615
3976
9012
9616
3362
7480
6865
4130
8277
1729
4495
6898
8045
2280
3170
5135
5762
305
5633
896
973
4083
840
8968
1175
5056
5123
2302
9909
4673
7534
9
9423
6562
3190
5149
9218
1004
4352
7464
6727
670
60
698
6460
9074
6546
1092
4523
1198
9205
4424
2185
5487
2062
5531
3135
43
8440
8306
2357
4562
4221
3604
4194
4486
7474
1483
9090
8020
5916
4757
5953
8168
4168
303
4022
141
2508
2101
8510
4031
7779
8710
5468
3110
7823
3936
4499
7658
2013
9175
2564
6045
5107
2165
6449
6456
6504
1974
1599
5062
2001
6502
5281
4447
8470
4017
1318
1759
1509
2994
7534
6339
9796
8325
6782
5510
8136
1083
6662
3538
6984
1432
6006
6741
2193
9907
3060
2003
3853
7566
3636
534
502
3447
2030
1277
3428
1020
4640
3806
2617
2739
6148
9019
1640
6225
6249
6782
5382
938
8319
5420
5311
8061
8078
568
495
8539
2253
8562
956
9315
7906
3943
9357
7000
5837
6348
6295
5505
2082
7115
6442
2856
921
4244
5284
6987
5101
5968
3658
6278
6621
2915
9246
8216
5222
2440
5369
1461
781
4889
8767
6078
2849
3302
4833
2205
9661
4640
387
9900
486
9876
8856
1204
8978
2454
7139
3833
5284
3508
3438
6285
4903
4678
2694
4990
4696
1141
1777
3396
979
4833
4724
7192
8348
364
7
7619
9411
3078
7325
460
5580
3758
5791
6744
4059
8041
9237
2768
5301
1535
6177
7273
1450
2482
1174
8171
607
9843
7508
8520
2863
6991
8920
5653
5152
1663
2856
8613
2447
9520
4422
2205
6182
2977
704
1144
8887
5949
930
6655
1903
9009
8095
9443
8656
7451
5742
5865
9190
1836
7011
9568
5569
8805
7597
8588
4838
138
1592
2396
5185
624
320
5780
7113
3971
1090
8473
1777
29
9283
4658
8912
853
6616
3854
8896
9476
6996
7700
5921
6990
9422
611
2509
4854
6635
7376
5379
2115
6306
8749
4357
8534
1470
1278
8688
2314
2330
4685
6360
7269
4088
9160
2552
2352
655
4716
2189
3743
9691
5362
3141
3891
6475
8194
1201
9709
3270
2259
7335
3714
3093
9661
3723
534
301
378
9383
5337
5165
6582
7145
2311
1340
8651
2902
262
8059
156
4198
1919
5187
1636
2423
943
5607
465
2059
3275
76
8979
9043
71
7349
2646
4175
4427
5436
2017
2051
277
5332
6851
8578
3109
8216
830
2551
7823
5292
939
1650
3114
8060
5416
8526
1457
7237
2779
4927
9835
8319
6107
5260
6186
7538
7074
4961
8693
4475
8474
4825
6041
8105
3920
6586
8335
3058
9314
2727
4776
7914
4235
7983
9137
7328
5929
2010
1933
4119
2718
7189
2656
7090
2215
1958
9225
1590
2391
5571
1141
5869
3857
3347
6817
6113
5608
5008
4139
8829
190
8398
7923
52
150
1921
4083
8124
6123
8857
1608
5064
3027
4573
1756
1285
2168
8950
5889
1962
7361
6745
666
3742
1585
8907
4056
888
1165
3023
1719
920
7870
3103
3928
4320
9266
2604
6940
294
7875
1101
5467
3533
3962
6077
2841
9283
1590
5532
3944
6658
9119
2177
1468
3445
7732
4180
8466
1242
7864
3195
6958
3099
7137
688
7193
9924
645
7436
2018
9564
2010
5595
4087
6259
1277
7132
9780
5508
6066
4773
9297
5633
9079
5061
1801
5692
1634
483
6587
5085
4138
5697
2429
4680
4142
2367
6395
3274
8883
2916
8638
4153
3513
4380
4647
3523
8090
5209
2167
599
4400
2958
5176
3091
3897
1324
4020
2075
8886
1501
8289
161
849
6932
5426
6313
3166
9406
2116
8910
736
6505
6624
3149
6134
5143
2119
4698
414
8278
7602
6425
8315
5988
685
1179
520
9338
782
2818
8347
4320
4387
7382
4627
8476
3304
6580
8954
8334
357
8683
3092
3257
9862
7894
6333
2027
6956
8753
9204
9321
1661
608
3899
1864
1846
4861
6247
4246
5792
3828
8624
9298
563
6416
2118
9241
8522
7658
1839
5538
5744
2080
7920
8918
3333
5058
6125
2790
4846
8493
2381
2029
3613
9025
2658
3778
3483
2762
6629
8443
332
4707
2542
6529
59
3793
2694
3445
5775
7092
3505
9298
6913
3665
3577
9581
2688
4980
8530
6788
8735
3457
9400
7298
1446
6594
5684
1538
3758
8340
5757
5759
1028
3396
5206
1036
9538
1391
8858
9539
2363
2679
7014
7753
4988
3082
5115
9947
5448
3077
1090
8503
4231
9841
9707
6875
5307
5243
5082
3465
8108
1156
9687
7435
1334
7745
8269
3517
8459
2540
43
1296
6122
8991
4424
6055
6443
1646
2309
8363
1479
5737
6089
680
7250
7254
1527
1187
3688
8330
5729
4294
6308
5393
1430
1207
2992
9578
6418
7242
4813
1597
1488
2907
3034
9793
2380
5240
5416
3652
432
3660
2933
6718
1986
2371
5066
9007
185
4080
6218
7082
9829
128
6811
5748
4988
729
7560
3216
3063
6864
5228
5067
3550
9881
4248
3182
7645
7457
4874
6286
5770
36
7898
2068
1360
9590
3407
9058
6141
3984
9393
2338
1024
7730
1768
1359
6096
7286
4805
1651
7680
2200
588
3567
8432
7866
3167
2104
8123
1884
1361
2728
9206
9931
1312
9792
2230
4742
4387
5397
7322
8501
7074
9078
7471
2889
4043
5820
8112
2889
7085
359
2651
3223
8606
3570
9447
4331
3635
3494
6422
1302
935
4257
2622
6665
3132
1092
6417
1975
9129
1353
2898
9407
4328
9178
5125
1509
6096
5543
3823
7347
3992
5233
4798
1002
76
5983
1325
7742
344
7899
1107
893
8975
6019
7565
2816
6455
805
9757
2950
9402
6136
3760
5731
7461
3244
8894
9427
8444
7938
8234
8091
9670
9074
7310
5702
9459
1620
6588
7149
9766
8675
1630
1229
245
2004
431
8309
1613
2308
5053
5290
5786
872
7945
7855
1472
9066
3540
6831
7088
1897
9297
2406
9664
3015
1223
9901
8709
1863
3357
4835
4217
2607
3183
726
4506
2530
5485
5456
2813
585
7814
6135
2884
2944
2305
8798
1129
9455
4229
392
8079
9757
60
7869
9377
9224
1565
7230
781
530
9599
9749
8951
218
1073
3178
7688
7218
3349
8942
3580
8084
4018
6503
4082
3162
9521
6720
710
2425
8771
9254
7633
2964
6755
4459
2547
5314
1348
5281
965
8255
4675
2282
985
8064
7184
2666
1870
9127
1109
3910
6106
5287
6812
9995
5738
3556
3786
6215
9702
4845
6520
8356
1758
345
2116
5986
3463
6613
630
2374
5869
8067
7977
5324
3408
1736
5518
6017
5977
6855
4849
1582
1315
4860
3148
2345
6152
6759
8721
8990
1527
5132
5579
6119
1735
6318
523
639
5948
1197
9203
5256
8496
8734
8040
8038
7310
1487
6586
4002
8038
7769
238
2846
9995
4937
7040
6898
7197
9771
9834
6703
7892
1640
846
737
2487
1857
3588
7090
1212
4878
69
4780
7652
9592
3085
2581
6819
5109
5035
4665
172
4718
952
3758
4894
2732
6124
6798
9277
3625
3442
6177
1363
2499
7364
6856
7887
7303
5550
5453
7898
9496
2790
3160
7699
5458
5194
402
1851
4459
78
2088
4735
5168
6531
3173
687
7088
5842
9755
5733
6790
7812
7586
1435
3892
3416
5153
2228
6229
4693
9515
9558
9581
6767
675
1928
7792
6058
9436
7537
5721
4946
4818
3547
1354
1441
6194
5967
4191
6168
798
1461
5795
9720
1107
1684
5203
1724
3807
2041
41
8174
5622
9766
562
2529
5154
8401
5855
1245
2895
1030
6406
2217
11
1844
2994
4039
81
2450
7221
9185
8036
60
3894
8054
3762
9861
5659
8991
6724
6068
2250
7395
7496
7546
9324
5051
2985
8824
6287
7793
111
2946
3273
9768
5055
3578
9708
9263
8690
1164
1642
1357
4819
856
137
5562
5872
2507
8766
5292
2742
6864
4520
6827
8780
9010
4720
2465
2520
7942
1053
1256
6163
9428
9073
5090
6787
4126
2999
184
153
6395
300
5559
4425
893
2575
6640
7408
3761
9179
477
58
994
5051
3246
8425
6445
987
6044
8857
7243
6743
748
110
385
5193
5391
1782
5047
8774
1746
9508
8582
5139
6346
6563
8960
2401
7887
6435
8080
5057
8758
8762
576
1198
5169
4377
5826
6665
341
3138
6955
1326
2910
9652
9552
5448
4039
5699
7183
4857
2361
4986
7433
969
1475
5854
8704
6683
9465
4044
3100
9608
776
2186
7985
1985
9534
9187
24
1014
5955
8382
8433
8607
2553
7255
2229
6693
7011
3511
8362
2187
9252
3223
2695
3771
1328
9607
9722
9314
5672
9143
7200
6297
37
7346
550
723
1667
7566
5914
4852
5675
6169
8901
3979
6553
8825
8416
4220
3625
2010
9671
5953
5681
912
356
7553
9490
4213
657
9927
9464
710
5341
6812
1181
2136
8570
5206
6705
1505
5026
9444
7597
3509
6512
3082
4321
8716
7217
2502
1191
5502
5688
3661
9471
1246
615
9124
6990
2996
1233
7453
6909
5987
5388
4964
827
2089
2797
4416
255
3209
7515
2119
6984
227
8356
2172
4400
7273
3232
773
6995
8154
8735
3962
5021
1680
7340
9935
1521
9445
8216
3709
271
7572
2534
1609
8121
1548
2255
2232
5919
2801
2247
7981
7986
3569
6676
9243
2890
8442
4724
9716
9763
460
457
8755
7251
1425
9943
9147
4748
2862
2895
810
4993
3806
1847
9412
7693
6746
4050
2852
5018
1000
4854
4194
5907
754
5975
1452
5003
8097
7044
3078
4720
8499
3945
9811
7114
3778
4357
6695
1604
3107
7483
3056
9905
1436
2988
4180
1721
7264
1550
6143
4392
1872
4698
8763
5605
6263
2848
6497
5449
8490
4144
6651
5817
9817
6089
6493
9861
2036
2297
3914
2389
7354
1247
1910
3516
1797
4289
4470
7765
1794
9730
7738
6546
901
8685
2847
3801
5181
4206
851
930
7860
1246
3114
8963
832
7239
87
5346
6495
4319
9685
4966
7635
3754
7037
625
2787
5247
3808
1973
8377
8731
3655
8759
6405
104
4916
1131
3242
2691
4679
7829
1446
2984
4528
6108
8132
2947
2684
4558
4201
9124
1270
7475
45
2771
8911
7146
1648
2222
1014
9934
398
8877
2552
9128
7591
4354
2557
727
2323
8956
2104
3803
9639
1855
3520
4651
9225
928
2492
9839
2562
9250
7772
9253
7461
6179
8714
3634
1193
7769
9483
1019
1676
4745
7431
2568
431
5400
8517
3778
390
1957
2235
5244
7019
7467
7835
8190
9250
4259
7920
719
9729
1175
7371
1148
1104
3299
1667
1411
5640
8923
9533
4553
9473
1084
2126
4894
4423
952
4219
3825
2410
8714
9448
605
7014
2527
2234
9994
8344
523
4383
6933
9848
8763
1290
501
7373
6283
1463
7132
3733
7106
8137
1467
2423
7681
5771
5934
5340
2940
3766
8298
40
4095
8308
1014
1727
6766
4133
8577
1065
1672
3067
5116
4540
2599
4704
709
9794
1625
7521
8139
9488
7086
91
5304
576
7980
8181
9333
6756
6299
4653
5403
6757
6084
6893
5752
454
275
8774
607
2150
2886
6067
2060
4039
3021
6927
9823
2977
5061
6140
3715
5419
5626
8810
2953
4004
3004
437
3746
8584
4799
1820
4765
7019
7663
8359
8455
5706
8951
255
9518
2851
6913
5989
6601
1019
8030
1265
7555
1053
8358
6355
1694
158
938
9983
1130
7274
3939
1748
7450
9837
5028
2022
7350
1065
1301
5041
6375
4661
8471
4117
4025
4806
6621
864
8505
9637
2208
1934
5973
1738
2882
2692
226
8443
126
4606
6081
7680
7229
1181
1767
7202
2805
9681
7822
4890
8638
5536
9717
