8625
2728
6023
5655
2674
3744
441
345
2222
4682
6790
6524
5536
8522
3051
5409
6882
9403
8940
7951
6878
7972
9991
4247
7541
6734
1958
8803
125
9500
1813
1224
7000
4003
4817
4406
9297
5008
9795
3723
3356
9343
2511
375
2656
7988
2139
6865
1139
3182
935
4273
3330
4823
517
652
2737
1776
8114
5939
1786
1637
219
2721
2868
5565
9524
1532
3704
8645
6112
1873
9607
5216
4594
7535
5461
9615
1590
9552
4594
5092
7664
6943
8565
7540
7894
2176
3485
4165
1669
7521
6894
3855
1937
1719
9124
9790
7506
7091
8464
607
3161
2494
7070
9061
4665
8113
229
2982
5190
3121
185
8562
1345
6693
3973
3276
4156
5328
7670
7347
8046
9539
6976
8591
4979
5752
3278
2875
8410
5671
2108
4499
1087
3987
1931
5169
9873
9503
2874
9781
1947
503
8974
8547
7335
8332
2510
5244
7745
5847
5633
2178
9420
1116
2560
3622
5517
8478
4082
8913
4834
7354
4571
9519
1012
5685
7474
7357
4761
8803
3403
4652
2453
7889
5400
7543
564
8429
1255
6647
3242
8034
5129
2563
37
9930
5078
9970
1427
8309
9651
1394
5421
3961
4946
4592
5931
9455
7534
1650
857
5153
483
8941
2444
981
9724
1531
5716
5016
3058
7088
7223
7434
5671
6800
2224
2008
9481
1082
606
7503
5929
6452
9151
2009
9231
8492
2942
807
1612
1108
894
9605
5789
8088
7551
6187
118
9056
205
3547
4254
6411
5250
2563
4170
7987
8290
8146
2368
3922
9973
6452
1043
3354
9223
4030
9790
435
1749
1232
8589
4908
3404
1949
6194
7618
1644
7582
9249
6037
1889
425
876
7059
3248
9518
1201
6588
7838
1244
202
4795
8439
7689
1135
4442
8561
2435
8865
3520
6397
9683
7306
8973
4958
9345
3006
3301
6368
6551
6342
708
8897
6330
2033
9548
5575
3983
105
9705
2829
3201
2596
505
1030
3793
6469
5715
813
1751
9056
9208
8716
5728
9639
2206
3118
1903
2101
3903
6511
7899
219
1287
4901
9493
5898
2108
5656
1587
8866
4578
2329
9160
691
3196
7087
6801
7942
1164
2876
7291
2487
4616
7495
7134
1991
3168
6691
9826
6429
3672
1882
6202
3193
4929
2981
1309
5603
1536
7895
4360
59
9226
2884
4478
6879
9556
5037
6443
5119
6317
3960
936
1026
9220
5412
5603
3792
7767
7502
2729
5417
5829
5157
5194
2695
6126
5967
5761
214
5777
1197
6406
3269
8515
7231
3260
1732
3016
254
2434
8131
248
4707
112
9712
946
5175
3972
9517
7378
7517
7836
4033
5166
8943
4230
4069
7690
1782
753
3589
9275
6228
9341
5119
7553
7667
2511
1988
2151
3870
775
7512
5067
4597
5169
1121
5045
5482
1749
950
1994
6244
2836
8260
3361
2372
8103
9571
3001
9191
4041
1233
9501
8845
8856
4019
5365
4993
2158
3279
2664
1983
7366
3507
6741
323
8966
568
3774
3108
9024
2208
33
9802
1594
3030
3392
1080
1758
5181
9563
2939
8987
2959
9829
9541
8011
6222
5741
1149
5755
51
3323
8469
8286
11
8878
9329
1518
3037
3406
7534
5797
9893
167
1833
1200
9698
7251
5825
627
4285
3234
6977
3715
9724
2996
4406
3678
7200
2312
2744
4827
2624
7352
8972
8884
1563
1516
1583
4152
4062
9561
8720
1774
2029
7142
9093
2791
7995
8341
8312
8970
9916
522
1470
6817
6346
4754
8561
7015
4471
5651
4318
725
662
2707
3172
2541
1195
2949
9636
8182
5668
1672
6564
4723
4513
5202
1686
2582
3902
1614
5682
8858
3999
3773
4910
2102
5881
2155
2537
6809
2954
4567
9680
8411
5243
7995
1111
9321
3969
6552
1596
5046
8705
129
3302
8243
3957
6747
2303
1143
3068
5979
3112
2856
9968
5460
6725
6889
7796
1070
6659
9040
411
2827
5228
1100
1991
8152
9479
6518
4091
2364
8612
7349
18
635
153
3870
470
6666
8144
9133
9852
1394
3740
6975
1455
6823
8443
9782
1270
4222
1524
2898
9892
2556
4634
5877
4901
2202
6251
5805
7267
5784
7052
703
7366
5763
2838
9332
5306
2855
6418
1130
2925
7526
9187
9017
9086
8252
9645
5168
9709
9697
5247
9868
839
5713
7457
7461
6001
4275
8968
8268
414
2339
1865
4067
4341
3037
9608
5691
3984
9110
4475
8415
7803
394
9973
2366
3368
5617
6791
6649
2557
1083
6095
7570
537
7183
9863
1652
8306
5376
3331
1031
3886
8150
715
586
5660
5120
4676
6049
8643
3953
1183
599
5221
6832
2064
445
5740
5090
4093
383
7483
2319
5711
9330
6243
4295
3529
7157
3173
7956
7385
8607
5778
3444
4528
9653
9679
9386
6705
8247
940
742
8005
8604
9900
5496
2349
3705
5119
9418
5911
3215
1283
2947
3547
1567
2438
1384
4343
1365
1590
7518
2876
687
6567
2575
4820
1776
2303
2410
766
6354
8385
5845
9443
6741
4314
7107
9430
746
1945
9824
2038
3754
2044
4170
7324
2830
9896
2961
7214
8294
5043
5340
6656
3422
7865
7317
2036
7325
676
572
1401
2708
8652
9557
4830
5438
3504
6806
7253
5331
1954
3596
9419
1765
5479
9121
8643
2396
5250
1990
1880
9341
5196
2471
1310
3044
9188
6020
8875
6996
5070
2105
70
1372
8422
9330
5102
2487
9340
1886
9325
3089
5708
1883
6340
1446
5920
4891
7942
8744
8674
9640
2074
8685
8692
2060
7512
6180
8246
1785
6249
7484
7930
256
261
9848
3525
8047
3343
6149
4019
6156
3056
3364
2665
8790
3632
3313
6131
9864
7123
4297
8077
131
8322
5430
30
1385
2680
6362
1818
8921
4240
7554
5636
1840
5159
5452
1621
6491
7921
7873
1547
1793
4724
2518
6583
8709
6020
9901
8427
4199
49
8382
4661
1951
9406
7799
1934
4831
9818
2140
5367
6980
4331
5097
1915
5501
7727
824
3631
8180
1691
9639
1942
9250
2749
6284
5407
5803
8846
1320
5364
2778
7934
7619
8872
5858
2892
3685
2434
7359
3517
6789
6673
5780
2506
4567
7462
9626
603
1082
982
5196
6270
246
2507
409
6439
5410
9201
3122
2392
6130
5985
8497
6776
2588
9046
6712
6225
6056
2608
4042
8390
6271
4662
4901
2965
6162
6744
8182
8822
5780
5200
7763
338
168
6508
7687
5111
8462
9419
7481
4483
9311
4967
7387
804
8176
9004
9917
5520
749
3401
4546
8473
6939
6805
9998
5583
7605
7443
276
8666
1019
4299
6611
929
8221
8158
6607
6079
1358
1600
7762
6637
5126
9558
9078
1303
7275
4097
4789
7158
6826
2661
8072
2378
654
9290
3398
3362
6510
2103
7506
1019
9142
8815
3464
5011
8356
6457
2582
18
2396
3838
4162
9149
5639
7908
3346
7381
7727
8694
8308
3508
2654
3118
1839
8357
6227
4232
275
8931
4759
3244
9569
9254
4094
6743
7495
6311
6094
4066
2947
817
1514
4771
4761
2988
8499
8923
6739
2746
5943
6017
5635
7815
3795
3997
8364
6023
6975
5107
8784
4123
6182
3651
5258
9151
4268
4908
5054
8895
412
7035
1286
3661
5747
7490
1993
7882
8357
8851
9858
7304
7493
7528
2987
8741
7609
1753
5459
96
8378
1472
9335
987
5281
8824
4634
7862
9512
5609
8719
3590
3868
7844
2333
8907
4730
1973
2068
6304
2004
482
7666
8124
5249
1480
6629
8653
664
6517
1541
2514
9449
4958
517
8940
7700
299
8379
6922
2855
4131
8370
2747
131
6267
3435
9649
5195
4079
4010
5636
9685
9154
8092
7896
3805
1210
5738
3800
2194
5980
7197
2995
4067
6205
4141
8910
7326
3392
1207
4431
3594
5145
3448
7872
2112
4919
7993
8982
8045
6980
3458
6585
2506
5905
2829
294
6865
2620
5135
6490
4561
4578
4728
6875
6933
5374
8679
3926
2125
4525
2322
1802
2871
9579
2041
4540
5706
219
5784
8886
3216
6755
5755
5213
2522
612
488
8161
3375
3847
2044
4706
8257
4717
9869
9015
416
6573
939
6737
6239
4067
6856
3519
4658
1656
3713
2927
3864
8289
4587
6645
6836
6248
3273
7805
8822
9515
4352
6320
4886
518
550
8277
2480
7616
3544
8154
9709
3026
4123
9133
9280
9047
2647
9148
9899
2236
555
865
6899
7561
4297
5086
9259
5398
7869
2009
1443
2063
192
901
2220
4619
1851
5721
3517
8579
1039
7042
8111
5558
3217
838
4165
5454
7365
7789
3601
4125
7906
6586
8959
3486
9421
7325
6220
5463
9017
7081
9746
1535
6711
7645
2833
3221
6912
4661
7196
6926
5631
1319
1197
3512
2753
1340
4343
3459
920
3805
8033
80
8407
7317
4157
3606
1941
8733
5197
4526
9500
8053
9562
3957
7296
6576
8846
5571
8004
944
8542
2704
593
6675
8494
6587
5389
5447
732
8080
2981
2761
4543
5212
9048
9665
3127
9393
3488
9226
1279
8178
9463
2669
7425
7577
1757
7239
6216
6177
2494
8771
5454
9976
5262
5328
9487
1732
8823
7570
8216
6494
8000
7117
1544
6739
3510
4349
4909
7630
3449
9453
2083
8777
9664
363
3241
7923
9250
916
4829
8149
9230
4555
5585
4210
7306
4566
9949
3719
178
1394
569
5918
1009
4785
177
2345
1125
685
4066
7407
2330
8586
2728
3040
6688
6676
311
4898
2086
1564
2482
7907
2740
67
7264
3445
1531
7334
9433
8943
4400
1189
7452
2054
8883
6164
7768
4879
186
896
6797
8564
6849
7422
5819
643
1827
2545
7521
629
4255
5050
1632
8613
8912
2662
3178
942
7520
6732
813
3791
1252
5123
3007
1141
1134
673
4157
524
8908
5432
4712
1190
4766
3918
1057
5318
4247
6620
1617
8986
9812
8803
4688
9349
9556
8838
3141
6220
2985
6825
7358
3454
82
3006
7311
1726
4414
4677
9509
1153
8387
6997
1721
8822
338
442
3847
4994
1604
7860
6694
900
5114
1826
3978
2449
434
3658
1584
2295
7531
7936
7538
2083
8073
1258
1107
1759
6606
9331
903
9570
7110
464
599
2814
7082
5865
9010
9114
4990
8147
4616
5125
130
6458
8339
8256
9027
4862
1291
756
3093
7213
3622
450
9459
9637
749
9080
9334
2087
8387
2273
6956
7124
3789
4650
1227
1164
5366
4568
4647
2470
7305
9384
3320
2412
1952
1615
2918
2851
2731
1744
8039
146
6477
9896
6841
148
3355
7444
5116
9930
9779
2902
9759
2343
8168
3005
2668
3689
7029
7863
9495
6723
6109
622
9908
4237
7130
7047
7685
9134
6161
6483
9355
6643
4233
6810
647
3893
7808
1078
7809
7922
9452
4717
2690
4402
9624
977
4243
8946
8947
9228
5822
4868
2248
1316
4037
5854
9988
2604
3018
6307
9759
5982
3768
3296
3547
3115
8109
1358
2358
8774
5881
5950
54
1573
7271
1391
7932
5506
4613
6152
2803
8738
186
6933
661
4487
4395
2917
2772
4793
3905
5204
8059
1501
8163
3469
949
9393
855
6508
2867
2885
6588
172
3347
9871
4813
675
4045
2646
7922
4482
7991
6866
3504
1021
5795
6835
2635
9059
8720
5192
8585
7564
4869
676
7891
8553
3410
3801
442
8538
4650
8104
3284
9917
2149
14
3585
789
9674
3720
8871
126
6871
9423
7213
1193
7996
7141
7674
4113
6758
1795
7788
7675
4299
9023
5302
2670
1979
6259
7265
243
2203
9383
9831
9886
3581
3587
8871
5780
3249
1845
9385
5000
6320
8459
693
5446
3463
6698
557
6268
6127
6328
1780
2855
316
5609
5617
3125
4712
914
8810
3414
6455
8627
7922
7487
9591
7326
7611
4409
8269
1893
864
4912
2410
2787
1354
5840
8330
9855
9206
5281
5702
996
4116
5874
7603
6976
9570
7971
7969
5746
1068
2335
3035
5971
8545
7693
536
3205
5854
6137
9086
6147
7998
4233
5464
6867
444
7528
4255
9777
4794
4856
1707
3528
7711
5458
4510
2048
9884
2615
7756
9640
6440
2523
824
8528
1877
6438
4242
3660
5303
5124
4001
3069
6195
9555
2997
9883
410
735
6531
2041
3716
8191
951
6212
627
9506
8260
3086
3182
8488
3321
3238
8380
9445
9707
5475
3408
6935
4990
4005
3286
594
4474
9670
855
8637
7332
8155
2460
4627
1638
9149
6084
5714
5923
8249
1571
4612
7901
2370
8178
1155
478
6815
1803
762
4688
6749
9848
7522
6474
3474
5744
2525
8755
3121
3717
1281
5356
1989
2174
104
626
8554
6849
4172
7154
2666
3521
1457
3904
8795
9034
2620
5827
2130
115
7658
7867
92
3949
582
8307
4938
8152
8164
3404
3559
6958
2802
4531
290
9256
5911
196
8073
529
1923
9965
7630
3608
2022
3228
8390
3617
7678
4439
3123
6697
6625
3006
6058
3414
5263
8040
1591
1797
5687
401
8685
767
3594
5707
719
6925
3614
9539
3123
2424
7753
1601
8192
7693
236
6484
1926
7354
9916
1320
474
3724
280
6861
333
9796
8473
6875
3992
7870
8604
6276
4841
1521
1279
6863
13
6315
2508
1464
3
8139
1316
699
8944
5024
4813
8365
3177
8779
6113
4236
1880
4366
9927
4961
487
6733
5373
923
8452
6738
5547
5252
3819
1477
6759
6670
6413
3373
6470
5611
4846
8452
1317
2335
2408
9581
7917
5309
4982
108
3698
5212
1756
4368
4395
475
1593
6318
6375
3280
941
1584
3012
3264
2591
6063
6879
7467
8264
8143
1951
9804
2308
502
9390
3428
3049
7592
2552
905
8815
63
5941
8343
3040
334
3495
9451
7081
6283
5076
95
6997
3189
4669
3262
5440
8052
9743
6345
2701
450
7044
6839
8157
3893
2904
1254
4978
967
7426
4001
3766
5469
4464
877
5642
4668
224
2257
2567
7428
385
1981
3066
1855
2806
9118
5832
6127
7988
4996
7849
6207
8204
8365
3019
9102
186
9146
7430
2241
4473
6114
8857
1075
6329
1527
8725
3792
7619
772
7828
7486
3777
5273
64
5063
3772
6301
1087
3785
5421
8850
2979
2429
6151
7558
7265
6099
7858
6540
4481
1078
4826
326
2955
4271
3123
1990
5526
1279
393
2040
8508
7215
7168
363
2429
2931
8300
7955
5329
3885
8059
3645
6819
5622
3135
6427
4924
8770
4262
2625
5933
1078
6290
6749
2659
3451
2317
5793
1940
1782
774
9808
3391
3381
341
5763
5261
5788
5128
4333
7798
9902
1210
596
3019
1181
3506
7332
1136
6695
7066
6756
7016
7767
6106
7430
925
418
7703
8978
613
2507
6015
3547
3110
8250
253
3438
5281
7371
1166
9135
3641
9928
4827
6031
9867
5694
3730
1478
9944
4985
4657
5244
4715
4018
2791
5623
7275
2910
4838
4843
8084
6150
3720
5290
3886
7663
7485
4768
927
68
2051
3764
5529
7931
3114
7088
2939
74
7562
5230
6688
6224
9033
5628
7850
771
8832
9092
5459
4629
6162
2370
2533
6322
1050
7491
6207
9537
2144
2204
8209
8962
550
9876
2933
893
9714
6784
904
5703
2683
7200
5347
9607
8155
1859
7116
8092
7440
3115
8830
8392
9308
6297
3905
9680
1230
9206
6880
5622
880
3402
7930
5358
7021
7725
5674
9157
2694
6956
1056
2048
8188
9756
1946
8962
7022
2926
8167
9190
375
8115
2096
9028
3373
9816
9653
4253
5971
3252
9662
507
9903
5281
4822
9280
9269
9989
2585
429
6185
7959
5397
483
2058
6782
204
9552
4351
4942
2658
8304
1039
7689
5247
2764
1306
8901
1985
7205
8072
1420
3186
9441
7294
548
2144
2907
4933
2665
9692
7033
340
7738
3004
2416
2717
1612
6969
6590
9611
101
9901
1028
594
1358
9468
2214
33
2057
7974
368
8003
5380
2356
4765
4772
5956
3189
1510
4638
7297
4618
1686
5250
5625
7963
3300
4685
2831
47
9693
1931
5394
7593
7971
1519
2158
8846
5936
1080
9930
2873
2876
4690
9324
9029
4959
5381
8239
7643
6761
8423
5459
1951
2313
5482
8215
5778
4969
3394
6167
7529
7202
2010
8280
8436
2609
7786
4385
3245
2614
7109
7253
429
4708
4424
1742
6995
5925
6596
3003
7919
6445
5188
3285
1270
6472
3442
5279
2488
3304
6379
3877
2541
4912
2401
5671
865
6409
888
6420
7173
996
4993
5028
9651
1170
5029
7243
7889
3740
1219
9852
8373
390
8248
1083
2013
8724
7010
1963
9166
2506
1896
9941
6234
3232
4711
5517
2307
8752
876
585
5036
176
5830
6923
1451
159
3634
99
1442
6199
7390
8747
2084
6527
5504
2151
6663
1317
3657
2141
9399
8924
7254
4666
9099
5051
8793
6419
6459
9512
4936
9136
2864
633
4815
8196
4559
1325
9631
1854
5090
6910
521
2966
5116
3149
7857
9707
7727
2560
8853
989
5095
8735
1186
6111
2921
1164
7823
6399
1365
7214
3640
1930
1262
8253
5883
1451
1711
7307
7591
5338
1685
1802
7050
2488
8403
4287
9549
5950
7194
9086
8692
3898
658
3946
4040
4129
9446
8704
5275
3395
3501
3231
488
7875
3269
8591
1703
6862
7265
6405
7995
419
4969
3515
9303
3292
1684
8697
7708
8634
1614
1873
9205
2279
8522
9742
1271
7315
4213
1753
2004
3007
2032
4195
1836
8453
1314
9175
9219
9812
2583
2687
8684
789
1090
8272
8929
7143
4643
748
2445
749
995
6640
1780
1627
4026
8209
9352
3527
7319
4387
2649
5512
4400
4988
8387
773
1679
849
1978
2508
9478
7895
6050
8927
3189
8415
1188
250
812
4128
2672
3464
9308
1255
2011
5392
2415
208
4427
3104
9822
5691
2492
8195
37
3171
6388
6102
9885
8155
5463
3793
8769
9936
1270
3099
589
2853
8438
5610
7021
9102
2714
3191
1715
9184
6203
3145
2976
2994
8358
1471
6422
8874
2685
3787
5403
7854
8889
17
2027
5086
364
2656
8664
8879
4695
9371
9985
8911
4802
9562
1770
8816
6082
720
2976
9301
6480
853
6968
3243
3125
6890
9797
3992
7370
9894
7251
7483
7696
2734
3963
8420
3583
1934
8737
58
4526
2835
4489
6832
3159
4064
8192
8796
9700
7606
2791
1965
810
6102
1373
8036
3049
8783
1961
3474
2859
4672
1509
4800
2120
2501
1215
2067
5599
3349
5232
4148
1982
2918
4774
3645
6363
136
83
9060
8698
1001
4291
9763
7103
5286
6672
1593
1360
5926
5370
4799
9973
5263
7198
9854
1326
9688
4712
658
2849
6125
3197
6351
2374
8643
9982
7892
1327
7728
1673
2913
8699
2901
4776
1858
380
1745
7697
6833
5828
9621
706
9672
7978
432
4174
6718
5719
4919
2318
6675
5423
9425
6211
2572
7803
7940
7389
8459
5303
8780
266
3632
4253
2457
6099
7072
487
5340
9474
9580
1990
7878
4829
3227
5418
3524
8372
1941
4469
3263
2172
6407
5409
4997
7489
9274
6689
2203
4054
2439
4356
9238
1529
7048
9355
7074
5419
5521
4332
7102
6231
379
5445
2738
4684
7545
4596
2983
7154
4279
9568
5447
3990
2040
6608
3858
8222
9255
4967
6825
382
8284
1286
7034
5223
2752
6348
7781
3871
8344
8104
2851
7609
7367
7032
1793
962
2671
312
9944
4677
3706
5048
9774
2871
8909
5247
9489
439
5497
8851
6164
553
7507
6719
7946
9092
8410
7514
1931
1196
6815
9112
8809
6174
6717
7838
6623
5007
4815
2896
5550
8942
5023
2147
6676
3235
1511
4163
6314
7504
6859
7341
8374
9492
1940
2297
101
647
9085
2700
2551
5157
8380
8747
7862
4593
6239
3600
6154
1071
8624
4481
5624
2601
3301
7221
5529
5359
43
4710
7581
4247
1199
4427
4336
9474
737
9316
4234
4419
7736
5975
5922
2114
344
392
561
6276
4285
2082
6996
7911
8009
5243
8880
2378
1716
5773
6191
4719
6768
4742
604
4374
5118
8303
3958
3953
4411
8388
3856
6922
9365
1734
3334
2648
8559
3510
2256
2908
6659
9253
1074
7960
7714
9670
6238
5956
5546
1958
7757
4964
3125
9515
7651
2993
5371
1547
6995
2040
6434
6608
1864
5897
8226
74
8545
6274
1908
6231
3819
8206
3516
3283
8059
7514
3668
2643
6660
5448
2065
8002
8406
2452
630
8891
3797
9850
4083
341
7277
7011
6514
215
6473
51
7388
5176
9733
7640
1124
9964
4047
9315
8139
9551
1448
9841
1455
136
9325
2727
4886
1547
9975
8432
8201
9412
5266
9334
6277
8694
2190
1567
8954
6807
1691
3300
6810
8008
126
8491
2909
9020
4323
2101
3954
9091
4313
1078
7443
3955
8394
3947
1015
4549
2125
4967
240
8040
1849
7976
9909
399
1363
2430
7773
2480
360
1331
7860
8147
3031
3447
9
833
9817
5866
7223
7873
4478
9109
5098
4188
1891
2321
300
8243
551
4404
4682
6723
3059
8769
6158
2150
8581
2510
7657
1893
4327
1474
8730
2981
3218
9296
924
4947
3937
182
4732
6258
7744
2366
3562
2740
2877
5721
8507
9041
2129
9530
1928
5956
6649
1136
5087
4261
7288
7859
2251
7306
8209
5329
3545
3004
378
2116
969
2595
1397
5352
4305
369
9672
8423
8979
693
5207
3417
9272
2860
4002
8615
9763
4797
9545
2774
6332
2082
4208
6662
7658
6078
7930
7425
8049
2414
8821
558
2361
760
4751
5912
7644
6777
5224
1559
6283
8226
2156
4394
9054
3870
8587
9391
3303
9593
5566
8748
3458
7604
5784
8887
8386
4734
7693
8227
2438
2246
