7768
4107
9215
6378
4309
3924
369
51
7657
8591
9154
2935
6006
5419
2783
1658
1082
8214
5164
5821
3145
8641
3065
5351
9743
1515
5866
6503
3228
5631
3484
9758
2349
1575
1678
1688
7683
8284
9917
881
8616
9865
9960
672
5091
5690
6133
2020
7115
5670
7464
4455
6907
5642
3068
9126
1042
3864
6634
2793
8057
3865
6823
2025
5107
9396
586
4431
3740
1095
3974
2798
8296
4282
7204
3279
8680
2392
259
4053
5382
3846
9388
7557
8166
9028
2851
6707
8506
2551
645
3818
1650
7124
2823
4751
3042
7934
5565
5695
5104
1701
8279
6019
1695
4666
6158
2624
8437
9788
445
8650
3604
2581
7410
4211
4477
9265
3859
6078
6544
3878
5925
1189
450
155
1148
1172
1458
2453
237
745
6826
4564
8949
3680
5567
3368
5862
3500
2869
226
8269
8717
2105
1994
214
9068
9714
8612
273
3777
4075
9486
9151
1225
5776
7090
5569
1539
3518
4986
1166
5984
9551
9700
1823
9040
3631
3729
8643
1109
3403
359
3208
6317
5609
7207
9083
8455
9941
2079
1457
2845
2179
6459
6670
7340
5412
7724
7904
8477
7798
4322
9981
7883
9060
2285
9166
2405
171
1173
5437
5984
9968
9164
374
3716
6278
2833
5615
8569
8006
7114
1598
1439
3528
8320
3804
3091
3029
4483
3627
5907
5825
166
3310
9081
377
5325
7257
3324
8041
6677
8284
8768
6642
5472
2876
3015
6085
2953
1062
2579
2108
9334
470
684
2723
8542
4354
740
8480
6074
9376
5687
7545
9529
159
9802
5854
1292
3339
952
5576
2291
527
1328
8829
2830
4797
8055
5443
788
7006
75
3421
1048
3798
6490
9695
2625
6357
1835
970
6517
4843
1967
7301
2596
1222
7112
5313
3074
7161
4792
9614
109
7003
9817
8806
9142
1855
9893
3744
6298
5296
7692
9068
9300
2266
6497
5730
3669
107
3228
4935
1504
9981
9059
7447
8560
4026
6232
1607
7684
2742
2369
3627
2213
460
3312
4045
3981
7683
553
770
6463
8090
4672
1220
7151
2899
8001
330
4725
1382
1644
2967
3932
9856
8110
127
7944
2369
246
5115
5622
8286
6060
3556
2927
4064
6854
8839
8954
2452
1749
5985
9554
2458
8472
3413
5309
7838
296
5661
6025
5902
6882
6302
1098
9401
9694
2356
2350
3184
6101
1611
7437
5437
5147
8176
2029
1116
8293
3086
6044
9162
1376
2273
9632
5658
3413
1474
1384
4696
4818
105
2072
4584
9090
9719
1404
9757
2457
3525
4370
4498
6489
5769
6351
137
8548
4116
7310
295
1384
4193
9545
7210
9617
6863
4526
4609
6669
5440
5988
8219
972
7653
8366
5995
9538
2852
6347
5428
6772
2271
8658
4767
8715
1546
2672
5606
5921
9495
7109
9296
4163
1088
3312
625
560
4862
4967
2226
5193
6795
3088
7017
7537
6150
3525
8835
7403
355
598
5695
7769
1882
3523
9112
5534
4777
8494
8071
4190
8919
8687
7174
8330
6691
4055
9884
4340
7741
5435
4676
7885
4120
234
9977
9183
1640
7230
2565
8020
3837
8202
5566
8896
1413
1527
2281
7564
4200
5090
5782
6368
6896
8036
6273
8107
5913
8687
846
2094
3641
4494
9662
4920
5922
7810
3649
1647
3546
9928
3893
7547
5929
50
353
717
3121
8277
6916
5164
1774
2319
140
2650
9652
8307
989
6084
3961
1869
3270
2953
6384
470
4378
9342
8540
645
2974
3603
7878
633
4018
4271
1196
8235
439
6845
7683
5556
4986
7635
1770
5682
320
1322
4354
7011
5268
7614
6820
7565
7686
1677
6658
940
1163
5458
5672
1010
2176
2475
5303
3312
7285
1140
8301
5868
1453
1416
7868
4144
8400
8404
6882
5634
1182
702
149
3055
4988
1528
5377
5359
6782
313
2947
2341
7613
256
7072
4980
1172
6672
3379
2510
2332
8457
8396
9179
3021
8485
5557
3851
9745
2676
9164
9282
4794
1023
9757
461
5308
2616
6022
648
7098
9944
6530
6972
8193
5959
8254
1197
4344
2888
2971
1728
5024
4371
3302
2724
2305
969
34
6502
5970
1525
5613
4105
1149
3664
7546
6589
498
6611
9671
8555
650
2731
5412
2387
1927
1424
986
7061
230
4360
9507
6857
9705
7436
4257
422
7721
7033
8155
4338
2582
9520
4677
5573
4330
2424
5823
4528
8413
1665
699
7733
3216
4415
1077
2292
8959
914
797
881
9983
2972
6271
1610
2018
8756
4400
3712
9407
7124
8868
3465
8455
5332
5973
1129
8054
9838
8057
9503
5600
6457
8648
8565
3660
1773
3640
5289
6358
1965
1462
6807
6236
7274
4355
9610
3249
3067
3555
5574
8023
2110
5121
1288
2797
7234
9277
7884
8442
9948
4238
9121
2856
1293
5280
3525
4324
7705
7949
244
5115
9110
7354
7441
5661
2060
7228
1181
977
6363
7880
4987
6283
2483
1479
3490
1336
7359
5768
6426
2496
5756
6847
6409
7726
2341
3950
4942
1993
830
5285
5543
5117
3310
458
8912
4755
7679
5627
736
5
8096
6907
2079
2067
9251
2837
373
9814
1790
2189
6964
1937
1523
7748
9358
2263
944
9715
3320
8110
2286
9187
146
1077
2337
9870
2972
2024
2567
8734
3656
1732
5032
6420
4399
8849
4768
4342
8475
9503
3576
5128
203
8641
8320
3605
3593
5562
1100
6648
3811
7964
2306
2625
7718
8909
6760
1001
9730
9381
9864
8348
7247
3055
8532
5232
6905
5102
3348
508
7495
6602
1239
3816
4533
7158
8983
1505
2756
8731
6276
7410
924
5918
4923
5692
9425
2406
8702
5490
2089
3766
4611
9094
9639
5227
7881
7148
108
3087
6700
8490
2213
591
9153
7208
6724
8489
8091
560
9925
5254
8245
999
3104
2454
7424
1329
8131
2839
5807
4498
6400
7858
8419
3729
1991
2145
4177
9306
9277
1835
1396
9668
2030
7785
5196
333
6764
7715
8968
935
4314
8141
5565
6835
5520
3611
5989
7184
7803
6551
9016
7269
7280
2201
2090
4355
2171
5424
5217
4578
4312
8785
1283
8089
3857
8576
8969
5319
7258
7091
4564
416
3871
4871
184
8259
2293
1583
8208
8380
6155
6993
1502
2725
2819
4127
2387
9828
5695
841
8161
1340
2498
4389
6623
5529
6858
7475
2978
6944
4642
670
9926
711
1987
8599
3397
2409
2017
3831
2061
588
7215
6837
8423
7319
7282
8557
5270
9729
6188
9140
9623
6417
8930
3223
7918
9482
8248
4655
1400
4817
8605
1264
3737
5485
7066
791
737
4219
730
9978
7811
1863
8779
7572
4124
5661
5965
9303
8246
8300
2205
3249
755
5501
1046
3508
1780
8763
681
3915
4160
7362
2430
7243
1982
5951
3099
2938
252
6491
7819
1051
8999
6210
1329
7759
7637
1357
9098
2257
3516
8944
6408
3100
2612
5356
508
8236
4438
3557
9010
1974
3537
6815
5818
449
9433
1535
5589
8173
2561
3027
9051
1755
480
1154
4249
4545
4172
3286
5871
423
9664
8423
398
5215
953
9330
4631
6626
5442
4862
8499
6694
7480
5845
7513
2184
392
879
8326
6101
5767
925
9695
489
9893
4653
2619
1458
1106
5963
4063
1151
7686
8587
2309
5114
6416
602
9495
103
6904
8963
2730
7699
4527
2356
4275
4635
3641
2065
4153
3292
4960
9769
4655
8739
8728
9909
5322
6300
6710
3172
5520
9479
799
7348
9007
8892
3535
2399
5767
9789
1384
8223
9196
6804
8195
1996
5961
7537
377
7984
7817
9041
1809
770
6190
7917
3932
3570
6385
6507
5279
3194
3393
3731
3443
3250
6899
7179
3348
5382
1099
1242
6298
4363
1908
6737
572
7850
544
6731
3947
7784
5922
8725
5355
6479
7670
28
1157
1090
4959
9965
6013
9259
4509
8190
4829
5465
3361
4944
5096
8782
4188
4995
6885
6575
2742
7445
8862
9453
7344
6082
3026
9654
2559
7494
7271
4667
8375
6964
5579
6871
6021
2257
422
1134
5228
7038
9853
3718
1907
5107
4489
5599
1634
5165
3596
927
1840
8780
3736
224
1165
1704
3745
8877
6938
6358
6700
7015
918
162
7089
6397
9364
8225
2761
1930
4572
5750
1346
5704
7592
5144
7546
2237
1593
7427
8019
7394
3898
6343
2827
9595
3228
5355
5705
4317
8511
1544
4195
8870
338
2838
2799
1744
8018
8091
6234
3409
2404
1665
6355
6089
7434
8031
2632
6021
4158
1508
7284
9511
8339
9305
3116
4574
7335
7494
3169
4009
2520
8443
3418
3027
1554
2475
5366
4753
2345
5801
4219
3501
1192
4610
4990
2232
9988
6737
2160
5196
2722
9684
158
7003
4260
4684
531
1032
9722
8224
4409
523
4922
2225
889
3960
8246
3327
4534
4958
2664
7879
3676
8356
7289
3783
8319
3728
4315
883
4585
597
5333
7972
1286
2835
8284
6415
8767
6870
1944
4334
5031
4120
1391
3695
8578
8966
3721
1029
3986
6661
2203
7201
2531
4843
6007
1802
9713
476
6365
6802
6716
8838
3638
3811
5189
6950
939
8053
5675
1831
4559
7664
3013
8330
2847
9555
6965
3594
5205
9352
7
3286
6897
7924
8394
8132
5440
6442
6827
6482
6701
8291
505
5142
7617
6192
481
7580
8505
1628
8027
5668
5354
2155
2102
4539
4187
4201
1995
6451
4836
6119
5271
7012
6795
3430
1941
5714
5416
7057
1509
4496
1225
9192
5129
6268
7158
7871
712
6655
9074
9385
5088
3576
1325
4338
7931
4742
5822
3855
3944
1239
4446
375
1646
582
3019
3492
8346
4187
4250
4766
2163
1447
119
3530
4442
6161
7025
5833
7380
6316
3488
5340
7377
5451
1030
1694
5686
2456
5498
7199
9892
1560
3112
269
49
849
7546
4547
3249
3665
9524
6525
2404
4308
7221
3641
3457
7794
9896
1770
7716
9988
6475
7628
7750
9106
2998
6194
9551
1324
7806
5890
8688
7051
4873
602
8335
9849
3480
3593
8615
2478
2584
3714
6791
6963
2935
3069
8229
7389
8237
7891
2560
3728
9483
9903
5085
5483
2518
943
7850
1351
4995
1924
5859
3634
7836
5353
9434
6619
5305
3608
4314
6303
3154
5237
7404
2761
837
787
6170
9929
7964
2162
3087
9914
3330
4960
7567
4970
5517
2851
7330
2536
5742
7263
7483
659
7854
3156
9126
7582
3635
1610
2083
4628
3577
6256
573
4245
2499
2324
4645
1731
4773
7921
3386
2832
8837
5945
304
2875
7785
4464
1102
2454
6278
1777
561
5891
7753
6744
4906
7680
1660
8588
6294
6354
78
8458
6336
7073
4386
3322
2470
3193
8205
5599
7763
7820
3877
4650
1822
1908
2852
6250
9796
9170
508
9629
8350
1800
5695
4682
6491
5755
7417
6965
70
6185
1627
7032
2753
378
9609
3231
8489
4463
1993
7909
4248
678
4014
2740
2013
3103
4921
2998
4828
5410
8791
7123
5846
449
108
4536
1377
9704
6830
6715
5775
1240
5529
1578
6193
6845
1896
1444
2299
9621
7761
5332
7177
2599
5380
7672
7786
2955
2668
3388
833
4419
2136
4660
7393
4503
1185
2304
270
5072
1853
8784
7633
5278
2133
3007
5149
2435
6547
5168
1206
3477
698
5206
7648
3459
9946
3247
5069
2436
6750
8422
7035
3441
5881
1356
9103
869
4184
1689
5659
9592
1173
7227
7767
8977
7699
1898
466
2372
2522
5350
6407
7499
2182
7355
3720
6929
7011
3934
4557
7938
7235
7834
8322
3431
1748
4191
9397
776
3904
4280
8251
4858
9509
1613
2303
3471
7439
8670
5760
8048
2781
2696
9913
1400
2014
9535
1259
8525
7636
2173
3857
250
7131
7720
2357
3339
8905
4335
7228
3507
2501
9689
8468
8242
7098
1549
7990
568
5051
249
9490
8340
8174
6509
5157
4538
7920
6921
1417
2212
2932
871
3139
1730
423
8000
7726
1788
9255
8964
4566
3103
1442
2253
5546
3091
4227
1671
4301
464
1545
691
3474
7386
2683
5516
2076
622
2563
7818
5418
1983
2918
5015
574
1629
6549
6738
7818
9097
3823
6202
1312
6087
5683
6387
6898
5920
962
2066
310
6249
2619
952
667
2241
7397
5753
9047
4907
5924
7104
9224
1437
3545
2582
185
6426
1678
3917
6541
7489
3852
5203
6641
5342
9378
7386
1703
6296
8617
6155
9659
497
7507
9169
9363
1965
4347
8333
4232
796
7690
2911
3173
6718
6977
9875
2542
3100
6202
471
4242
7045
5524
2821
2397
7416
4311
5325
2862
10
4049
2751
6289
9769
7445
8727
3929
4376
3219
8219
2079
3344
9684
5744
9798
940
2030
9922
8365
9503
4844
8603
94
8146
1912
2613
4972
4686
6771
1947
7653
9022
5470
4222
6747
4939
6622
3403
9273
8249
5946
8165
9881
7982
8392
897
7361
9779
3022
1457
5385
4388
6959
3359
5166
5446
2657
8142
7856
4831
3754
9242
7604
1271
565
3056
7874
5461
8997
4858
4317
8626
649
115
3556
6678
8721
2111
9754
1015
5252
5193
1664
5314
6562
3265
2062
2110
9055
1301
2282
8479
5547
4442
4495
6703
560
8609
7416
5335
3023
1899
782
8163
7139
6758
3739
6844
9803
8487
6724
545
8388
6841
9579
8561
7578
2290
4709
7300
993
5763
6406
7696
2576
5837
3079
6207
5620
6852
6117
111
4695
4418
7992
3352
4410
3500
8174
9804
9526
5218
2307
568
4576
1737
90
8706
4862
5934
9125
8270
3900
115
4341
7259
5493
3085
5587
1301
3678
7531
1224
2950
2369
6612
5849
3970
8848
6226
4150
4077
4115
4905
7774
5775
3456
5837
3119
838
5746
4373
1344
9685
7727
7846
6211
4579
76
732
7859
1325
7913
6872
6125
1994
3994
9357
8198
7963
5887
6120
9857
8636
1783
5047
4155
8995
2341
8566
3802
9655
9965
4748
5554
9305
6186
1538
5222
4522
401
1270
3893
8116
8367
2825
6164
7242
8779
5779
1780
4099
7639
5156
4951
9626
4515
2708
7902
2679
3691
7216
2238
1510
6930
8203
1359
3164
1317
6819
5807
2456
4134
3675
7562
4617
2227
1741
269
8958
8883
6912
215
6561
6785
9703
2016
4809
9797
5928
4789
3478
3636
2543
831
3185
9032
2382
1185
163
1466
2999
5924
1959
9971
9324
9964
3963
7593
334
7399
2774
2438
8943
3796
6779
7000
5676
4724
7226
6186
6549
3366
5389
2030
2328
8820
1591
2844
4377
5585
9844
555
105
7492
5883
987
8255
6589
7461
9738
8052
7215
9463
8529
2015
1040
4692
8747
4052
6184
3355
7658
3959
3976
4916
9633
535
9929
7642
504
8373
1119
3216
4748
7555
2218
2332
1451
7912
5791
8744
9086
7263
7487
8133
9333
3903
6860
14
1288
4127
2844
8792
8192
2229
2186
6596
6129
2575
6250
452
8326
8946
6956
1365
6933
3998
4714
973
9796
8707
3241
834
8260
7439
4269
394
6471
5842
5582
5729
3675
9914
6354
6376
5529
2327
5023
2519
5369
5622
6203
8875
1661
5338
418
139
307
6122
1200
5334
9188
5886
218
2580
886
2009
531
753
7959
1791
125
286
6993
520
6777
8411
2592
580
5836
4606
8974
2194
5604
4174
2503
4365
9172
2922
7021
4129
87
348
4642
247
6541
7788
9696
3773
5490
3519
1795
4270
4559
3577
5497
5917
1882
1141
8561
2006
7546
9727
286
6594
6359
6993
281
6044
77
6521
2836
7609
3731
3829
1704
9776
5643
6745
3979
8988
8715
8818
5090
2316
2810
4704
7635
2027
8676
6586
2483
8031
4361
5014
6583
360
62
8048
3887
9547
7507
3651
3696
8968
683
4186
539
729
1873
5720
273
5137
7161
9572
3290
8727
4637
7969
3783
1655
9358
8254
7367
3490
4038
4804
3248
8717
7246
1344
9713
7595
2857
4432
1481
5064
5122
6121
1633
8623
4165
6905
154
2956
6312
7345
870
4788
1723
7855
5723
2093
4264
2231
188
9252
6283
205
4930
5878
938
1821
3482
528
6007
2678
2279
2728
8090
8226
3605
8515
6336
5160
7490
2453
8100
4411
7178
6692
3934
8459
6993
9391
5621
7620
3331
625
4244
2229
8780
4916
1190
5754
7684
2343
3422
9625
6948
3633
5066
8141
6697
3496
4249
7207
5756
9103
4741
7735
1151
1872
3026
8238
1944
2479
4828
4091
4907
8386
9347
1654
8484
5861
9446
8688
7325
581
7475
5147
9030
8475
7462
3545
1626
5792
1761
3496
5142
8414
1863
4227
5884
6508
1077
6908
1890
2951
3810
5205
7515
9331
4717
8561
4286
3411
9657
835
4050
5561
9881
5174
1628
9593
8704
2676
4409
9481
6612
6152
717
1331
8948
6493
6523
5120
5769
1975
4784
2538
6798
4373
6771
2270
7632
9699
3757
8900
9258
8214
6134
926
9446
9580
8532
6688
2598
6290
7804
8400
2498
2408
6339
7658
4488
6183
382
8224
2038
9166
7641
7681
6051
1512
8762
5507
8403
9358
1961
9004
8918
5508
223
8397
17
9791
1885
9367
7961
9834
2521
9479
4170
6383
39
4389
8033
9113
7781
1449
9316
5533
6862
92
572
8452
4874
7933
818
3024
8285
3240
4329
8799
9481
6989
2185
7942
7640
4696
4297
1014
262
2203
6644
8162
3511
9667
1472
4373
7473
9289
1576
512
9688
3384
8646
130
7824
1564
4916
3951
8549
4936
1549
9281
5150
5371
6902
3050
2204
91
1472
3084
7151
8302
5270
4658
3447
2410
4941
5207
6461
6445
5550
8995
1663
3816
9111
6096
8343
2054
117
6076
9780
345
2464
5326
654
7363
3012
8139
2765
8421
2168
7382
7816
8491
3361
1386
8114
3987
6682
5414
6622
9708
7490
2104
9385
2553
7617
1333
6259
805
4707
149
9974
5396
3304
6805
5837
9944
4003
6084
9398
6801
2442
8039
4276
8168
1178
3172
455
7725
7982
4355
5372
4702
9453
71
2855
360
5940
8101
9746
1678
1880
1959
3714
2018
7407
2420
5186
6555
5548
8169
9983
598
6016
9820
7266
9450
7828
1217
1374
4444
877
8533
2822
351
4777
5272
5943
3233
3949
5477
4003
5902
6337
7719
4921
482
4324
2258
761
8758
7985
3900
2176
9812
4371
4773
8686
9632
2805
3405
2531
4723
6726
5301
801
3346
9137
3363
7240
2135
6476
1953
2606
71
4165
4081
4260
8297
4899
6783
5125
5569
456
2615
6459
6977
6357
3009
5980
4
6586
6311
428
544
2945
9280
9175
1035
6917
1575
1345
961
5017
8626
2282
6031
1294
2104
5647
289
512
388
4732
6021
8279
6962
4267
4111
8842
3824
6989
6127
7382
7236
5548
165
1525
2061
7126
4885
4905
3224
1379
3324
5438
4163
552
1829
333
427
5682
4252
7362
5690
9491
6197
1578
4406
2265
5983
5013
5064
2193
3092
4586
5217
3579
7781
3077
2116
4506
9232
4978
761
5384
7288
9009
1408
583
4115
6410
2437
3777
8414
8141
2736
8765
1692
7744
9351
8587
7119
9796
1143
9871
9841
1031
8286
8738
220
584
2770
8752
8216
5921
6450
9274
6600
306
2203
7188
169
3823
8149
9573
2576
1286
3778
4951
1849
6452
1887
36
3725
3529
7387
9435
3834
889
5543
6257
722
2670
362
3530
3639
3684
5560
2493
1691
3462
2164
1385
5541
2163
8417
3295
1647
1570
7295
8554
7252
3335
6889
3768
8697
2734
5026
4687
8534
7014
5439
5710
4762
5946
6465
7499
3460
4618
5933
8891
5725
1285
3259
8386
4287
501
4494
1562
5111
4091
7788
2264
3594
6988
9004
7386
5781
6594
4833
905
8657
873
3958
4676
8023
6453
6623
9595
5697
918
9835
7028
5636
8404
2828
5967
75
8502
9480
8196
8239
3464
9575
4443
9226
3175
2116
7774
6941
9079
1718
6866
9785
5028
233
4852
7326
8583
363
7834
3878
4898
5864
4193
4256
760
6627
5189
4160
3037
7310
7278
7113
6637
2666
5192
1297
9515
5450
4848
4337
8849
2654
6618
9200
2968
7242
608
8170
7976
8640
1492
8139
1646
4318
3340
7600
5382
187
8465
6548
6926
3613
3903
1768
4439
9752
3148
2362
5041
3554
7810
3133
5515
3496
5028
2244
9245
4993
1287
3517
6018
7019
6183
4396
5818
9139
5467
2319
9325
7592
5914
9328
6984
8300
7410
5235
8750
4850
4760
3216
4094
8246
3129
4421
829
8358
2624
8149
9289
1095
8354
389
8899
4948
529
9907
7430
9506
5949
5300
4284
828
3036
7448
7640
8482
6148
7214
6086
9793
3493
4395
232
8070
9422
7771
3890
1762
3567
7459
6514
7318
3030
8229
9237
5525
428
2036
7770
7503
7804
9243
8901
9460
8932
3266
5210
5680
6781
2347
2210
5409
2062
9495
7602
3959
157
829
5525
2757
6016
5668
5939
8489
8785
6966
7798
4806
8210
2115
8053
4112
9444
8583
1988
4250
5493
772
9138
6156
2561
8209
4980
1219
5249
1105
5255
3535
627
5278
5368
9599
6511
5012
1486
2136
3303
411
674
1965
5467
403
7469
4666
4294
8097
5964
3479
7506
3351
8465
9384
1691
9368
196
7806
687
4720
3239
7680
1711
4263
4179
2932
6747
8454
7601
4432
7096
9852
946
5081
97
7172
688
2158
740
314
6925
7151
5140
1776
6028
7275
6813
5983
7908
7142
4816
3679
1448
8583
7172
2994
254
1204
6223
4537
7919
5840
496
1532
6382
7653
2405
3383
9287
4518
8679
8038
7066
373
7795
6087
2539
9935
8234
6903
6118
763
546
458
9616
3417
8403
2362
7909
7103
6918
9484
5934
6202
2395
1084
6655
3607
5393
8374
4869
3429
6695
3389
8462
6777
6613
1075
788
1085
454
319
2969
9320
8419
7155
5293
38
1916
2965
9250
42
5473
2184
7599
9195
2103
864
7977
6710
9432
8931
4541
9859
2033
2688
4068
7156
1996
2838
6803
7327
1574
6824
6648
6599
6515
6614
7783
5240
5791
6616
1691
2428
9124
4826
7955
4511
5790
9267
4674
5748
3097
4077
1652
1522
5777
3109
7286
5730
3087
8137
8041
9078
6161
1922
8468
8649
5535
1000
2680
5489
3081
2737
919
2815
7240
2113
735
7207
4732
9556
1366
2729
8163
1054
4230
7497
5171
5125
821
3405
9327
2052
2152
7653
8575
2612
6266
7201
6358
9306
8975
4789
6586
9184
2667
359
3158
8837
4281
3664
2374
79
997
3530
6771
5312
914
5106
7692
971
3477
410
179
9274
6161
1028
584
3265
4240
4628
5846
3533
848
5426
580
6576
6142
8979
8387
3870
4338
6334
843
7156
1031
9248
1055
8622
882
3262
1697
1159
9509
5387
5828
8565
4609
7312
3022
1638
9774
9892
4597
9653
7818
8840
9230
5570
2949
194
9170
1935
6719
3822
6632
7143
9566
3023
8242
6912
9973
1962
2382
977
2931
4686
4024
5461
9597
2015
1966
8829
5956
6748
4095
4445
1737
1190
9337
2191
18
5484
5672
688
4092
9761
4440
5687
8754
8685
8998
1586
9069
6110
1665
7812
7510
3619
6722
3132
4816
3769
5972
934
8227
340
5979
9970
9726
2186
5406
8376
3685
6051
6894
4488
6290
1694
6884
3169
245
8336
6706
912
3017
380
9759
9846
5082
6283
6935
8117
4467
6205
7375
6248
9511
4737
2461
3752
3782
4469
5960
6568
3278
621
7900
3018
9215
7176
1521
5816
6734
3553
2886
6479
7063
5060
7916
7846
580
6133
4887
3443
5251
7288
3908
7480
8676
645
4977
1552
9232
3132
9386
5775
2376
137
7634
2395
2479
6741
630
7905
4761
1119
1382
914
3319
895
9185
4451
6820
4614
3172
7649
9581
2516
1317
5990
6713
420
4341
8569
2199
9968
6583
3602
4166
7110
4102
6925
7425
5521
5367
3838
5502
6982
8681
4131
5906
2993
4161
7780
1460
525
4731
4618
9960
1736
6193
9860
8820
1644
5682
2059
2399
2060
5706
4793
4536
7780
6747
6208
6792
2259
7025
1299
9247
9333
2146
2599
3834
7185
83
3719
6259
6561
7108
1673
5236
1964
3642
2429
916
4242
8104
5781
9838
3308
1439
3441
1275
3888
9595
8126
6246
7952
987
9201
3500
3432
5371
627
9590
3593
6025
1635
1560
1963
5799
5838
4951
4032
9556
2571
4137
4317
5291
2550
4155
1243
1460
5939
7894
8704
1324
9946
7590
1957
7473
8306
5573
7907
8173
1804
6593
3015
2839
7322
8217
6469
4221
7875
7508
5600
8489
7243
4331
7023
3988
1928
2661
8437
5046
2256
1971
9431
2732
885
2269
6078
4044
9602
4490
7492
265
7044
5859
7752
5978
1122
1478
7968
4332
7685
7021
3585
8430
2293
214
4081
5615
567
7969
5544
5645
7135
2861
5916
9832
7161
282
1954
5053
2138
2424
4619
3385
15
5335
1445
1383
6578
1044
2865
449
4692
4105
7360
5234
8386
1000
439
670
8188
463
3477
1632
8945
1846
3129
4182
9942
7919
8816
840
9524
2915
2193
5261
2402
199
8414
6957
8769
2697
9036
9522
5104
5095
953
3030
5501
682
1445
6161
9842
1283
6864
1675
8946
2986
4440
8169
2206
7263
1441
8659
2228
2024
925
1776
1911
2099
2832
8187
2585
3481
1901
5491
1427
3955
6528
3850
893
98
8681
9260
6474
2655
998
8240
6051
518
6314
9415
5759
245
4751
1506
1255
376
7294
3080
4169
9176
1119
3402
7850
3258
3575
6360
9382
1373
247
4991
6458
590
7276
2107
8582
2181
2185
9573
1026
2685
5725
1393
5784
3416
2427
2340
8730
395
4235
1050
6661
3448
9680
1716
8979
5278
1409
3215
9079
4637
8858
4678
270
1322
2957
5169
2969
2644
2923
9074
8191
7720
2054
1484
3451
9725
7617
4434
831
1235
7630
8987
7137
9197
8330
3010
909
5559
3127
3303
771
8969
493
6388
3826
1047
1122
4461
458
7258
9370
6086
7471
5161
2858
8940
1394
8196
8264
9254
7660
6975
2383
7844
7006
9871
7540
1073
2992
9947
4259
7409
9516
9620
8302
9222
7227
5665
7657
2404
8602
3156
3975
3573
1864
1544
1515
1976
6338
9389
1616
2713
7294
3873
5642
3796
6585
2648
9381
3955
3506
49
1469
511
2998
1960
6569
7850
6858
3636
1712
5728
538
5860
651
4504
3000
8810
5980
5462
8355
5564
4734
3602
8331
1546
115
5643
3978
4506
2636
4579
6283
3701
8897
8553
1687
3464
574
9904
4975
3665
5117
2702
7677
5887
2174
1433
3222
1137
796
7775
6668
3919
5600
7941
5315
7866
2179
1451
1845
926
3872
2352
1000
7133
9444
6836
6963
2097
2817
9535
8236
6075
486
4690
447
2032
5925
2443
9371
8681
2420
2840
3710
4861
7910
2363
8101
955
3238
3820
1284
9122
8058
4048
9792
2764
1701
543
6442
5338
4470
1124
8319
1260
9538
592
3432
910
7494
3282
1941
9735
2080
3164
8505
1031
8642
6139
9222
7080
8735
6007
8859
8997
8250
9113
8017
6438
4897
7682
330
5381
6001
4033
4210
1296
4520
2449
5322
7318
8930
7190
3461
9955
1879
1548
7042
4894
5542
8760
4122
5562
1321
9361
6602
8463
2264
9322
3009
425
2575
6994
6012
9811
2951
6559
3734
8046
8953
7209
6511
6192
817
1904
8149
1544
2546
8904
7118
6701
2070
3122
895
6137
3560
4767
4060
6639
7430
5747
9031
5198
9440
4896
4743
1935
1178
3649
7003
5319
7814
8996
5941
8333
2249
7929
4745
9416
1211
5057
5916
3360
2204
6307
8355
9453
6099
9875
6250
8184
2499
7095
615
3205
8177
1312
6752
5920
7161
6214
366
8896
1900
1798
8887
3074
7180
2561
3887
5631
22
4643
5427
2373
9831
5671
2994
3132
6540
5289
5836
1302
7398
8819
2820
719
8380
2735
155
937
1177
8824
2255
4997
4691
7019
1459
405
7419
5281
2272
3538
5987
619
8161
7855
1667
8242
3374
2506
8318
3620
9379
1871
377
9063
1497
3081
8978
8168
4693
4445
2405
2950
4454
1197
2387
429
7682
2811
4212
2588
5712
1259
3017
2297
5314
6779
657
4964
9051
138
9360
7649
2619
7556
9445
384
4619
5627
5521
8378
1426
9251
587
7827
1132
3037
6165
6964
5468
1237
560
563
8294
5729
7907
8120
8853
8080
3749
4718
2423
4014
9117
4555
5084
4756
331
6897
1752
2002
5810
2054
7289
5833
1162
6461
671
5190
1164
2277
613
3693
9495
7814
9577
8796
9355
6889
9648
1324
1530
6539
1877
803
5954
7412
133
6032
2742
6376
2706
9268
5212
3465
5427
8505
3274
2460
4566
1446
7448
3663
6915
1472
4104
8730
4518
1303
4978
6287
5400
3441
7248
427
471
9270
177
6486
9879
3749
6327
4639
2448
4788
9571
1345
8480
6030
2386
1072
5522
6895
2323
8202
3876
7867
9624
405
6698
7224
2894
8830
1054
6454
975
9264
2019
4785
2993
6156
8328
6787
2581
817
5119
2808
1215
2126
1900
2758
249
8487
8916
3905
765
8505
1118
9046
6550
2604
9646
9771
9787
2654
855
7496
3585
5993
3812
306
9326
3695
3036
6230
2743
8734
4313
1505
3082
1067
6652
7497
8504
3939
6974
4406
9914
7148
5688
2470
8146
2973
8234
389
6510
8556
7000
9926
9961
7622
9222
5221
8314
1594
3432
6553
5450
2686
1161
2030
4191
9612
5963
5482
5952
2149
1266
5848
5679
6448
7582
6437
304
1342
2160
6353
5461
2647
9719
4187
1734
4387
1543
5459
1845
1430
9182
6910
506
421
8955
7228
5986
3658
8278
8533
7009
2751
4436
4361
7290
1152
4246
3512
40
2785
4916
6972
9433
7079
1091
2803
2966
6974
296
9804
8068
503
3637
4521
2966
4355
5341
5258
7493
353
451
6646
3063
3626
9343
2710
8210
5358
6896
582
140
8030
5418
9059
6513
2210
7476
3427
9329
6152
4261
9011
3362
8473
464
6505
9113
9915
1394
2934
5810
8988
6019
9687
2333
8270
3908
5806
7735
8381
4592
7607
77
9713
9664
37
5084
4578
8008
756
6878
1914
5928
1341
6092
1439
3283
4590
3162
2838
3597
8295
3964
3962
4771
1152
2011
5731
6725
8242
8301
1670
5691
948
1559
6654
8933
3648
8809
427
1420
4535
1906
638
6055
3896
3060
4678
3594
894
4986
9318
2644
4897
4784
6297
3643
6115
4942
8511
8026
9352
7852
9765
2454
5208
6222
4979
9782
9438
2505
9635
5780
2734
1417
9061
6388
3325
7907
875
8091
7333
2137
5831
3256
8983
9025
793
6164
5261
3010
2818
8706
297
2400
2067
6683
2141
8184
846
7673
8080
4896
4156
8388
5351
3537
9909
3480
5722
9908
318
8208
4067
419
693
7215
2020
6509
3470
6183
5428
8815
4520
6427
9687
928
5483
334
9349
2378
4247
5140
7060
3201
11
2436
7980
7443
7905
5446
9115
7313
442
5353
2692
4610
4639
9877
1707
4851
4662
5632
4714
4663
2244
9265
376
7729
8700
4422
8054
9575
4130
3343
5661
5177
1147
865
408
8256
9235
4577
8603
8023
7067
8115
8373
9166
3735
5077
6289
5605
8626
4497
7716
8615
426
2396
956
746
2060
251
8742
3482
7392
9540
3183
7098
9692
7514
3462
3773
9469
3450
5616
85
7028
6690
7596
4129
892
1209
3993
3623
8133
2448
948
9632
5627
7046
4750
8751
9909
9662
6195
8984
5834
5121
631
7527
4931
1274
9474
6220
1615
2515
6136
5175
8881
7631
1586
3736
4800
6826
9853
851
6257
5119
5348
4943
8591
3551
1470
2646
2764
4710
3863
9806
7255
6632
4250
1907
6058
69
9198
9617
1734
7773
2008
5618
6311
5772
751
7996
5459
1014
3950
3083
9808
5344
2726
715
9772
5687
8935
1380
9804
6828
3456
6904
8651
6330
7920
2249
3380
9679
7677
4731
7627
236
9116
8484
3110
9730
8632
2818
2799
3474
7186
1749
759
780
9997
1910
3905
3534
2134
371
1133
7817
9813
4906
4316
5104
6966
9981
7851
8502
4615
5779
3336
9219
5455
9572
6227
4241
7605
41
7055
6116
8580
6330
9641
1706
6144
7871
6332
6010
8343
9846
7545
7306
3597
9809
423
4210
4167
8006
2764
8650
4966
4297
8858
1406
8413
1540
5324
425
5683
9664
5929
2092
3315
5016
9237
3483
5264
2610
8960
9095
3649
1841
158
4769
8234
6030
5622
5645
9149
2016
73
9598
7277
8404
1149
4282
7471
8234
3293
4604
2547
5906
326
8678
3917
5452
3990
8580
572
6940
8946
1557
9046
3669
5001
3125
4138
4089
3172
2382
5917
9678
1276
3666
9590
6330
4815
4911
3867
4954
6011
7029
9317
4356
6547
7742
1514
1479
852
2782
2039
7041
5073
2209
3069
8516
552
3607
3402
8024
143
3382
5062
910
8686
2868
4630
6660
9088
7586
636
9079
4713
5617
928
1917
2239
4690
7121
7259
1610
2658
3237
389
342
8875
4604
9067
596
1074
5777
1207
1508
5842
4810
2629
1966
8407
5669
3679
3111
4854
2391
3265
2146
2960
2328
9455
1280
1152
6276
5862
6486
6142
6414
7485
144
4673
567
9810
8263
5563
6063
8014
1809
9428
7571
8870
807
8298
9951
3832
9020
3442
4148
6755
267
9972
8243
7382
6546
5148
7786
9444
4797
9915
4721
5365
9428
7325
2484
7293
7839
5859
5415
7547
8791
4377
1455
2717
5389
3458
8648
2981
1201
2443
6842
3044
1994
9658
7217
172
6429
3184
3263
3114
7777
6618
3216
1894
4707
2205
9442
3481
5814
2657
5993
3161
8026
6600
7964
5890
8516
5525
1993
3088
6500
4804
8243
2353
3072
1676
3371
9769
107
2311
863
4654
2595
2300
9770
2172
1160
9561
8009
3183
4016
5167
7167
8543
6450
3681
5018
5393
1694
1327
1656
903
1191
174
6614
2972
8375
863
8821
3031
8834
9672
3373
3502
1794
1338
565
5726
6829
5791
4730
8954
7515
8809
9072
1333
7637
9700
5903
9391
6658
7977
8075
8780
655
9960
3463
2420
5685
6798
3797
297
740
4978
4349
4343
1793
3664
6749
5111
3115
9291
8563
5902
6597
2702
3387
2381
1102
5281
5334
8674
4959
9429
6372
856
1596
4593
2847
1833
7875
8144
40
31
1993
4433
8214
2537
4460
4728
9539
3972
2951
792
6276
7366
9413
2172
2182
7952
6572
1082
1318
404
1464
5122
5337
1310
8605
3492
2747
7199
817
4915
7235
4970
9251
8532
3908
2164
4488
850
7920
6373
5741
1361
5723
4167
3153
9006
1442
9423
2410
4894
5261
6793
6826
9636
8566
6871
9095
6903
3931
967
1981
2340
3155
8035
3556
1305
8115
880
8263
18
3464
5721
3161
4945
4662
102
9398
1169
8157
9599
2050
3323
4788
5922
9653
442
8144
9614
9965
7037
3068
7585
6918
6953
4391
3401
8206
7688
611
1847
890
561
1160
2392
1430
9539
3632
1880
4974
8464
7472
7926
8745
4332
8917
8658
7551
7232
8382
3114
3161
8500
915
1226
6949
5879
8802
6207
553
1260
1895
1710
558
6310
8708
1488
2163
2396
4492
113
6809
6263
4640
1501
9565
5142
8839
2586
8035
5733
5850
974
9305
7497
8685
2389
9646
9933
5442
5551
737
7424
1326
3713
6569
5761
7368
2435
5623
7429
6495
5154
2739
8268
6304
6897
3860
9414
1660
1807
7040
6216
8172
4820
5410
920
2405
3060
7624
6318
1841
2229
6953
8941
9376
9385
4936
927
4931
3804
7774
6403
6962
606
9237
695
8235
1037
1193
1788
8529
232
8273
3635
8511
4520
9252
6506
8302
5648
3356
4307
4811
9305
5588
4265
8201
3798
8892
6918
1961
2932
4482
7856
4032
637
9253
7565
5582
4714
2685
1367
1867
5835
7788
1608
3956
3318
430
4855
132
8430
2624
9283
447
3467
1591
7657
5018
4972
2494
4436
2145
4274
9826
5596
5750
416
9602
7873
5267
1686
923
3588
2962
1988
2439
8975
1516
3979
309
4882
3368
4036
6786
3530
308
5199
7408
565
9045
1595
2547
610
2220
8249
9222
7593
6008
2191
5858
3539
3716
2556
9588
8445
7507
9036
6320
8459
1027
2615
6141
1039
4662
7611
1068
8108
7488
6296
5288
551
3007
9036
8827
3671
9139
312
1367
4713
2765
4846
2966
9324
8120
6770
1166
812
4447
8340
6023
1272
8878
8949
9538
6430
5454
1507
5948
4609
7180
1113
105
9712
6903
5307
531
4679
3728
5917
9305
7194
7669
1606
5693
6180
9648
6816
2918
7892
6444
256
3661
9147
272
4016
1672
4058
9497
2397
8217
7632
4364
6757
7533
1652
4741
3254
2421
2813
6238
6486
7083
8530
9034
8829
3602
7272
3255
3357
6782
8637
8589
8056
8164
6924
7452
957
9440
2886
3635
6472
5182
1331
7699
1673
2830
911
4073
4041
1439
6394
4395
104
1653
9957
3172
5131
113
1443
413
4399
802
6139
5614
9580
9042
6307
8593
608
4199
3783
3813
9534
9178
9766
1304
5752
830
7360
5998
2691
3199
9214
1918
388
4241
8484
6403
8206
3751
2320
844
7996
2473
9235
5670
9042
5716
8119
2631
6522
2318
3464
9841
7655
2580
4860
926
1887
8653
7419
4300
2752
5444
7721
1199
1588
4221
5226
5338
557
9904
386
6856
1879
2939
5817
7061
9942
4095
2262
36
2710
4729
9476
373
9735
9372
4262
7808
9380
7557
4515
9553
6331
8019
8091
2552
4751
8036
4081
4820
489
2781
2073
6617
1931
6607
7962
4715
6763
7799
984
7791
6390
7383
1590
8022
5968
7348
1464
2215
9958
7418
5957
3000
5388
832
525
3859
4848
3264
2310
1905
13
7442
9546
9928
2656
2858
8441
3128
1410
9547
1045
1581
6572
6724
3163
8948
6429
68
6583
7402
6571
1866
4861
3071
6824
9073
1228
1099
6082
4102
9867
3498
5489
9078
7777
8948
7837
1661
5366
3109
8907
8336
804
411
6373
4375
6427
8664
7669
1576
7429
4779
6681
4907
5334
8147
2580
6474
3104
3583
1629
7342
7046
7307
9680
7546
6092
7494
8947
4215
1111
4767
4702
3473
8495
8235
1062
4450
6698
2448
2646
2564
3429
4505
6673
5087
6817
581
3744
9630
6367
1362
8557
1783
1479
1564
1290
3497
731
8826
8283
8932
9717
3454
465
2662
77
3207
6411
7098
7085
8130
9775
655
937
9065
3912
2540
634
4592
729
5510
3749
9317
7847
9748
6210
2918
1994
6930
6945
7564
3719
7872
4165
3713
2847
9975
4040
4010
5009
3609
4169
6646
2544
8237
1586
7901
846
2414
7652
8749
2862
6138
8096
2772
5183
399
5606
716
6451
7158
1213
9481
152
9520
4410
1903
6489
7224
6218
3937
8500
6623
9583
7120
1340
7103
6772
9610
8162
8309
2072
9579
9278
8195
4702
7581
9776
1392
8529
2447
4368
3324
7559
7850
2396
4688
6493
3024
3826
9683
1411
3621
6195
3715
249
6238
6554
976
1431
8080
3627
5996
2553
8141
5086
1633
202
1956
4817
6829
2127
5097
8694
3770
9568
5176
9063
1732
4723
6651
609
3747
5783
8479
6897
8450
3384
5563
7946
8463
1026
8799
9960
448
8819
8371
770
9418
2764
763
4486
4536
8207
6997
7555
6314
4927
2425
4146
5073
7175
4821
6253
4780
7470
9880
213
4074
1243
6635
8249
4639
4010
6354
5802
3327
5136
8245
4951
1196
4405
9645
8968
3959
2165
6072
5540
8786
923
583
3523
958
1416
2872
1288
6204
2546
5180
2977
8938
8158
6695
8174
6128
2514
9847
526
1852
1194
4228
1178
6681
7473
2949
667
7529
5853
2293
2614
1398
4340
1427
3151
660
3112
7290
3222
1137
5065
9597
780
9955
5268
6012
3038
7710
1471
2840
1444
2318
5546
3687
7591
6694
9405
6842
3485
8466
2205
3759
351
253
2566
1579
4598
6730
3544
7514
3016
5224
6624
9388
6787
1596
3447
1223
1413
1460
9911
2957
6058
3013
848
295
5851
653
3835
6456
1254
6269
3804
4755
8932
1306
9246
527
7388
3688
1414
6307
4166
3957
9823
6220
5694
6158
6899
5994
3247
8182
5429
2024
8555
9247
7700
7338
9404
2270
5728
3945
2895
7087
6259
6746
1419
1868
456
5481
2350
2920
3834
7724
46
3603
8790
2100
3189
4628
4601
9693
3753
7841
3209
3072
840
1780
6199
9684
3605
1907
1123
5118
7959
7468
3412
7078
7697
3076
4800
3825
5702
1418
3644
327
4348
7704
1978
4952
456
5599
4149
4776
7668
6035
192
5054
3878
3186
5906
9639
5668
771
1875
443
1797
8715
9765
2577
190
1712
4403
113
9827
776
3990
2334
4196
2882
8724
3136
9802
1247
9227
8005
7758
6347
7449
1924
7276
8358
3199
4511
7169
5160
8156
4930
9542
3200
8529
5632
7939
9400
4761
8744
1196
4035
4948
6892
2044
7857
857
996
4462
2770
9837
4421
1544
3870
2684
5450
1266
7840
5301
1832
8513
9891
2943
4667
2619
9060
2791
995
4352
3092
5196
401
6486
483
6808
3722
1398
556
9879
9419
7501
2202
49
4399
5322
3735
3386
5672
516
3079
4365
98
4098
2929
231
1305
1092
280
4272
2984
5065
9861
6644
1369
7573
9436
7935
1061
7061
8962
4051
709
7961
5882
4331
6310
9842
8544
9344
8884
5673
7119
479
1272
8726
5098
6302
3557
252
5503
2630
1118
6284
6895
4353
7640
5557
8679
6825
5886
5800
2325
8610
1553
9028
3656
2136
8216
8597
3920
1462
2548
935
5388
7310
7946
9381
5372
2643
2474
3133
4378
808
1558
6332
2932
4425
1066
1528
6690
752
1162
1718
3458
3084
3348
8508
8926
2243
5069
2961
8085
4959
6331
4040
81
182
895
9584
6407
8258
185
6035
4350
2753
1422
1516
7052
5221
6096
9231
1070
6688
1906
3167
300
830
7477
2304
3961
9438
455
3129
7574
9513
5047
9418
4477
7518
6250
2750
3529
1481
5121
8432
567
5127
7367
704
1662
1832
1456
3704
6147
5838
1891
1397
3052
3164
3740
9251
2705
8591
5623
6968
7803
7055
8461
4837
7706
2003
7039
9533
8971
3345
5701
9589
1566
3474
2599
5172
3462
6772
642
2129
7981
6750
6982
1735
7621
3649
6366
1313
3778
6998
45
4938
5858
8152
628
3512
6665
2530
2998
9659
4793
1922
4733
2801
136
2302
9830
9577
564
8567
5789
5932
7949
3493
8987
1052
73
6725
7216
4056
5636
5726
5755
1972
3300
763
3730
3414
2846
9087
8507
932
3773
983
7336
6058
2017
4180
1599
5319
3819
6789
748
5211
1209
4112
6989
2364
9165
9575
3439
9939
5314
8942
4022
9066
6167
2761
9500
9372
8571
6416
6731
1476
59
4857
2158
6966
6157
2928
9035
5892
5126
1896
237
8847
4977
544
762
9188
3774
1366
4249
3270
5648
8568
5618
4831
6960
8269
9891
9256
4680
2226
6747
7403
57
9271
5151
6352
1953
22
6206
6236
539
7546
4813
3417
8704
5175
4089
5623
1998
312
5598
7204
2166
3461
5828
1491
9239
7327
5
7888
3037
9779
1212
2899
5149
2834
8789
5705
5392
4410
7235
3751
5159
8012
2730
8101
3755
2200
6127
1785
4179
4267
7257
4368
6628
9542
5236
6596
3443
3660
7112
4626
16
8318
3199
760
6334
1913
8268
5869
6385
8383
230
7587
3076
1846
2044
4154
730
7726
7736
7038
1199
8220
3708
8769
2521
6844
6271
5606
7598
2192
2262
1732
7298
2609
3734
6841
4812
1970
1767
1841
3932
257
5399
5796
4037
9670
1291
4781
7498
1081
5866
5716
5923
74
3426
1796
4609
4430
8238
9490
5642
2662
8271
4193
6121
8498
289
467
8111
5203
9341
8760
5959
5894
3105
942
2821
7912
4732
2851
5552
1489
8108
6516
6326
6546
5808
7223
9183
1938
2231
382
3731
2276
6198
1270
1985
1206
9674
5538
9381
823
6669
2294
1739
7105
9756
28
6968
2483
8975
6697
9698
5386
3937
4153
4553
1754
7866
9575
2689
3065
1284
6173
2971
8959
5028
3683
9695
1835
8957
1614
8237
9193
3470
4729
4819
5813
4776
9220
6789
5780
255
6699
2962
5533
683
8344
8338
2045
6716
230
3339
99
2849
6315
9538
496
9322
2780
2077
6073
332
5132
3526
7360
8460
504
1916
9208
9333
8740
6977
8646
2785
6909
2810
4585
3210
7437
8275
6683
5344
7650
5118
8726
8275
8137
6344
7154
5190
4323
6490
1996
7143
715
5447
5122
3173
5602
7073
179
6428
9130
2712
7976
3252
4692
7313
5939
3505
4953
7285
1884
4504
5393
729
2682
13
4800
9084
322
4160
4762
4017
5010
2250
4981
1503
2070
1462
7687
1411
7608
364
8096
255
6214
4937
7142
5473
3582
824
404
3649
236
7038
4605
7492
1749
9986
2764
5108
8373
6517
6751
6018
1665
5112
7702
5726
8271
3189
5243
4477
5817
3541
9676
1520
6407
5137
4514
7744
2871
9326
5502
9498
3756
1112
3781
7971
7644
7488
9753
2083
8697
2579
3038
1091
3613
2078
8589
1101
7235
1416
7201
393
5580
5926
7831
6694
7361
3085
1085
6611
5471
5019
2237
9046
1015
7252
2261
552
1331
9730
8081
783
3436
3159
5779
3238
503
8584
7907
4329
6548
3412
509
1454
2125
5108
3917
7830
3281
7086
610
4559
6403
3141
6611
3678
341
3992
76
6360
9816
8036
9770
7505
3335
6418
6957
2420
146
4593
6191
8777
5177
6756
63
2058
4510
783
6921
5906
3334
4431
7271
4244
9120
3522
4380
294
6548
2101
2896
6510
8508
1546
4512
8511
3642
3004
8119
5706
8151
1496
7683
8688
894
1832
9381
9647
3077
4552
9168
9558
7071
4170
3025
5385
765
5526
8385
9813
2037
6662
5872
8044
1696
9681
269
3631
2243
1552
8416
1505
2664
1214
7755
1838
6747
8583
3350
7287
4140
4732
7216
1995
2933
3338
9439
4338
8520
9127
7746
8116
4619
8305
3668
1488
5623
9639
6992
1213
1563
5750
7403
1525
6136
7662
6894
5856
6414
1187
8637
2181
2176
1097
5672
7305
9446
3877
5111
8357
241
5930
5111
3116
3806
300
6886
4358
7545
6266
6214
7108
1591
2136
5723
8390
7329
5691
5859
5271
6443
3582
7923
7332
489
5564
5939
3521
2632
6363
2042
1746
4527
8634
971
5632
638
4287
7719
5835
775
2536
8311
147
4973
1528
590
39
5374
7282
9975
3755
8018
9839
1913
6659
8007
7778
2626
8241
4360
3365
1725
1181
4224
4467
2580
2957
1164
90
7751
3042
7971
24
4496
3907
5271
7775
2359
8960
4974
5900
8147
5350
6388
8286
3728
4688
6720
4312
7625
2860
1660
9478
1474
7409
810
7130
5923
505
8948
7633
8874
5283
9530
6933
5783
7994
5343
8006
1387
232
5419
3666
3267
8460
5218
6374
4793
5938
739
7892
6236
6852
2465
4891
1382
8493
8549
7086
3096
8141
1852
1853
12
7341
7025
2863
5819
9454
2503
5734
9344
8714
2924
7392
7440
7993
6210
3013
2191
4435
2336
9985
9766
1055
1396
2022
2818
4639
5551
7290
9444
8256
4909
3246
8380
3566
3653
5926
1434
2355
555
5338
3434
5005
8547
7522
3927
5072
7450
3388
2282
5535
4895
8661
5804
1867
2086
8956
5944
5002
45
1180
3903
5212
6289
1087
3804
9678
9012
3874
4339
284
1578
9836
3880
6998
6550
4761
2508
3874
8095
7745
7188
2162
5007
3908
3361
6248
7442
6512
1480
4697
9981
6432
2310
9375
1434
8222
8715
7459
3717
4248
6059
3576
9048
1997
3956
5059
4780
8805
5317
7324
6448
2070
6907
2299
3991
1740
205
2380
7726
7556
2235
2499
2394
9642
303
5146
7525
4505
5563
8328
6046
5048
156
3846
1686
3612
3114
3009
9952
8302
1467
8636
1195
4155
8248
7910
9524
10
5383
9694
8016
6334
9733
6160
2012
3560
1182
9405
1694
8809
7533
275
3242
6989
1278
1400
1914
