415
642
4853
1371
257
3326
7496
9627
4712
9721
5114
9086
9051
6201
1655
8930
2950
942
9119
8654
2899
5928
4750
3517
454
9649
8299
5473
5545
9745
8534
6070
6544
6524
1970
737
9074
5427
4295
3509
8146
5133
5784
7995
4632
845
5735
844
9979
131
2584
2124
3373
3405
9325
4486
5892
1335
917
608
5027
2022
4081
4966
1186
9044
2541
2526
4230
918
9856
7523
6647
5609
508
7766
143
6754
8885
9608
3913
7455
5494
5414
7161
6409
2696
3139
7199
7484
4844
7738
4509
3687
8481
6124
1051
818
6809
5587
8303
3208
6613
9061
275
5061
5477
7763
2896
1559
4342
9138
2450
1308
6694
7572
6528
8667
7805
4777
6347
9402
5327
6746
6073
2117
3013
2959
7128
4384
6714
9325
9945
3297
1304
705
841
6432
5139
2100
931
4933
242
5639
3141
5706
5288
3200
6992
909
9595
2384
3013
2031
9240
8901
7881
9867
2987
8157
2047
2517
635
8512
4844
5017
9193
9152
3
5989
6730
95
3527
5705
3845
1414
9159
9687
3604
367
6829
9812
5967
6218
4788
4330
6311
7913
4056
2403
2824
974
3445
6982
52
8414
4297
1730
795
8124
6512
6135
3196
1002
4179
9500
8856
7308
8186
7826
9741
8193
6262
2620
1327
2234
6550
4417
3724
514
8705
1279
5095
7600
3165
5756
6650
6544
5652
5431
7116
7429
8892
5480
3854
694
6615
4964
2038
5287
5473
9003
9727
6230
2662
4630
4711
825
5655
7817
1863
9880
8006
281
9418
5233
1039
5596
7836
8422
2850
2312
1655
2754
710
2311
9300
782
8765
633
5619
1585
2378
8436
5040
9701
1552
8865
4938
8534
1045
5825
889
7835
3567
7236
9423
8611
6061
8621
9655
1019
7128
3616
2437
3161
7348
6972
5520
350
5330
3929
2059
5022
2198
278
7501
9569
5240
9716
3680
2173
658
9302
7377
7025
1422
3820
9187
3473
2887
689
4720
143
977
4600
4457
8762
5998
1879
2353
4580
3345
4587
3204
7116
3765
5867
5637
3289
9734
9853
3371
6344
4940
7481
360
7826
6238
5412
1739
3527
7784
2046
7462
4640
9208
1916
4044
7597
5821
8739
3571
3360
7362
9100
8828
6071
6097
261
3260
5554
8182
5898
3739
3034
7318
8375
5203
3496
4239
6631
2523
586
140
8826
6795
1299
7125
8563
7907
1849
1823
8039
7468
995
6282
10
8981
5840
8653
4289
1728
5977
2152
6184
5344
1886
8306
4428
7322
833
6713
547
3358
9189
6215
2985
3220
8536
2305
7528
8945
7533
2353
1411
3731
143
8429
2744
6751
7307
9393
9362
4843
9950
4902
6546
8434
3955
3481
4908
2992
2696
1241
7074
5136
1275
4681
8278
4779
3297
6789
445
3535
1124
5343
4195
3623
741
2453
5201
3456
5562
7676
14
1439
7350
5704
3407
4287
9669
4550
9264
5055
7396
4535
6248
6292
5279
6274
2455
5462
151
7965
3454
517
8948
5827
3718
4607
706
2922
7692
1502
8279
1451
7430
5020
1226
5635
7785
5571
1273
3990
5109
8746
7525
5389
6138
6589
9094
7903
8344
4466
9997
9739
3305
7596
4222
9497
2490
1522
1986
8800
3580
6747
6857
7761
6775
5944
7105
1228
5065
9643
8489
6884
4188
6161
2856
4707
2992
3559
9688
7129
5512
2803
4577
3226
1504
8540
8146
9833
797
1729
3144
6263
3584
2473
409
8361
1888
9763
8613
193
9484
7865
2837
8700
5977
3113
5550
7143
4740
9515
6504
8931
1833
4857
3287
777
2170
3631
6257
8235
7798
7271
431
3336
6499
2225
3299
1714
5751
4494
2818
3229
4946
9495
7645
7646
9966
5876
7249
8391
2990
1002
5092
1282
5224
4212
4429
8727
9185
9632
6190
8257
3506
378
2395
2212
7434
9500
2201
3751
9813
3835
1392
246
6696
3274
3985
2338
7212
5641
811
6293
6381
7865
5245
6796
2178
9149
8111
2286
7796
4572
2529
6118
8303
4561
9722
4568
7100
5432
212
465
3674
3498
8577
9154
9609
4846
4585
1949
227
2091
1514
3544
8821
9897
1875
5640
5132
5599
34
8284
1388
9914
5955
5241
1306
5273
1942
2134
3551
9417
5238
1779
5428
345
2618
2883
9288
6090
7186
7331
4563
6161
2059
5704
3057
8984
7297
8406
2685
4082
9435
1500
5398
1928
9076
3760
7543
3336
7847
4336
2904
2451
8397
810
6853
9734
8116
8475
7278
8992
6352
9041
8412
2702
3721
5226
7855
250
2183
2321
7976
3535
9448
9469
9981
3737
6381
3500
1269
8858
5340
5951
8243
2850
4427
2112
7764
1249
8851
3323
868
8821
1128
3693
7730
393
3088
2696
8206
3849
5904
7292
1153
5526
6359
9368
3002
8928
828
3115
3353
4616
7206
8419
3652
400
798
5562
8274
1609
7462
6606
1399
8860
1452
9154
2407
5755
1739
9588
649
3685
5293
7419
2954
8047
4798
2716
6490
5059
9109
8835
420
5735
9969
6252
1614
2709
40
7329
9594
7525
4422
6597
6386
9297
5893
2293
4073
7205
6961
7246
7188
1239
2466
9667
9322
9787
5465
5604
5602
8082
9072
3215
2499
8627
6185
5663
8890
5200
7539
9697
5715
4410
9993
3123
9263
8695
1032
3656
2154
2505
8643
9284
8097
1863
1646
9181
3269
301
6929
1827
7244
4435
1726
1512
8453
1206
4097
7759
3112
229
3402
8873
9665
7263
1531
2778
1245
9342
404
626
8754
1808
3450
3097
9438
9787
5117
636
6980
7004
2394
8588
8270
5712
2453
1279
2683
8480
4670
8056
4598
3272
543
1924
9102
9769
9619
833
332
8868
7935
3926
9897
6302
3072
5435
985
8629
2073
8665
6089
3461
779
6107
7835
4814
602
3953
4810
251
94
2765
4672
2348
6028
5482
1264
1525
3995
9669
168
4283
304
8111
9069
8468
8691
1967
2639
7017
294
4054
6407
6005
1966
1136
2492
4436
4089
4288
9167
5666
6023
80
8773
5170
9253
7548
274
7590
4170
9460
4633
2404
8497
1806
3157
2668
7038
9367
6122
8634
1313
7792
9957
6040
6357
8667
381
4891
2989
6828
7435
9707
501
4501
8259
223
9337
3899
9214
1142
1693
5049
2847
833
9420
4002
7507
160
7979
9824
7397
4722
8165
532
4352
8231
123
2733
8812
586
7167
5382
4600
7342
2024
4926
1902
3995
3546
2933
3330
3139
153
4980
6940
6264
4945
9123
6619
2355
1159
220
6912
3164
9430
2713
1542
9969
149
28
99
6604
5087
8627
3975
6311
448
5505
8808
4493
2099
3512
6614
5046
6494
4258
4569
3185
3591
8088
3286
1000
6113
6456
9427
6946
8469
1436
7911
9311
3384
1933
3846
3517
2833
6725
8052
1525
1004
629
5815
9439
314
2125
256
7647
3605
1866
6670
5171
8143
8356
6377
2060
6742
9099
491
8630
9200
7028
7841
9012
7593
9497
1109
165
9665
3097
2212
9769
6206
3043
2180
2962
2272
3846
685
3987
6200
1779
3340
6603
4765
2739
1167
5027
5555
1785
6775
3733
6233
9421
2325
3976
2787
6803
1846
817
1016
90
7981
508
9653
6901
8965
5100
6176
3415
9787
2896
8414
6504
2430
7420
3687
1238
4246
4853
8329
6081
4610
7880
6321
8478
3535
6785
717
8203
174
5469
1999
9868
2970
6109
3797
2831
6950
7864
3774
6067
8851
2140
1997
3879
5319
9729
6991
4905
288
1549
2556
6992
2487
4934
5480
101
4187
1174
3366
2179
4383
7972
3240
4318
896
8546
3533
6320
3622
855
4288
6382
1078
2262
7230
2469
5882
2442
3159
3805
9793
5812
7915
8625
2912
5007
7380
8035
629
3696
8644
5775
4498
1594
1684
878
8900
7679
2983
6773
6195
671
1282
9432
7261
6174
5913
225
7704
3010
4218
1744
8015
9560
2386
8570
57
4614
1406
5888
1165
5497
5690
9926
2210
8512
1883
9484
578
6352
3569
8203
9459
6386
7609
9122
4530
8482
1364
6737
9093
7154
331
7618
9477
6900
7760
4937
9208
3113
821
4285
6273
7094
5607
698
4980
1356
7222
8748
4290
6429
9647
1352
9441
6015
2284
1628
1950
3264
4040
1574
3250
4668
6794
4010
5166
8071
448
5310
752
6945
275
7464
5530
9284
1930
2364
778
6911
4141
3174
1260
2616
2446
2664
7507
8978
8177
3462
4615
6131
2987
5944
9073
9246
1035
1604
299
1596
5531
6909
907
1911
7996
7345
6153
2182
5821
157
4084
9920
850
5038
9122
866
314
634
2221
4130
6503
6187
9894
6985
694
4621
3958
4331
8390
6284
8248
325
2065
9181
1380
7232
2266
9348
4620
5101
6510
5324
3157
8020
9377
4695
5280
7948
6821
8207
8932
401
9383
6169
5093
9343
7015
3921
1217
3374
3386
1822
3792
9536
1908
3759
7854
1668
3658
1890
8599
965
6013
7119
7620
1179
3030
1873
7608
5999
9340
6010
7510
183
7352
7847
942
5895
4088
2036
216
8344
8131
1245
1715
4688
1532
3620
6111
5618
6840
3612
4289
4930
9607
7966
4387
2263
8549
3914
6312
5141
6313
5217
4034
7375
4311
3608
2184
4061
2816
1958
7580
1621
1674
255
2833
4768
5404
2931
9646
9409
5761
1989
9158
5728
1720
2580
575
9386
3459
8679
7346
174
5724
5075
2030
2913
7211
4339
376
7923
1436
2050
2802
4881
6032
2667
3256
9352
5132
9618
6858
5617
4267
6902
9379
4323
6059
8305
5654
1731
3032
2798
601
4137
4612
7405
5897
6598
8224
9920
7557
1065
2555
1722
7973
3711
9187
4276
9696
9052
9323
1223
4253
3841
1820
1729
5906
8821
5695
7706
6854
8905
8684
8645
4891
8637
1449
8665
269
8626
6770
6657
1127
5212
2061
5793
3062
2544
8929
5668
5136
1782
8609
6601
2407
1808
8544
6760
2316
2882
1498
7076
902
517
3065
8652
2380
3910
6831
9335
2262
522
4007
1070
2282
2666
96
9040
1780
6027
8667
3362
9891
27
2570
5071
296
2082
6237
3082
92
4688
6348
7387
7127
9693
5754
609
2146
3409
3412
9152
5713
9593
3405
4613
7775
7539
4319
9741
1712
9504
4980
6289
4215
8136
7184
875
7947
7994
8355
298
7672
3748
9242
7573
4173
6620
3942
2588
6911
9486
6894
8370
2614
9515
7648
298
6621
7956
7296
2757
7763
6495
1370
588
9708
59
3171
8990
2509
4879
2662
4152
5053
3114
1479
1964
350
5832
439
1155
3596
1730
2830
2225
2609
6609
3674
4699
487
6886
4253
9990
698
5598
2535
1177
2378
8653
7864
4114
3448
4952
79
2031
6824
2742
3317
9499
8036
5684
9947
788
7516
6140
9160
6032
3665
9144
7979
3099
6384
8471
8502
5622
626
2672
3453
9454
579
302
9585
1696
7968
6325
7706
8643
1651
798
5401
9867
3291
4175
6663
4803
6938
3464
2473
4557
6437
6502
7511
3233
674
4764
7730
4976
6449
4456
1405
4152
9288
3863
8920
7733
6099
8251
2820
1191
8433
517
4381
2866
3743
8111
9808
2209
1807
3699
8684
7161
198
8896
3016
4077
2790
6351
1021
3203
8595
2730
2194
7194
9393
1248
579
9427
5254
8930
8704
8686
643
1281
6123
5920
2121
4644
9489
2563
4956
5521
3168
2750
5772
4243
3953
391
846
4843
4943
9747
7229
9616
2596
5703
8322
7186
3473
2495
7531
380
6954
2877
4995
9997
6517
8916
2772
7095
1955
8146
6862
8457
8247
3074
9561
9443
1422
5150
7295
187
8580
411
3987
8956
1456
1027
8685
420
7597
4934
1171
6994
5032
4575
8566
290
7754
5774
7725
5036
7618
3751
2887
6796
2884
8772
1369
9522
6141
8879
5764
8323
5199
7343
1799
6542
8890
6038
8540
5490
231
2352
9497
7021
6975
9867
3425
3671
4507
9271
1689
5647
7424
2259
2568
4829
7524
7190
6072
2684
9657
9163
4278
8718
9169
2848
1795
7688
2776
2024
1399
1716
7233
2234
4805
5266
4253
5865
9821
3017
5346
7697
5014
6870
7189
116
898
2940
4774
6969
9018
1700
9966
5856
5833
1067
8073
778
7851
4126
8072
5737
895
2483
7871
9972
8414
5190
7453
7302
575
1658
7368
3054
7338
1959
4148
7408
1528
9052
1949
8854
2913
5806
3006
9699
1749
1377
6401
3737
7192
3475
8013
5694
4944
9609
6802
2531
8999
7217
1702
5707
5486
7472
6394
7359
4332
6911
8517
3873
6919
665
9249
8799
2176
9217
2823
5088
9477
8171
8223
7036
8788
3716
109
7100
3644
1673
8110
7729
5157
1616
8409
4311
7350
6242
3368
5441
9412
5646
5367
4838
2859
2528
6818
6527
4225
9214
3518
5727
6786
1714
3054
827
8994
4665
6919
1770
7362
9293
3715
2658
8801
788
8716
5302
2255
4937
1449
5934
5849
7381
5676
3830
2804
3384
4176
6260
6898
3582
2874
4429
8155
2383
943
3442
8562
7582
5317
2684
9322
1597
8079
118
1931
2708
6037
2071
3812
1515
4271
9287
7765
7583
9877
9404
6037
9223
8022
5609
488
658
4872
3780
6419
9285
4503
6418
9845
5273
6740
4673
9619
8764
6611
4251
9302
5558
1899
96
7347
2105
2448
5382
9310
3587
6663
572
2505
1538
7405
9338
9560
9708
2195
8664
6725
4298
3699
2645
8204
9618
2225
8539
4775
9598
9667
9000
971
5625
102
479
7324
7925
8262
8383
8210
9489
4469
2832
2621
3931
3912
8306
7867
7401
5112
9911
6569
7947
7526
5003
1859
9253
1892
7728
9879
3908
606
9711
3919
7663
9600
6880
1436
6925
2013
1635
1446
3811
453
7235
9829
867
24
4272
5706
3919
671
7374
4485
9756
2430
3023
8098
5099
8620
8071
6032
533
8503
4301
8883
4758
8912
4958
4330
7032
6870
942
5387
3477
8465
2758
7493
291
5174
992
9228
7619
2021
5960
3237
3232
5226
4162
5232
6576
8781
6337
8305
3942
5602
912
5308
6152
8352
5070
1954
5066
9941
8674
7048
9729
1986
1007
1291
9672
5530
7807
9924
7628
8842
8412
8511
2543
1064
5650
9531
4750
9725
7753
8250
533
2637
1444
7875
7552
7450
1341
1939
103
9037
4162
7677
3347
8911
3508
1246
4218
2871
5559
1046
973
6412
676
5100
7189
2400
2764
5087
2701
5538
7203
5340
2188
423
6515
7092
541
3132
3738
2222
4188
5868
9821
8590
4680
735
5163
3631
7556
4404
5313
1878
4166
6707
7277
4120
1960
6344
685
5151
4685
6253
9237
4564
1834
8821
5489
2924
2396
6415
705
1085
9132
3336
6858
5105
6590
2085
419
6454
7236
9133
7531
8297
225
5325
1174
5480
3145
2394
5131
4196
2446
8587
7537
7934
6630
5257
6756
5858
5245
2239
1234
1140
3699
4227
2746
830
9848
2171
7529
9874
5924
4230
7914
5551
8722
939
4339
6508
7647
8
9778
2
1284
6508
8638
545
5798
8923
8474
1333
5329
4561
1209
4997
7899
6390
4598
5997
2578
343
5632
974
4864
5256
8271
8216
672
1986
9211
5690
918
247
8210
5236
2460
1232
9855
7190
5588
2200
5031
925
3697
6196
4545
1363
3021
2916
7652
2331
6341
8341
3930
7303
4376
8804
5137
6027
8236
422
9873
3812
9711
2783
415
5081
6350
5973
2537
6666
6535
7407
408
378
5312
4707
7276
8668
711
6908
5194
7755
4333
6880
9349
2576
6317
907
859
3655
6094
3828
8953
5166
2327
1218
1213
913
5780
9463
5012
7048
379
985
5796
8933
7932
3551
1991
9669
1527
6469
5316
1328
5228
2117
9478
2831
3434
7839
8764
5443
5113
8881
572
2706
8453
5242
8050
4093
3493
6362
2887
1247
1895
8145
7376
3348
1083
415
4643
2765
8916
1189
2127
9624
8511
7625
9937
210
1739
8381
7479
7941
699
9569
1934
1497
412
3089
479
2690
5500
7897
6175
5164
3581
4068
9433
7082
4740
6130
1748
3018
3195
5998
6527
3924
6753
948
4194
828
5304
7840
2354
5112
8883
4946
548
2325
6211
5878
2935
7993
9935
1953
7264
1018
5013
6962
6042
4443
8191
2855
5469
5608
6632
4461
4746
4701
3042
8010
4743
9464
8894
9651
7385
7660
5543
1063
6281
8635
3520
7107
871
8862
3195
3755
3083
1241
8733
5508
8910
9791
4905
9751
2636
2449
2371
6745
8480
4421
200
5847
9283
8200
1135
3471
9098
284
4567
9604
5475
3950
680
7407
922
1084
1984
6607
2413
2877
1378
3504
5967
7533
9100
4952
4558
9142
7014
4936
5289
8797
2582
1860
8434
7673
7823
2670
7726
9724
4656
2798
6673
9129
32
4959
9110
7498
8829
1552
465
5764
4331
5602
3043
6696
9879
1749
9100
6182
8912
9955
3270
9631
4315
6677
1367
8820
8972
3248
3260
9313
8880
2688
8221
8579
6830
6838
7501
4140
5842
7059
313
5461
4471
9525
4466
6980
8816
1738
7793
6073
3570
1544
811
4700
9528
7042
4813
3354
3592
289
8526
5580
8291
1151
6883
1643
7381
4463
9865
3041
4248
4959
340
1853
9642
7808
5159
4790
2211
4387
3
7233
5454
7186
5742
7335
1877
3520
9051
9787
2024
4146
548
5552
8533
4732
7169
3319
2641
2823
9598
4353
1872
4752
1825
8610
1204
8958
5058
1719
1882
23
1143
9204
285
1292
125
1105
5408
9548
9765
3861
5412
77
1016
102
4411
4787
3319
4909
638
1840
2149
9388
4788
5650
5360
702
5361
7131
6131
2918
8461
7331
7905
2001
3003
1343
5267
7241
4606
6064
7910
3093
3057
5737
8940
1794
3736
1722
4199
6416
5639
148
1081
42
7874
1754
4415
4634
5931
9423
5743
8277
3416
6847
5399
8081
2172
9015
7099
3067
9520
6078
303
4573
3929
9055
6331
9051
6710
3565
6966
3639
2932
9715
7279
8313
6249
7862
4126
1248
6928
632
1310
5182
321
9633
9676
6209
338
859
9622
4720
4622
1132
6896
9561
9845
6507
6113
8818
5422
5364
7924
2365
2457
2103
5345
3701
9568
7086
1831
4310
4888
5851
6139
8887
4768
5120
4252
4295
9379
121
8713
5851
3943
2245
9016
1799
2818
7717
8467
9742
1749
5308
5825
1563
2708
8944
2724
8217
4288
5975
6641
3251
9027
5311
9831
8771
4993
8008
4793
4724
2254
1817
9439
5300
6651
2073
8421
212
3087
3545
882
1850
8618
2088
2560
9580
25
4575
6179
5823
2395
6034
7
3403
3480
5461
6823
8631
2413
244
6806
4810
2924
3743
7487
9932
5869
524
4912
635
523
2512
5130
742
5093
4791
4632
6938
2751
251
8746
417
1829
8969
2328
6219
1809
6035
1820
1189
5249
9789
7798
2842
6738
6072
8925
4875
4601
2628
3711
9500
9663
5544
5300
9882
904
9264
8310
8689
828
9884
5880
2162
1498
6389
2980
3954
1414
1267
8122
9833
8704
3722
5385
733
4714
2287
4004
9020
5865
9757
2337
122
6539
9245
753
6284
3669
2446
5315
2545
7725
3130
361
5364
3909
5635
1343
349
3091
4970
3461
3333
4506
3877
796
5941
158
4566
5167
8617
5260
9289
2823
1071
7546
5757
5622
2253
5636
6696
285
8968
5952
5576
2108
5573
3360
20
6824
9079
943
3654
5929
895
6296
9004
5616
2662
8448
4811
6125
9103
7278
6698
7284
8435
306
9290
7818
8151
12
9090
4713
6395
4685
4493
7380
8929
1769
5223
2580
138
7742
6088
7673
1605
3360
1928
4775
8542
141
2960
3804
824
570
1182
1690
9254
8291
3673
5266
4070
2202
8673
9067
1852
8941
9533
6209
1802
1623
6686
892
3225
2231
5987
1360
1189
9024
5679
5074
8378
4515
9275
8009
7051
5286
3889
5824
3502
2803
8126
637
8095
9956
8510
7935
9068
7021
5820
2663
3827
5719
2972
6919
3455
2068
578
8593
4582
9821
500
229
2612
8599
6888
9555
2927
663
2015
6566
5052
3708
2706
8999
3496
6048
2796
3269
3721
8052
2291
4168
3204
3015
1246
2658
1542
2356
4553
4983
4708
5295
1242
3681
2302
7896
8025
9496
3068
8954
5008
8405
5005
9254
7611
118
3012
3972
3422
7406
9271
7309
4871
6530
7529
6331
7024
9596
7352
4229
8012
570
6110
7032
1857
9756
2466
9025
6696
5600
8023
3300
200
4766
3044
3886
9163
3950
5404
1128
9646
7570
8934
7147
5712
7399
424
4712
6151
5971
872
8428
2144
8839
941
4437
2294
7973
7396
7854
7651
3986
7275
7822
9383
5970
7108
105
3485
3642
7168
3074
4192
6223
4582
442
1636
8962
1320
4458
9332
7754
2873
725
4727
9594
1156
1361
3825
8607
1591
1190
6554
7549
3476
5660
294
1111
7763
9741
291
318
1226
2508
8802
7797
4236
5920
4256
498
2800
3332
6652
2938
8521
9897
1112
6549
3094
9789
4814
5746
6280
4878
2051
5978
6520
6642
2747
8922
148
524
1199
1578
4166
9014
6528
365
1923
6930
5357
5235
7105
3326
5807
8259
4537
3615
9028
3579
4547
3744
8017
7973
4926
4544
4038
6347
457
2824
1277
7594
3172
5334
350
2275
2132
5073
8771
9507
3369
747
4626
6163
4431
9579
8641
2954
9071
3791
1440
2904
7614
9168
4374
6403
2507
3225
6652
9622
4975
180
9907
9098
5653
7763
2062
1771
2975
3531
6127
9463
4844
9520
210
3799
9117
1853
3542
5346
5903
1083
7276
6666
1383
8372
9979
4004
959
3947
9767
8906
8421
9149
4531
3188
840
5528
510
6667
7516
6870
9979
5539
7663
1977
8060
8093
8958
575
7285
653
9683
1305
3718
3891
2904
3240
7714
7280
7783
8058
812
9027
3763
7220
1042
5695
4988
7021
2959
3589
1343
6874
7830
9033
1104
1736
9002
9406
312
1886
5046
383
6661
9114
9223
7115
5430
639
284
7599
7814
3229
8883
9458
6058
951
1775
442
935
2365
3104
1936
7615
3696
9310
2808
3475
4685
2786
1167
4238
8307
6968
5897
3011
428
2366
4649
7997
3926
265
4348
6736
5360
5775
8113
7990
8372
2974
153
9960
8559
8471
7947
8781
3109
2767
2965
9804
6414
3640
744
7853
9116
3361
9506
6261
2986
6446
5629
8584
7126
2445
7008
2099
8756
5200
2255
7921
1196
4818
5102
1710
2633
1207
5678
9835
9021
7116
9901
7660
9401
4844
1583
286
9520
6495
7619
1998
6268
1851
5004
1925
7345
1569
2833
6114
1463
5847
25
7909
512
5043
8608
1596
8537
9033
5219
7909
7682
9670
7240
5870
6545
7969
9183
2282
862
6722
2578
2260
7580
257
1652
9344
9814
3177
4365
1063
8373
9564
8372
3173
7090
1991
7148
4357
6236
9986
1748
487
1275
9710
4316
6598
4611
9133
5380
9375
2385
551
5251
4741
3268
7764
329
255
3391
9263
1782
5360
4667
4156
9535
8118
1297
4066
8779
4553
821
4826
6045
875
4973
2091
984
7869
5940
5054
4733
680
7796
4990
8678
7822
4312
3631
9905
9326
1662
6893
966
6973
8204
6387
5819
7119
174
6197
5300
545
354
827
8553
7559
4505
4376
9767
1177
6779
2459
4314
8337
4530
1101
7564
9677
5477
1713
3805
7666
4161
9453
2891
3928
3859
9072
2671
8586
6271
3865
7695
9742
9753
4188
326
6969
6436
1118
3316
9936
3864
8728
2546
9202
2578
2629
2443
7102
8823
6142
1641
8461
2392
7634
6384
900
7936
4625
3699
5432
1705
1180
4905
2914
4764
4571
8583
342
775
594
3240
4358
8396
3869
3802
5432
6907
3688
1349
1230
6629
5568
9762
128
2223
9234
7350
2119
7803
9425
9033
1810
7419
7883
8230
2683
3822
9631
4437
8007
4045
2101
6326
8229
2901
7283
64
8522
3832
951
3993
4247
3276
2468
8803
6136
1418
4776
691
5530
7220
6464
2538
1350
1560
1430
6939
513
5639
1118
1609
7275
9250
3342
7185
4528
9241
1533
7227
4940
9170
8828
8286
6852
5432
4786
8534
4950
9080
2093
1265
9046
8940
8907
786
7580
9563
4976
6668
1471
343
9550
2883
2713
9341
6718
4997
9934
5283
4275
6895
9884
7549
5751
6360
8392
8177
5685
5917
6774
2895
1988
1433
3545
9853
2563
8334
343
2555
9604
4965
4264
4865
5755
4596
9619
5945
5573
7511
8713
9789
8600
9667
4805
5198
1380
1496
3188
2546
2394
9403
3877
9058
9893
8575
8354
8117
9337
2859
6777
8383
4653
7378
5678
9309
2630
5019
1794
1154
6741
2447
2604
8174
7204
6985
4295
2321
6628
8346
8472
1067
5145
7796
161
201
1087
5206
4971
7179
6241
1501
6607
2713
733
330
5135
1221
3989
5495
2568
6361
9702
2034
5805
9946
6799
5703
1854
2908
4280
6033
1489
991
4387
5710
3237
6857
7217
5477
8222
7424
47
4614
4912
5239
5839
9890
7440
6873
1850
3073
8331
1132
5778
2110
1365
3111
1990
214
3401
5384
3351
2063
2898
208
11
5616
8326
5023
7092
8277
4004
8511
7273
5144
6314
5087
7121
565
4107
6908
8262
4980
1057
1206
7701
357
5212
2276
4344
125
4866
7002
2075
2837
4072
7984
1715
4704
5228
223
1564
2417
9781
3572
9068
9820
3859
633
5796
6277
5990
1425
6107
6493
7121
8370
1005
1692
2506
9654
403
6049
678
6966
3411
7002
6436
4435
1071
8329
3372
2416
5337
3884
5344
5845
5199
7485
2137
7881
6497
4579
6479
8067
4135
3441
895
5582
5715
5701
6979
23
2197
5573
9819
5514
1738
2814
161
2066
3383
9423
9561
7467
2904
3573
6087
2223
1148
1276
3171
3519
9554
4625
3157
5824
9570
2610
2831
9969
6107
853
8719
5370
1349
3348
218
9764
4064
9829
4107
2384
7324
71
4497
7073
5017
9011
5162
561
7353
8671
4433
4439
2530
3459
469
7572
2416
3995
5943
9127
9983
191
5959
2530
704
4191
6117
9556
3355
6323
8158
1318
7169
786
6195
9482
127
6083
806
558
7447
2269
2615
7435
6420
4280
2840
7890
2879
2646
7347
69
3886
4979
2401
7132
4111
1967
6369
825
2894
5606
7206
1030
513
3114
7270
1743
7264
986
7444
6332
3188
5385
1679
7713
7575
8523
6109
6424
1351
8227
6676
708
8975
8088
7432
2189
8385
9062
5370
8160
9713
9980
7664
1841
5063
1585
6921
3305
7009
1096
625
1892
5201
1014
6880
8500
3299
4687
9557
5587
5857
9945
9474
4667
8930
6497
2055
2424
5681
5081
3357
8201
5615
9284
6619
3207
7721
9838
2650
5990
1602
2804
9414
254
7601
4783
5507
7960
1208
8931
8889
3698
9505
9782
2302
9767
506
2997
2910
8565
9530
4496
7623
1928
7739
2423
6277
5916
4395
3673
779
3461
2036
3566
3985
3053
530
9219
7065
4146
990
4094
1216
6749
6191
9659
8696
5832
6982
6851
2701
4723
6927
4085
6460
7105
5181
7486
2515
5177
8506
9590
3564
7535
8152
5428
1661
5938
5797
9249
9237
1287
5931
8764
7574
5435
3280
873
5736
8079
3727
444
8934
7544
971
6055
6533
7951
7106
6880
7871
3044
6703
1887
5639
1400
529
3681
8597
763
7997
2757
35
7732
7614
1414
8792
8163
6511
1024
3825
4307
1750
4436
1449
8062
655
6020
6563
2096
8894
3710
8832
8917
1377
6192
4583
4043
3124
6173
4906
9598
2275
4973
82
970
408
1202
9929
9557
7263
8370
1439
6082
3055
3564
1293
2267
437
7577
745
4508
7118
6501
1868
4286
3924
1118
6355
1421
6830
4748
5038
337
6117
4226
2031
6776
4353
479
7654
9453
6090
7005
4832
524
2270
2749
5861
7813
4899
2316
3606
5547
5428
397
2480
5773
3104
5795
7045
9289
4847
8508
2727
2515
3332
1102
9964
8828
1532
4516
7913
9958
9923
1291
8418
112
1669
1344
2016
1174
5256
8542
6522
4514
1142
9490
4908
5720
1746
6257
3672
8558
3433
8364
4606
7582
4278
2317
7192
1167
2785
7033
6280
382
4402
3647
5624
4136
1979
2367
4104
1760
3779
5871
4033
6304
1986
8212
1373
3841
6194
4244
7082
5274
844
9355
6525
1559
6685
835
5834
9351
4152
848
8389
8223
2261
6140
112
7494
3866
771
3740
9378
2153
1911
4778
7562
4330
8301
5595
6065
943
3350
4973
8541
9951
1006
9537
5046
7122
4065
7450
1143
6532
4752
7608
2931
7481
5809
4043
5846
8100
3878
9974
5422
503
7703
3121
8932
4576
8963
7228
8384
5240
9769
8407
801
5874
9848
8272
1255
6602
5065
372
9801
3320
2597
2846
7400
4303
1847
80
8521
4257
9749
7964
7065
3376
9550
8037
2247
7884
604
469
8159
6837
9066
5903
6763
6344
6806
7056
7633
7537
2788
9243
3035
3506
173
2102
7906
4857
5721
4629
2729
8882
8706
4126
5490
1805
1342
7425
6323
1811
6024
3370
5998
4595
2212
2963
4254
6693
6083
1055
7496
4790
2447
983
1469
505
4928
3558
3202
7448
130
7390
2163
5975
7740
9276
8130
4939
412
4957
5002
9381
732
5822
1512
9417
3245
8439
1293
7209
7847
1213
8773
4666
7132
7938
6434
7723
2657
4985
6876
7784
4222
8875
1680
8634
1207
22
6855
2935
4833
9315
6280
1125
6053
8115
4058
6625
9471
2052
7260
6489
2264
5992
9601
8917
8616
7497
8842
9801
2842
407
2282
5427
8081
7217
5159
1857
4141
2878
8209
3222
1583
8358
2376
8532
4932
7648
8612
9017
3880
9809
8251
604
7725
386
5519
8230
9274
2762
17
3710
1180
7054
93
4425
7032
853
3043
8835
2956
2200
2483
6592
3842
4037
4906
3906
3615
1068
3985
968
8884
9825
5921
3032
2155
1677
7702
7694
1697
6929
2583
1379
2861
4499
2042
4529
8264
7951
1499
4078
4604
9777
6061
1679
7326
1659
6761
3687
5480
1613
4614
8205
8777
9049
4826
1354
1133
7061
2270
5355
3150
5349
7137
6027
9617
1104
3731
9343
1994
376
5641
5664
9569
9906
6363
9106
3764
4241
5706
496
4915
4014
2214
84
2314
4377
2601
3812
9673
688
3396
1203
5680
6144
927
9255
2639
33
2061
6222
7927
7418
1693
5103
5972
8949
8636
8870
2685
5719
7590
6891
1355
1773
440
9136
3134
7053
3712
5239
8502
9919
9670
1306
6980
4438
9983
3425
8978
7108
6466
3730
2180
9483
2569
7497
2321
7110
4111
3365
5741
3731
1126
3953
3097
6504
9848
3907
5703
1791
6120
5586
6321
6821
7719
8007
7748
386
8123
1533
8965
5211
9891
5577
9252
3859
4710
1871
9204
2942
6815
6024
2941
347
9498
4770
8792
5716
8208
475
4590
6076
7721
7187
987
880
7408
5358
1764
4561
9749
1934
8987
2578
4399
529
3839
5549
4701
9237
1794
7976
4703
2760
4975
96
2644
5974
7322
2948
9214
2031
2178
7647
6943
2889
7490
2704
4589
8372
6451
9351
107
4642
3193
4881
7037
363
5947
8968
931
3243
1015
8971
8681
6613
1372
4960
2211
891
8235
1434
8036
8815
5347
7717
9756
1339
5634
1510
3039
1134
959
6328
2786
2442
7869
61
9566
94
3058
2281
27
8354
2017
5971
1016
3207
8965
329
1516
2530
492
3698
137
5016
1315
1291
9295
5476
5125
5697
4728
4437
5929
9796
2283
4686
6184
6239
8743
1311
5393
2116
7832
5954
1407
9681
6798
9375
6701
6549
2374
5304
9993
509
641
7261
6191
7769
1126
6577
766
4090
4969
7360
7552
5589
2424
2220
3687
6329
7022
2726
1585
205
7136
8376
5865
4182
3609
1633
4493
9919
8775
8575
3323
9423
4444
5419
9154
5021
8495
8414
5113
2166
545
1302
7147
472
8401
5817
7257
4577
5687
371
9526
9647
3719
9787
3372
2265
1396
2008
4160
9492
2084
846
5314
6393
4037
8129
1145
7004
3065
8666
7834
8608
7613
9419
9660
5833
1228
5393
5781
7792
4376
9916
4231
8404
9049
3675
5704
4656
2047
6888
3625
6486
4254
5620
82
9698
5988
753
6435
272
4671
252
1511
7021
2537
918
2034
4299
127
7538
1036
6003
6226
6367
5115
2167
6614
6910
7344
361
2424
6489
4957
6176
5040
1347
4353
1992
9337
9961
9845
475
8958
5509
3120
4124
8404
7209
5866
8131
1640
1405
4529
4509
5851
7622
259
7886
504
7914
3084
9077
3409
6073
7847
8182
5295
5335
1981
1190
6564
42
4961
165
7692
561
7044
717
3247
991
3763
9404
1043
9213
8720
1019
1959
448
324
7417
1087
6467
1487
1423
6877
767
7066
2884
7661
4937
8829
3069
5228
4676
1566
1598
6443
4363
6816
5290
577
9542
4639
9513
4150
3679
8034
4195
7353
6828
6222
4846
5010
4563
102
97
8554
3538
3288
6924
3495
4160
3056
8309
2161
694
4176
6366
7646
7122
4575
7596
3631
5034
6840
1545
1827
1974
7272
3198
2733
2870
5531
832
8714
3982
8059
665
4574
1468
3044
2905
1074
9891
1795
6417
6486
6330
7351
3456
9502
1667
6548
231
2253
8626
1214
9975
7722
8557
8270
6579
6265
90
4191
624
8629
2223
9594
8179
2635
3510
1792
6177
4077
1669
6521
3740
3239
423
5059
5496
4623
3815
3695
1066
6321
5300
8579
88
2767
8083
2942
6016
3198
6464
6639
984
5700
1171
7787
4262
6736
9172
821
5992
9874
371
6153
583
2104
7474
6736
7299
3498
2773
1956
2449
6394
3124
4302
3329
3643
9505
5411
4551
568
5776
2979
7613
5029
5537
8040
2068
2635
796
8760
5451
2994
7703
1192
5950
9146
7995
7983
5293
1347
5642
2518
425
4507
4189
4589
2575
6868
4458
618
7230
3760
6270
5423
4098
7391
8539
5554
6567
9434
4668
4664
2702
4012
6505
9455
8691
1932
8351
4182
5648
1521
118
3204
4925
3257
2553
3105
839
948
5464
5199
8176
177
1529
1690
6723
2279
7093
8558
607
2441
1416
5859
6678
978
9816
6412
8002
4734
5897
643
8516
276
4970
5708
3642
3065
498
840
4838
5434
4714
5619
3969
9468
6487
2524
2482
4815
2732
6411
4838
9793
3575
3206
105
4258
6525
3947
3441
6141
5103
6105
5050
4821
6682
7900
5207
5821
8048
3657
1781
6253
3720
5172
7727
5797
1889
7209
4490
7291
3929
3187
2001
9485
5805
8723
6701
1763
5603
9383
6540
6551
7399
8697
331
8608
568
9148
2786
8587
7317
6661
6767
9074
4630
8585
6072
8402
5479
4307
2368
9316
9456
6149
2211
1916
4103
5564
9016
7959
1198
3443
217
8664
7117
5230
8854
5023
4841
9118
5228
2741
4423
5903
9974
7268
6420
2927
4855
7219
2651
8298
6284
1295
7014
7223
7094
1249
6485
8415
4504
5004
131
4827
7388
3873
6443
8102
1956
9399
9730
1048
3561
6360
9078
9626
4892
3552
6175
4942
5496
1176
708
1796
5307
2899
7159
8921
1649
9893
8135
7604
8537
6425
4613
224
2609
9596
8514
6100
824
8317
971
5455
7489
1602
4737
9923
2217
7387
2331
3541
5074
1543
2919
3328
4295
8335
9519
4489
6714
7522
6453
2062
1264
2126
2510
7135
1747
8854
7017
5296
5038
74
4118
7178
205
5252
4307
3705
8162
7236
6704
4261
7562
4593
2530
6994
3506
1285
5929
4274
76
4025
9385
3302
1864
8908
4191
5362
9091
7602
8175
3362
370
7034
8503
4999
7424
5740
3123
9042
4028
5814
6326
9478
817
2191
4499
6670
9595
5516
3628
462
2924
2743
5219
1013
689
816
5314
1296
1061
8944
4613
559
9060
3341
3891
528
6090
7531
9569
7766
8161
6886
245
4262
7698
9907
2485
9673
4408
7521
5766
3575
3973
7713
438
7627
1814
7489
4310
6608
426
1826
7981
5083
1201
5767
418
7475
8300
3971
579
2064
5946
5862
2300
6038
2497
957
3314
781
8331
5641
6888
3539
3177
1037
6586
1346
2903
6263
8713
8600
3220
2961
7340
6334
8905
5161
3060
1931
9488
5009
1373
436
6942
3702
7628
8111
5412
4399
5130
856
4175
3528
8277
4784
4938
4442
1906
163
9180
9072
4571
2036
5258
1978
8843
2985
8521
5966
7133
7335
7896
1383
1293
3321
4268
6451
6596
9475
3409
8474
5933
8503
1133
7856
4425
9692
4683
2555
1395
4462
3255
2897
2750
416
438
9336
5178
4964
4858
4643
9589
9446
7266
7794
2959
2791
2235
4956
516
8487
7845
2430
6754
705
3138
6067
903
7402
7552
9151
8302
5966
4570
2670
4080
4999
8633
876
2882
4931
1273
1632
4617
8765
8885
6486
1237
3339
4896
1634
7457
9726
2038
2908
6617
824
6143
2044
7278
4370
8432
7776
7411
5707
6341
3622
4876
4596
3713
7960
4158
1358
2073
5584
7214
6212
7813
7988
1820
6651
4830
7564
2505
5918
1693
8575
3928
1662
6053
3256
8856
6588
3598
8511
6498
3497
4221
8910
2424
5262
1610
6640
9625
6936
7476
6099
7653
6453
5693
404
3010
8154
223
626
9540
868
5270
1492
4013
7766
9694
3214
8542
457
9104
7569
7759
3561
9085
3717
1991
8903
5563
6558
5040
8189
7938
5568
8441
5594
921
7474
5968
5649
245
701
6364
2971
8971
5630
8226
2728
4896
4658
5567
8396
8097
9168
7832
9907
8339
4091
7367
1976
8412
4107
2590
3665
5585
1350
2929
9701
3051
8418
6844
2220
7245
2893
211
8402
1204
4788
4590
3455
5490
9263
4006
905
990
6644
92
8770
7736
8534
7255
6830
106
3991
7236
6138
8110
2698
7386
7621
2700
8524
9677
6478
7814
3347
1150
5204
8956
9429
8702
3550
9501
3911
6486
9149
100
1685
2675
8941
1258
4159
1965
4516
1162
13
2113
3253
5656
4073
291
8505
7402
6968
755
6965
9585
7528
3091
7642
5493
4887
9814
8306
9832
3704
7329
6194
7505
8087
6038
6425
23
8444
6363
8541
6559
5160
5315
7800
1233
7896
9547
4882
9137
196
6148
2532
3156
9520
9563
2572
8594
5033
3447
6370
4344
3658
4684
7457
2684
5919
5748
7569
8035
3866
8482
8957
605
2214
405
4424
2212
5290
6408
7596
5340
4931
9169
9635
7555
4797
3038
7984
8523
3466
7830
4989
4996
9993
4196
2901
476
7858
5116
5314
2148
1978
6847
5270
1714
7191
1927
942
9114
5139
359
3303
8624
5851
1030
9413
4489
5049
9901
7886
2881
7764
9046
4569
6036
3492
3960
612
8017
7504
3948
4354
174
1093
5448
3362
8083
3898
7920
364
2869
2095
8869
3384
3106
4527
6365
9145
8962
4783
8412
5427
7956
7229
2433
4384
2932
2278
9234
8221
3230
1315
2924
1610
1190
6005
3129
7530
403
7667
