7646
7810
174
5704
8088
6106
6149
952
8281
1586
2846
8410
6608
7060
844
5533
3771
9147
7616
8167
7720
1372
6506
6359
1158
1063
249
8259
8586
2447
529
6950
7787
4465
2705
96
1057
981
6092
2940
130
551
1388
9866
8646
6959
8562
9059
8357
4567
3054
5079
4886
1991
4512
6273
1303
3815
4545
7024
5857
7889
2366
5833
1057
5896
622
2143
4355
747
4475
2790
3055
4675
8037
7169
9984
6640
7712
4199
2501
1189
9902
4018
9393
5449
2064
5795
9953
6431
8792
7242
6435
9068
7083
2240
8184
5554
8808
2750
6336
6419
4704
7609
92
264
2024
211
3954
7342
6289
4663
6102
345
4523
4667
7987
8347
6440
5607
3832
4826
2190
7924
1954
7232
6354
3987
7591
5797
8984
4429
7831
4962
7863
6082
6485
2293
3926
9128
3425
1852
1841
2610
141
4129
1139
6090
4544
2416
4253
9837
9114
3201
8918
1510
4229
6779
5654
2859
3909
8037
2619
8157
8358
1860
6831
1140
2482
8441
8181
5694
4421
7311
2182
1979
2984
9579
7782
7825
6093
264
9442
5174
1543
9147
5315
4630
6044
6352
1852
9705
6638
1066
5219
5387
9233
3684
4252
8281
7298
9998
3607
6103
4234
8559
5415
1802
1018
6938
8525
4649
8996
7829
6766
3645
8594
7444
6613
9210
6544
2200
5096
6129
6588
8475
9055
3354
2092
6794
2746
9300
5327
9501
527
6094
6656
3339
940
2984
3731
3512
3612
9105
7827
7203
709
8808
4300
1573
6793
1788
7071
5041
1736
5097
4902
7477
9514
5758
9503
2060
9709
4223
4192
9225
9321
9495
7302
671
6989
5255
6504
3628
5478
3031
8588
5991
8302
9384
7766
246
9054
519
1
957
2228
285
7764
5429
1192
9178
3824
5181
3481
1671
3802
9388
4912
8602
7881
1214
1506
3629
4584
1537
5283
3442
9563
8705
6508
8910
9175
130
7992
9256
3006
9190
4221
3235
6996
9036
1730
1872
9478
7810
1431
1323
147
3807
9229
9199
1079
9699
1502
6552
8739
5425
5935
8464
5674
8785
722
9059
8921
2281
3
3694
7189
4224
8664
4612
5166
1676
1605
8845
9483
9634
4150
6773
106
3960
3295
5755
9476
7308
7831
9475
8627
1439
516
7580
3255
5757
7561
8210
8313
2671
2951
7197
7807
7737
4133
5922
5143
4616
4033
9402
8094
2656
7068
9105
1275
9161
8357
1713
5490
4966
9583
1612
4449
527
5066
5749
3707
1083
1356
9408
4115
3394
532
6812
6683
6953
8966
2369
9826
7372
612
4859
3275
8429
1381
5970
4370
1411
6305
4094
7400
5847
2720
3346
3087
1339
2747
7279
2670
8384
2215
4059
3260
4624
5286
4699
2124
256
2422
4322
194
5988
1886
8117
4354
4724
8336
6020
9145
9095
1378
2296
4777
7262
2008
8268
674
7185
3724
5343
4205
1686
9699
1442
5157
6553
1599
8651
3143
6681
3846
4114
8988
1983
3899
1412
3960
4602
8992
8363
3002
6727
8134
3574
7005
9918
9281
5997
2615
7018
4025
4938
6532
7078
116
8508
6288
444
2960
7801
3125
9684
2876
2463
5249
7264
3308
2794
3363
596
4307
6071
8193
5361
2340
7478
3552
6124
4436
5239
7271
5601
6035
6125
2656
8907
7582
1909
1867
5391
5123
3516
1642
1190
5238
3318
3850
5670
8325
9741
6610
6487
2634
2019
2711
7954
6744
1170
4737
2637
4955
164
6008
7720
529
7523
3649
6751
9807
6341
9682
1398
927
7972
5473
791
4428
7003
122
9022
3628
7881
7799
4694
8629
784
2966
4016
3414
4701
2163
6411
7172
9229
435
4958
7507
3922
660
7714
9669
7098
5863
1983
59
5211
5560
4662
6546
1919
3526
9741
1047
5715
9009
7074
2365
1313
9091
9745
4557
9632
3337
5105
4178
3270
4226
1697
7536
514
3283
506
6342
2408
9353
6530
2018
5815
4635
3417
5224
8304
7470
1494
1175
2421
5363
1456
219
3360
2593
6193
4830
915
3157
36
3760
757
7804
6788
985
3862
7125
6031
8636
3020
3399
8639
6361
2479
5055
6549
6678
5674
4521
6253
2162
1843
3929
1757
7907
2769
1478
4175
7920
7089
5675
5426
9251
9317
2769
1260
8010
7846
2431
1361
1178
1438
2857
8155
9021
6724
5095
7740
8305
6044
9514
9156
6393
6903
7874
1916
6828
6047
8881
8216
2383
2949
8111
1547
7344
7972
9387
7044
9709
3794
8538
8832
3242
3159
5074
723
8986
5774
2735
1183
7673
3737
5870
1876
7574
6519
9032
2347
1443
852
4432
1963
8964
4215
8977
8228
3327
1310
810
1049
7336
8051
8030
4510
7505
682
5913
3234
1829
7150
2930
1053
3312
7698
542
8646
7079
6234
3972
825
8939
7039
5600
8857
9362
6575
9867
9027
4181
6846
7396
7676
4963
1686
3846
9622
5707
1360
4370
6892
605
5798
518
4292
7922
3378
8650
1266
3673
331
1149
7092
7337
9984
2109
296
2450
9173
5148
930
814
6886
9053
4983
9753
5254
6089
1626
3851
919
2939
5718
1864
7080
220
3141
6521
1308
935
5983
7924
8600
5353
3849
5696
304
338
4979
9576
3550
7171
6533
6212
3440
6077
3718
6745
5535
4539
2667
7289
7024
7415
2753
7392
5430
5228
257
9764
8968
3775
1142
8238
9164
3005
2213
1532
5203
9286
9448
4915
1110
2049
300
3747
6405
9506
8423
1002
6501
6396
985
6768
8267
8694
899
1185
2600
6456
266
5076
81
5214
608
9775
6029
8295
7047
434
3864
2185
1541
6249
5090
7752
6178
4975
7114
9005
987
5923
6804
9254
3262
2571
2789
4373
9970
470
2105
1028
8932
8746
9020
4372
4833
5896
1440
525
7718
8109
2459
7988
7138
4316
4854
4736
1678
515
2515
5924
4070
3595
5469
4342
8271
827
1951
8036
6985
1655
8324
6577
8329
2835
3253
2795
7229
717
2918
282
3534
6589
1286
2877
3464
8816
2115
8946
7717
8053
2695
9455
7954
6181
6957
5336
3277
4678
6101
4006
3944
3403
3539
6062
9784
5882
9659
4302
1062
2058
7507
960
7597
2233
2390
7480
2308
2591
877
9455
8711
3005
319
8932
8960
8869
8622
2148
5877
7916
9518
2550
4616
8911
6337
130
3049
5224
3093
7582
9156
7812
7884
5658
545
1735
1857
5721
3790
9477
3028
685
3800
6645
5294
939
3084
4607
7102
915
7259
7511
8424
3145
2540
4956
6343
8685
5895
2259
4431
7084
9498
3294
299
898
5121
4660
8386
7224
7011
2900
8357
6400
4888
8833
8749
7971
3617
5398
7046
8441
8122
2177
322
1644
9388
4738
3118
5589
5391
3172
9825
1531
5045
5944
1186
506
6346
4395
5818
8423
6221
9877
3903
4358
9154
2024
8256
3707
6206
8372
5068
497
5212
5989
8961
7320
2971
8654
1510
382
1542
2796
1833
3839
3075
6825
1355
8944
7646
8243
1624
9221
9580
8622
2220
8245
8274
5964
2490
7363
6481
9410
9383
7019
8103
9328
6318
9055
6982
3865
7534
7692
2884
5435
6881
3424
8044
63
1283
2329
668
9311
6061
7962
6747
5847
916
6590
3769
716
9046
7007
6163
4146
3900
2132
3413
4813
5735
3746
506
2299
1962
3780
708
3932
6336
4144
1741
8795
201
8210
4680
161
6695
7170
3349
1420
271
2256
8412
9728
5286
6265
4819
527
1528
8738
1535
4749
10
3230
4328
7537
1822
8369
7349
2280
7254
2815
9510
6771
4849
4973
515
835
2327
6002
7451
6730
8782
1993
4541
3478
5334
778
7012
5696
8960
180
2403
7598
2609
6992
8785
6970
3882
7142
8339
8325
9820
1068
4165
7456
2745
1640
4878
313
5750
3984
8200
5526
1286
4804
5966
8017
8688
849
2202
1043
1356
1652
3320
7073
412
1912
4162
7857
6188
3545
6953
5184
7663
9126
6909
7714
7827
7085
732
3694
5899
6699
9946
4976
1980
6876
6311
7804
1025
767
8281
3032
4940
7295
6968
8167
7748
7092
7043
833
7478
7021
4125
2205
7030
3016
7863
2160
7895
8251
189
1603
116
8508
5143
4657
1706
8343
5092
3535
5600
6357
6831
5420
5263
3920
243
368
2157
8742
9965
735
41
9899
6216
8877
2574
7740
7945
8964
9013
4151
9909
2773
578
6678
2915
6431
2151
2311
6460
9405
1999
3508
5233
1120
190
8704
6941
3109
2772
7495
3
9153
8286
9454
1561
217
2292
6266
2083
3966
397
6128
4522
1448
6447
4057
4842
8585
1004
3812
8216
9845
2281
560
8735
6533
4666
5095
8687
3869
798
4835
6191
1518
4148
756
4487
1123
5116
2698
4139
5885
227
2494
9007
5870
8985
3784
4672
6133
3862
8356
2104
8959
9278
157
6871
7725
718
5027
5551
7197
7578
8214
3167
5561
9936
3003
7300
5691
9569
3718
3468
8306
9673
2331
9618
9786
1553
2865
7547
881
422
2553
7
2442
2730
7232
2240
3991
3884
6762
405
88
7146
6942
8306
2013
9327
3445
5934
5982
6484
8981
6564
143
4887
3798
9286
6946
539
7085
6171
7853
7479
4669
6774
5024
8206
724
2830
2704
763
3308
1806
2806
3312
3379
1159
2731
4024
7604
458
8107
6931
1565
4397
1440
5989
9863
7554
8932
7945
5293
3452
6799
590
2552
2608
2477
167
3281
3806
8602
614
3229
5219
3175
7174
3757
6830
1507
2638
6555
2922
2934
6626
8064
921
5914
272
5333
9034
8343
3169
3898
4758
5470
9856
5007
2215
760
771
8682
2563
743
3797
1856
7492
3701
6346
1221
4265
2232
3032
6046
6294
1390
2371
517
172
2526
1630
6694
2204
4833
4246
5463
5432
6716
8470
9748
3319
2167
1541
6070
736
3955
3991
2178
9137
4770
571
7220
9568
9050
1067
6802
5310
7123
7603
3368
3099
9338
4834
9688
9129
4076
6478
7730
6496
8333
6423
776
5230
6597
7902
2098
690
6961
5310
2338
7399
192
1380
5402
1955
4410
7125
3154
3765
7444
153
8309
9112
5101
6649
3980
7332
1852
6941
6660
7477
6261
5682
803
8346
9795
1989
2970
1147
8969
6111
8348
1812
5265
5969
2906
7958
9432
7733
4719
6950
3323
3964
9051
8180
8113
1663
128
9947
3922
4766
8837
20
8650
4861
1137
4509
576
7055
2160
2420
4155
2006
4796
1333
1804
6496
3847
9132
3742
6022
7899
4119
2222
9709
4153
2296
6630
2622
233
8131
1860
3023
7225
4202
7273
8328
3162
403
4831
8396
7381
2377
5572
2298
2795
1317
9167
7718
6376
1616
7815
996
6204
7899
6866
4718
7798
8940
707
8841
7879
7954
6821
4028
559
1131
4780
593
4059
3475
3333
3444
4300
5345
8640
5522
8546
9923
6913
2836
3128
8912
6246
8616
316
864
6818
9325
7336
2555
530
4221
9695
5990
517
9427
5555
1543
1738
1663
6536
8574
3659
2900
8283
4371
6695
858
9258
1344
6171
7875
2027
7871
5712
8966
1707
8205
3712
9695
4313
5455
3257
1504
2945
9111
3748
8310
4828
9213
9966
7002
8184
5249
6300
4554
5252
3345
333
5944
4168
5959
66
5991
6383
2654
2194
1824
277
1550
7719
7349
7831
2043
7350
1080
5316
2155
9954
9171
623
8385
6030
45
1377
9168
9690
6778
1570
1158
3714
8361
7872
7768
5527
8354
5388
7265
5120
290
6917
1923
8033
3277
1494
2616
9171
6140
7899
5219
9237
3097
3390
1162
5321
5782
9928
21
4614
7214
2964
5416
253
9118
7836
9357
9477
63
6515
8995
5692
8051
7034
9664
2253
8699
352
2753
8550
8760
9997
3549
8878
6351
1921
616
4970
6710
2446
9744
8425
5366
2651
7905
7326
1501
1669
8914
5440
2136
3139
9108
9625
8903
9526
1185
6063
3726
8908
6621
5430
7174
1470
5853
7217
9414
6537
3902
7197
7220
4386
2767
7616
6771
569
325
5400
9129
2337
752
7030
1437
7313
6414
5621
888
3924
9974
6824
735
4553
1244
7801
5825
4313
1250
3895
6797
687
7912
4963
7767
1717
8219
7749
371
1492
2853
8333
9200
5785
6934
1389
8155
9591
3992
9861
5056
232
6329
5489
6562
7078
6461
2667
3142
4966
1790
2457
9319
6430
8603
8441
4425
5789
9263
9720
9094
8664
5249
9396
1071
1641
7623
4950
7618
9854
9646
6234
320
1389
8838
6564
4358
2422
8400
688
5255
5551
4607
5405
9701
396
9014
2770
7182
8492
6964
2366
328
4272
767
6392
4982
6933
4418
4921
9454
1511
5048
3287
5319
5556
2136
7929
7591
2038
4082
2002
7389
8574
4465
3542
4056
9844
9694
675
2626
4853
7768
9126
2890
7279
5906
6048
621
2445
1581
7425
8004
3478
1234
3743
502
1319
85
4145
8259
1084
5178
5143
4410
4961
4977
1753
9807
7225
2336
5138
7238
3743
2295
4601
3743
5922
397
8040
9650
6088
7307
5145
457
6657
3998
3910
7339
721
3039
2737
9758
5548
2415
1541
9674
2624
4715
7928
2302
4152
6240
3396
109
6443
186
4260
1182
6633
0
4580
922
2045
4495
2171
3776
33
4686
7752
963
1066
4414
9086
4185
9598
5379
1690
1327
753
4927
1118
1206
2468
5737
5497
9847
3910
5035
4014
6470
9737
2727
706
720
8459
1815
7713
1053
244
7764
9641
7938
6963
6965
1235
9738
7154
9211
511
1063
8496
2933
429
1706
8881
3373
8453
6307
8997
2323
9865
4997
671
1282
1226
8339
3707
8365
5726
7783
7665
636
1082
2989
5285
3179
4243
5503
4501
5759
2692
4699
4524
2950
7974
6803
2298
9000
1839
5085
3361
1406
2055
7921
7898
4643
7266
5680
5739
2896
6030
8789
3484
2727
3397
7859
1850
7440
6420
5701
9129
2950
1805
3238
9631
5166
473
7721
3308
4422
6040
4707
6526
640
4422
6259
8580
3161
5090
642
5913
8562
9764
1605
9729
3903
1215
1796
9552
114
4953
4858
2580
6137
5955
410
9600
8817
8290
2732
4170
9545
2372
1316
6855
1323
2262
2843
8305
7138
9279
8688
2349
5777
9788
567
3186
200
3508
5727
3950
8676
8168
3194
9469
1182
2127
388
4685
4011
6658
9763
4871
2357
6471
6367
6190
8447
4749
8405
1640
8371
3491
2414
834
6264
2508
6802
6348
5388
7224
9400
5308
2562
8781
5494
1376
9178
1847
5673
9195
1874
8158
4294
480
9516
3816
9991
9305
3421
4376
4739
5450
5102
4087
5579
5184
5754
2359
3204
8673
5324
4039
9296
6786
7257
4454
2309
3576
977
4990
7011
6599
9075
9210
9766
213
9197
1934
1318
2448
2517
7496
2927
1011
2485
3950
205
8475
3202
309
5622
6819
8643
7000
3871
7834
8861
7507
3222
5062
1507
6415
8328
8430
7365
8139
6374
5892
4320
5366
5987
3820
1040
755
6156
7828
1112
8284
4301
3307
4248
3833
374
668
9368
192
7956
2075
5339
1932
1351
1690
8711
6256
940
6101
9168
4497
3646
4346
7575
4313
4154
7836
4322
1801
5779
7887
843
6042
6721
576
3205
9915
813
7673
6041
7660
9061
7172
182
4298
553
2388
4014
4297
5109
4783
9815
54
8660
6614
4638
9955
5732
9935
9679
2537
6346
7567
4413
68
1232
9296
5210
774
8484
8796
5442
3267
60
1508
5435
6473
4163
3276
3759
1766
3821
24
6692
995
8072
788
7382
107
5938
3249
4183
878
7994
3503
1313
1494
2759
113
3066
1257
7178
3239
5812
6312
9340
6547
9994
7152
1179
8164
5792
2455
6175
7912
8716
6321
875
3417
1996
443
1914
5103
4835
5235
4613
4564
5272
6556
194
3941
3714
4049
209
2501
4588
581
4212
379
1655
1524
794
230
8927
7774
7457
1727
4702
81
4787
4992
619
9341
8117
2623
9343
2074
8404
577
1699
4776
1275
3437
6957
7237
4449
1743
2245
3674
3324
8134
2108
495
1762
472
9649
1683
6175
7061
7777
2886
9861
5191
1769
5201
3322
4373
5931
7586
3158
2513
2177
3635
8680
6878
249
7356
3272
1690
3324
5714
9481
1028
6757
6653
2884
123
7578
7645
2974
7659
5899
1343
2799
8813
4914
6084
1668
1756
3915
76
5811
4659
515
811
5956
8473
1815
4883
222
2292
8411
4485
3736
2063
3404
8832
8433
5116
2317
3198
6794
8286
4612
5498
6613
834
835
9867
1964
4165
5688
1515
7774
3248
9903
4821
513
5945
696
4410
8308
2694
7422
681
9247
1414
7606
736
5408
6082
7650
6552
9439
716
3282
7524
47
5016
4197
5122
7637
1947
2919
6057
6604
6895
6710
488
2159
8582
8319
2487
4419
7906
4890
4099
864
3930
6250
5199
3227
99
4458
5881
6515
9136
2076
7058
9965
2378
4774
5496
1748
5574
6773
6360
9775
1364
4077
2351
4703
7118
8576
6825
7762
5162
2132
1532
5825
9183
6660
6117
8765
8998
1894
7538
7489
7038
9542
7467
4819
9652
522
9781
3808
2823
739
8845
1133
8530
4324
9499
9852
3899
495
6109
1522
7632
8118
1352
7003
543
1232
782
5718
8657
6730
2750
3679
9235
8871
2737
1821
6609
7532
5051
6595
8795
3017
4939
4422
3286
399
7295
4858
7160
6264
4866
8502
5784
6015
9856
8919
8189
464
4276
8420
9739
4062
5150
6092
7989
5165
1897
9659
1587
7678
3242
6366
5444
9513
2727
4614
3178
6930
3716
143
3936
5923
8558
2392
1863
4247
7894
3219
9014
3817
3632
6145
3256
6630
6856
4732
7866
8847
6433
8121
8501
7636
3271
9482
3021
8500
3057
6271
3287
5241
5740
1259
6747
4132
4483
3815
5503
2758
4228
3741
7270
8678
644
7769
4045
7097
3110
8813
2657
7994
6747
4331
497
5595
1642
6300
2652
9076
9370
3363
1189
1623
9931
3773
8077
2373
9398
9123
2147
3040
9228
5108
4619
2691
850
9823
6991
5502
5436
5924
5389
4243
3614
5293
8493
1409
761
1151
2490
8182
1163
6427
3387
864
2551
5647
8746
6871
9692
1672
7698
3986
6666
9616
8765
1639
9712
7806
4744
1818
9309
7149
3639
3445
7974
6946
8009
4638
5279
6667
1611
8246
6633
3965
1876
2801
1721
3754
139
5203
1077
119
5810
3763
8226
1403
7577
3997
6527
6854
1697
2955
6407
671
8872
4014
2787
9941
2890
5605
7637
4107
1592
3024
61
9452
7352
2701
7739
5964
9917
5957
7666
9541
741
9189
1339
9876
5219
6570
9368
4012
8110
8424
4970
8656
1839
5962
5092
7862
13
1779
863
4533
7566
6969
8527
2786
3702
8773
4050
4876
6257
563
6936
5739
5288
6865
9930
9683
2674
2911
4722
6319
6237
3624
5997
3167
8053
1405
7613
1390
7608
9877
5950
8138
5093
3133
1975
3772
662
8552
6173
6446
2519
4492
7755
7546
1487
9231
3367
4973
6032
5409
5187
7102
7057
4543
8296
3941
971
5359
4732
2297
1159
2660
7267
6380
4613
8798
645
2155
4890
6157
9020
4122
6737
8275
3800
1744
5869
8451
1679
8821
8037
2639
5358
2199
4689
8847
1081
549
4836
8034
2800
5303
3820
3876
5286
9859
7224
1375
2932
2689
8585
1212
83
9874
6388
1065
364
8781
743
6551
8071
2520
3679
5911
4260
8520
7302
5067
1690
5765
7717
95
7318
6856
3357
3717
301
2861
2989
3940
4519
4494
5518
8990
235
6824
2556
5483
5811
3623
8483
2299
9806
8285
9962
280
1623
7909
9615
6766
2556
2157
9684
7167
4972
8490
3894
3227
6517
2671
763
7502
5791
6802
2031
3576
7002
4689
5675
7435
5963
1818
9256
8066
7282
5417
289
9032
6893
3076
2093
2392
3245
6223
1383
2362
4810
8350
4017
1745
2930
9329
8966
3140
2860
980
6507
3003
6253
6385
3277
6934
2233
2180
802
738
2901
1617
9885
9555
8201
4861
6333
3440
577
8371
4256
9568
5419
9669
8766
8651
671
3929
4504
6634
2852
6116
5206
6301
8909
7286
2779
507
9799
5159
158
1065
5420
645
9461
3192
8465
4462
3544
8069
2995
5525
2562
4488
6723
6939
7584
6584
7619
4626
6262
8304
7676
4168
7885
6785
6410
3583
645
915
2082
5825
3641
5417
8212
3191
4148
4773
208
5573
185
6208
385
6435
3638
7326
3553
717
9577
1970
9701
6194
2888
5173
8897
1854
3389
1251
2759
2675
6781
4882
3817
2629
5986
7170
1884
7144
6276
3532
2790
2810
6376
2045
4440
53
7918
1240
530
559
3231
5693
4006
8675
1213
5887
2937
8468
6520
6357
9802
2897
2013
7532
8792
5303
2391
7756
448
6467
5442
6408
4440
6045
9179
6890
9818
842
732
8843
3935
2148
720
2200
9443
1088
875
5141
1415
99
4232
3416
624
9919
3729
9893
797
8843
3253
9136
7662
162
791
4062
5117
6823
1252
7961
9495
4322
6068
2095
7735
7677
2421
7654
2176
9812
8088
7703
4427
7249
6340
349
2235
2026
5784
4521
2315
9286
6093
974
7588
1596
1180
3773
1357
6657
7083
2620
9836
2914
5646
7093
4030
2136
5680
2947
7497
6075
7716
985
755
5550
4708
412
3821
441
1827
3090
1039
6730
5645
209
8228
5094
4507
6139
6496
8648
6296
5518
2728
5468
7867
1512
1603
9247
6319
98
6345
2836
7024
6239
1569
5108
219
2038
6887
768
9952
915
4830
3992
1580
3105
7269
5436
8864
8936
7629
9541
6450
8849
9778
2197
8256
5287
7682
3195
8808
4573
4122
1728
6745
8202
9706
9405
8639
3120
4874
2469
9251
5727
8695
5381
688
8735
3887
4762
4243
6167
383
7382
2468
6804
6386
8174
6461
9371
6851
4932
4355
3691
1959
5378
6792
3101
7247
3378
3399
7863
6796
5743
4061
5160
289
722
153
4396
1509
9520
1399
2920
8952
2641
4190
6739
9259
9941
1816
1531
2944
9268
6268
9942
8113
5560
3767
3316
8589
7586
1488
509
1362
6379
9370
4639
3321
7308
6515
5663
8021
2064
7861
7331
3532
1434
4739
9318
1188
52
3841
7306
1562
1867
4919
7528
9474
4119
7046
4728
6954
6836
5807
3923
8032
890
1557
2572
3271
9550
3418
1951
3426
6152
3510
880
1406
8937
6409
6678
820
4449
2128
8536
3744
4182
8946
9494
1460
1841
5164
9202
262
1786
8708
1184
6256
3938
9299
2641
9877
2166
6047
1637
6634
1890
3880
5409
8357
4039
6122
537
7709
367
3907
2505
4707
7271
178
3849
1943
2062
1111
1429
4386
4215
1688
1639
7443
2326
4623
7467
9638
3767
6801
8653
8402
491
1901
1854
302
3537
1137
7421
5719
4627
1493
9895
7878
6203
6476
8985
3760
5449
698
7814
1055
4617
7250
2418
201
2240
7965
6031
9415
8654
898
3941
3565
5253
4102
4216
5369
8323
3547
8406
925
3689
5709
9758
2722
1793
3761
1240
5849
5638
3706
4189
3069
8986
7598
3784
3241
9482
1652
8062
5571
5105
8006
7064
3728
7551
6329
2624
2100
2260
3615
5437
1901
2291
6889
7365
8908
7491
9696
8408
8478
6725
181
3777
4947
6709
871
4578
7655
318
975
5887
6670
5485
2834
5819
5683
8644
6030
5171
5464
1137
9139
3589
2022
8269
2287
778
2097
233
4875
5749
9786
3244
9583
8846
4923
4228
2117
7018
6679
1750
4968
1781
1285
7728
8766
6416
9456
1069
1681
263
1461
4525
2943
7340
7585
6592
1754
6678
4422
93
2481
7422
5442
5225
6100
3426
5901
3988
895
1455
6527
9011
8491
3713
6168
7357
2304
4294
9503
5871
1321
1028
8551
4612
4287
5261
300
2242
1260
8331
2473
5438
2596
6585
9269
7546
6339
6059
1627
5340
514
5468
173
226
3735
2450
6033
9229
1172
227
4287
7460
7175
8550
8772
1453
8870
830
938
839
3125
3659
2727
2563
8981
1089
6414
1906
4444
8622
1018
6245
2666
4162
5357
5853
854
8325
876
1837
9227
1070
1070
1032
4044
5013
8263
4045
7812
7816
8675
5508
5120
788
2214
6854
2740
7609
1244
2646
6035
4127
4785
2549
9209
8042
4794
3012
3193
2919
598
545
9953
9101
1611
2054
2588
1695
8519
3968
2826
2368
4093
6628
9946
5509
1124
1878
1947
8502
3112
3244
7080
8229
5801
5100
6285
8520
1823
6002
218
5250
852
4893
7217
8130
5555
6019
9176
160
4266
1045
9090
7276
9820
3666
34
8156
2603
3699
6917
2915
1064
4690
9806
7353
3464
1723
3299
6511
5768
4067
9871
2517
3749
7575
1516
9199
9411
1815
9954
5105
2702
1787
4235
2067
4154
9804
8409
2135
5066
8128
5917
8124
9084
7303
4185
6162
5086
9863
4666
3831
2720
2664
4391
199
1174
6573
3526
2245
2150
834
8745
788
3744
1812
213
9277
454
7738
3199
3660
3314
1163
1445
7640
8150
1746
3432
6446
3389
5354
4113
9547
7149
6122
2384
37
7395
4036
893
7580
6277
6164
9985
4231
9383
5128
4379
7272
7089
4908
5707
7347
6663
1005
517
1556
1218
6751
2048
9427
3141
7080
8855
6796
6721
9198
3639
7622
9427
175
1881
6417
6845
5618
7382
7150
1178
7213
8256
3021
7366
6159
9356
8481
9646
6765
2883
6143
5605
827
8819
644
1988
1466
4439
9197
7308
3188
7510
185
1489
6757
7844
6914
3027
9289
502
1044
3623
3367
378
4004
8494
9026
2060
6981
7723
374
7149
9956
6314
7495
2016
8599
1356
1236
4429
5378
1178
8184
9841
7989
9703
8071
1532
609
8315
2442
5454
357
6262
1838
2519
2238
449
4814
2149
2961
9405
7458
1473
6934
6039
7554
3870
3993
4741
9244
5558
1790
4860
5124
9865
5438
3525
2388
4301
423
7494
1451
8665
5281
4919
6792
3693
4475
4975
9777
8150
6541
9087
1468
5972
3720
6710
2906
1950
2148
4200
7538
5868
9070
6883
3663
5496
1138
1973
7080
8712
8061
512
1726
5466
7954
8792
6192
2014
9246
3860
9395
9017
4963
1094
9016
2703
3391
9151
6145
8727
619
437
2152
6222
9956
5583
9595
8398
1256
1295
2555
2502
7895
1064
88
6029
7360
6001
8018
4927
518
891
2704
8288
4804
8520
904
7976
7867
960
2105
1986
5827
8353
8093
7624
8359
5503
5509
2371
9197
7794
758
7951
1304
6893
1122
3898
1005
2986
5342
7390
1133
1218
8208
9727
7733
3864
1417
1436
4678
1618
530
295
9190
569
6674
9541
2970
2463
7670
1856
492
5646
5729
2724
133
4753
6983
7911
7397
7005
6970
4880
5618
4715
853
4609
144
8366
9891
4494
4086
4073
7693
7578
7263
463
8760
735
219
1580
927
8542
5316
3485
6897
5486
5488
5484
9594
2979
6881
3506
4039
7672
4648
5650
4676
4475
9715
2065
9397
4604
2572
3175
7770
6419
7953
8151
5461
9669
5992
6247
7692
5816
6078
8428
9563
2133
7817
5366
9121
4660
8772
6911
7613
579
33
20
2929
1613
5786
4285
1020
8153
2183
6323
5969
2141
5714
478
7533
7336
22
9924
6987
633
5814
8222
1594
6220
6086
2543
6658
4348
2943
4737
5832
5660
5562
7190
6385
7932
5221
3848
3883
1707
5227
9538
3633
9754
2458
7422
6418
7338
7833
1784
4637
8848
9924
6979
4765
1811
8425
6709
5526
3242
7626
6671
5210
7445
491
308
6579
8523
4093
9600
2115
6174
6040
5280
5406
6276
4589
1839
3761
8664
6125
9319
6515
1158
100
6984
5736
8582
2425
4574
9506
8512
8321
640
4080
8555
4328
6187
9263
2150
842
7894
3245
8232
9669
8462
2807
4644
1572
8489
7221
6586
2947
6862
