9045
6440
9457
1560
5767
7564
5552
5811
9460
4429
4054
4196
8081
3488
6852
8181
2479
5265
5013
2060
4299
9708
3888
9256
3668
390
1800
5259
200
4123
1462
9160
6417
4154
193
5476
2328
981
5983
7213
6299
4601
4561
9895
7905
5648
7865
8535
3976
3442
3479
7952
3171
5009
1252
9337
2551
201
7891
5377
5764
293
5611
5336
2966
4893
7778
3927
3295
1376
5852
1497
9282
7799
5760
9697
5147
3993
1350
8019
2525
3264
1282
6757
644
3510
5988
1407
2901
855
2924
2127
3090
606
1448
6006
8990
9224
6928
3011
7870
3937
5239
2600
7589
1981
8670
5372
9249
1555
4190
8558
8850
9871
2852
2500
9010
8853
4692
9456
8905
6370
1026
2439
8451
3725
8407
8676
6350
9753
707
5922
7064
8339
149
8587
8024
8682
9167
8662
4840
616
2158
1345
6665
4366
3276
3218
7753
8948
6996
136
4531
7471
4106
1499
2911
2800
4148
3864
3574
9994
9021
9496
848
8267
1493
511
9722
4264
4475
327
9686
6030
4616
8289
4212
9680
5773
4084
448
5188
922
7402
2756
570
1390
9593
4232
8650
5675
5224
4533
5302
5088
4846
1594
2661
497
8398
2873
2765
3496
3488
4473
6669
450
8501
2855
5817
7286
3230
7026
64
3416
8385
9071
1618
6739
277
6877
1900
6278
1071
8589
9250
5793
4383
941
9769
6694
1550
9182
7375
1211
7682
1692
7433
2929
6087
120
2888
6737
8415
1363
2444
8198
4469
1886
6702
5774
9976
5922
220
1521
972
6486
2424
4899
5222
875
6067
7559
3086
9122
5736
4048
9650
8852
5733
6693
1638
8689
651
157
3988
5162
7862
9708
6144
1052
1323
2496
4239
3994
6718
5628
8962
5854
239
1195
9267
2533
7706
5212
4053
5328
3651
9293
5627
8396
8547
5617
6152
9
4136
1286
5270
62
7532
5809
8624
2716
8755
4169
9551
3570
3320
9091
2404
107
5085
3796
8613
4537
7426
9104
983
5439
6104
8659
1511
8569
4080
7747
2505
5706
6344
4229
9858
5431
357
8899
8321
4429
2571
6550
3778
3537
5660
482
2008
4560
6888
5519
3311
4750
7004
1614
2583
5032
303
9831
3958
8873
4297
54
8636
1008
1664
3845
7226
9091
9232
6972
9750
6185
5475
4183
1965
875
5325
7446
9779
5621
6651
6951
1681
8560
4435
7755
8701
4729
1646
4826
5128
526
4941
9448
131
2517
7914
2770
1872
1814
3256
2916
5327
9915
5769
7126
9275
2820
9648
1707
9706
2857
51
8337
2221
7346
8373
75
6572
3909
5143
2496
7445
4406
1844
9224
1244
6026
4052
9448
2961
2555
5573
7964
2364
3734
1624
1765
2791
7309
8479
5881
5080
9938
5119
2271
474
6603
7226
2785
4144
7839
6197
7963
6670
760
5471
920
8071
6545
5882
3248
8767
200
8746
7150
7284
2086
5972
8487
5721
6607
7283
9263
5429
9262
7415
7506
9287
9572
8749
4640
8800
1267
5303
5121
6358
7609
1294
1604
8262
703
3693
6246
1427
5231
7113
4879
1191
7968
4987
8387
631
8739
7063
7536
555
6934
2534
7408
3344
7964
1633
8499
7795
1241
4447
7500
4896
3624
792
9674
792
4368
224
5018
2914
1037
7835
198
2148
2536
6315
1318
4585
362
4008
61
4204
7767
4566
9424
5075
3885
8259
298
9070
5194
8450
185
783
9613
9982
7566
7176
5312
7594
6262
8514
2045
4622
9518
9098
2336
5260
808
1649
315
3914
7433
7233
4386
3296
7129
9058
1367
4599
6907
6108
9926
5948
7719
2586
7650
9414
2534
2553
8748
4141
9272
2767
7746
1546
2158
