4394
6432
5968
4952
2890
744
8526
8085
9531
1338
8274
7646
4923
7011
3299
3871
7395
8709
3793
5720
9432
2417
5895
6964
9291
6328
4282
2074
6430
5922
3768
3531
2152
5633
3451
2858
7375
1521
3774
1560
4480
1391
2765
306
8469
2276
7733
3058
4700
4703
2915
4270
445
5970
8595
1977
537
9003
5661
6561
6461
6451
1654
3609
7569
4742
5493
9289
3560
440
6496
5874
4935
2233
1239
8041
9651
5588
8495
7014
8594
1224
7373
1727
3007
9497
3086
6182
7038
1473
2321
8371
5859
7212
5098
8028
9736
9156
2736
3726
6782
8444
9497
4259
8206
7040
9335
8211
4730
554
2326
4948
508
8646
7967
5236
9078
9926
601
8071
1656
9311
2251
2087
8119
8125
14
7722
7134
3211
8304
495
2852
4768
232
149
1727
3113
3521
5966
162
4874
1451
6483
9147
7372
7862
7213
9244
9862
8950
9810
8554
4664
2069
7471
6192
7410
6140
80
7025
1612
1076
1518
2250
1831
2096
5740
8414
7818
3509
5964
6405
4635
7909
6781
7859
5767
2939
747
263
2801
8478
7272
4261
8494
1940
8188
2698
2761
3956
4316
6973
3440
8940
8549
3798
9933
4233
7316
5276
2121
8798
1426
6352
2985
3404
3919
6754
5287
9611
425
4470
5392
9816
4224
3134
3804
7256
3756
9890
3907
3041
5653
3861
9192
8990
2965
5694
9360
2983
7926
1533
5623
5470
8142
4003
7052
919
1275
5089
8021
1433
7410
3149
3531
9845
1581
3623
4716
5415
9994
2676
477
7425
1368
9080
3145
7565
7160
3995
439
8225
7394
2304
1685
8891
8847
9922
1674
221
6082
2884
5980
8666
1869
2474
5630
2503
330
9347
7409
9341
977
3945
2989
5249
1056
8197
4102
9061
857
9486
3759
7280
4650
9796
4038
5106
1464
4639
998
1659
1949
4495
9332
7109
6695
1810
5556
8893
3449
641
7235
7813
6586
1097
7247
3449
9314
6435
7835
649
5819
2612
9363
6595
9125
8700
4015
2073
8435
524
1039
5690
8348
5749
7392
6482
4612
5880
8554
9245
2641
5208
5612
215
2251
5946
693
3553
2548
589
5791
5028
6804
348
5839
9336
5131
2737
7983
7994
7795
3482
457
2925
9602
1544
9464
836
3705
765
8836
3434
7881
8589
8007
611
7000
9148
4343
3179
8006
462
9524
7846
4732
6010
8886
7999
9910
8055
1350
1874
7896
559
1450
9159
4750
2687
613
707
6482
9857
9847
1783
1752
2357
7147
8214
2341
5227
2336
5983
8394
4804
9988
7332
3958
2611
8192
3591
2657
1464
926
5649
9415
6962
5538
7321
7139
8848
5861
4312
8535
3635
6696
8149
614
7741
6093
2375
8863
672
5658
4682
5719
5366
3480
3091
571
4117
5200
2138
4494
7021
8049
5017
8930
4198
2368
4790
6818
9826
1074
3492
9366
8023
7448
4758
8107
1838
6718
6216
6517
5817
4728
1985
5805
6243
9930
4048
3481
2447
6749
3022
3647
3722
9818
1513
5586
1679
9219
6416
5373
1303
5556
9037
9597
2165
5315
7695
7917
8722
4983
8733
7398
8983
5620
8677
2293
6063
9212
2686
4268
8319
1308
4371
3076
8051
9845
5644
8205
5935
9171
6428
2619
302
843
5214
260
5691
2388
3640
928
2234
6131
4758
7463
8016
5624
4663
8101
1141
9220
9522
2467
6532
2148
7053
9994
1185
5960
1545
2320
9670
9490
1982
9550
8554
6113
7096
8140
406
8416
6602
3675
5571
1758
2033
2188
6550
6907
5059
2427
5181
7543
7064
6715
9649
3961
6087
8154
3790
5220
9075
9730
842
1319
1257
2744
4148
5208
8909
1902
8527
6523
7695
2724
2618
5846
6895
4773
114
4865
3444
4277
901
9118
7138
2127
2426
5267
9901
4592
26
8942
4349
5186
9341
6871
2833
4251
500
9289
8039
1341
7998
3156
3900
8658
9848
4339
4097
3802
7066
1313
8039
8924
1775
4797
8829
1723
4181
9129
317
8881
5306
4316
1876
9585
2173
2508
3383
5746
3013
2643
4272
824
6826
2102
6279
7744
5218
8480
2279
8086
1169
6098
7526
8713
902
5425
3410
4543
8042
1109
70
1371
8971
9157
6035
3681
1280
4314
6484
7339
955
8350
789
4423
7040
7215
2098
9673
8518
1084
6505
5701
6850
2231
7712
9207
6790
3162
8682
6748
9098
8840
7704
1903
2572
2901
1852
7668
6067
2597
6464
903
1995
4940
7131
2818
5309
3103
1672
3687
3327
3737
6024
6957
4604
4369
4520
6740
1445
6827
6891
8117
5631
9736
8240
2115
646
8885
1850
4139
5362
4429
3606
5920
4620
5602
3705
1910
5099
4893
3898
3687
1489
4995
3421
5361
2815
746
7299
8203
8380
5111
6223
9239
5706
8346
5271
2259
6699
5015
2172
6423
1252
7533
8324
8898
131
103
2337
9002
663
2610
1640
6552
2929
3204
6628
636
6315
2879
9299
9900
1586
3647
5758
251
8205
4366
214
6274
330
1446
5210
84
2720
7474
2434
3955
6671
4523
5230
2711
8409
8297
7539
5770
3470
9671
6310
2502
1717
4635
5944
3819
5716
2272
4837
7605
1775
8073
692
5764
9889
6062
8671
9217
7399
1556
3831
5455
769
2672
3965
1792
7649
6587
1491
3289
6107
9988
6780
8534
8055
7712
4556
5695
5502
1391
4368
448
2636
4829
2180
8597
3830
9465
2822
2346
9625
8322
8370
1913
5839
855
1732
9045
669
4151
6170
9128
780
1548
1498
1787
1292
2158
7708
2176
1506
2976
3714
6008
7188
3382
2818
5940
491
5367
7961
8184
3764
9144
3663
7784
1618
4866
2694
7200
5980
5510
5025
1350
5220
5239
9667
1088
3331
393
7304
1672
1756
646
840
6649
4607
2361
4725
2456
8036
5792
8553
5302
6190
7986
5364
1636
7885
3713
169
6426
9463
507
6196
5995
7950
2364
788
1949
3715
1730
2609
98
8062
6289
6427
3118
8304
7013
3177
9256
141
237
9164
187
6957
9723
5160
7234
9875
8031
3203
9617
223
878
2208
1248
4450
4845
8698
2242
1573
2776
8741
6306
3183
8455
7239
9900
1558
2245
3331
871
536
912
6285
9226
1343
6008
9038
8227
7204
3553
2074
5683
8526
2991
9874
7184
4081
5178
8668
3459
8315
934
7683
7365
1495
2857
7004
8501
2484
5259
5675
7629
4699
2332
9081
9311
4593
2981
9904
8441
5807
471
5038
8019
701
3058
7779
191
8580
54
5819
6380
3577
9872
2556
9602
3229
8920
7730
8486
9004
536
5742
1945
7878
4444
983
6194
3910
563
2591
1099
5274
226
7651
7843
5895
9663
6663
8436
5077
6812
9921
2429
9440
9295
4051
4827
9776
9478
6081
5673
5250
1418
9437
5270
4728
3093
141
6257
2075
1585
6281
8016
7463
4719
1105
3351
2220
4712
3706
3565
2256
9293
3408
2191
614
3313
2504
8582
393
6156
6418
4431
4481
6918
5849
3855
789
2380
3114
2802
9522
405
6361
3492
531
1905
4966
4721
8189
700
2606
5063
5771
2516
3416
5956
8009
7245
4656
1415
588
1558
5864
5918
5166
1849
3534
544
8870
7250
2561
9839
1597
904
4042
1850
2932
9916
1660
8709
8346
7783
392
9692
3550
1355
8660
1965
3502
9892
5846
3543
7724
1698
2213
7963
4541
443
8325
8681
8370
4421
5850
939
8138
2766
3465
4867
8474
1565
3024
8093
5585
5946
3069
2804
1165
6171
2368
3811
3189
1569
7042
8977
1404
9017
2115
9899
8690
6078
7309
2488
1590
2978
338
3924
1932
9453
1554
784
7889
3792
3491
1936
6867
7752
7958
1777
8629
9408
6797
8370
8075
4514
5492
6800
7379
6873
9534
9120
650
3566
6176
2395
4255
536
6502
2606
5607
9144
872
1712
4616
1583
5921
9396
8078
5105
2110
3651
1059
337
1269
9281
9280
8939
4413
7076
7486
3537
6545
5059
9918
2433
133
4323
7616
1095
7681
6331
1249
5352
6169
9485
8536
5085
3753
6491
8592
6095
8722
2273
4763
5883
8061
312
2297
6894
3114
5316
6122
9426
5120
2069
2599
5812
1793
2183
1450
1598
1780
6982
7424
5778
2401
5706
4168
1784
744
4194
5186
7921
8483
1391
4815
4271
296
4035
4372
9820
2026
721
7981
2364
209
1823
232
4099
6885
2724
3292
1570
5041
6994
4314
1740
4849
8984
3481
2354
6144
513
6150
8919
130
8200
943
3729
7254
8327
5515
7757
7810
1629
9571
1059
9000
5060
5569
578
5474
68
4898
8020
902
3615
2880
1488
7076
3075
9422
1311
553
2018
3676
1513
4571
9062
2233
2008
879
6503
6844
8557
7209
5534
3759
3411
7422
3255
2739
9788
3415
2903
6879
6075
5614
8129
8016
6514
5319
9454
6652
4179
8905
4203
7203
5792
7952
8058
6488
9938
2826
3560
9698
8971
3223
6340
811
5367
9856
9469
4066
3821
335
9633
7896
7650
5138
7601
5898
6441
1045
5718
6688
1425
9850
2665
9652
3005
8330
7967
5458
9363
6766
2800
6962
9854
3204
7908
2851
9274
7318
2649
6658
5850
5388
2831
3843
9271
6307
9553
653
351
2160
47
8893
7107
6872
8273
9120
558
6687
7805
7036
1888
4010
4702
7054
7534
2671
8041
4445
7230
4749
6624
9122
8396
9060
838
6036
7018
8821
380
6698
8777
7313
5106
7203
6719
3907
9854
2982
4931
8787
2293
2586
9513
5612
4769
1839
686
5777
6309
6600
8265
5107
3423
5602
5536
924
497
8047
6034
2236
2102
1736
6307
1107
8259
4574
8904
7498
334
3627
2816
5058
9513
8442
2456
4037
9609
2783
4290
8998
5350
1241
2512
3780
8432
3669
3890
9504
1667
5794
3410
1807
6948
2694
6685
556
6279
8406
7352
195
2935
3187
5442
2682
3783
3206
5593
4980
3146
1498
1315
7713
3756
7035
6886
860
9224
2526
2674
4590
684
9399
5831
4539
216
1009
8110
6819
1757
1900
7758
1203
5431
4095
6062
2162
5799
9830
9997
5225
8075
8910
6357
168
4479
5697
8050
9912
5808
5824
1331
3752
5731
2762
9510
3535
7355
902
2465
2773
5096
8774
3222
1246
3739
112
2282
9661
973
4723
5061
9394
2529
7448
6514
1774
3042
5663
60
4519
2958
8197
1010
5932
568
4006
5471
2668
4584
2526
4806
4896
7364
7223
129
9300
5687
5111
6428
4367
3415
8389
8939
1084
763
1936
1223
8283
6247
7736
493
1692
842
7946
9814
6898
7764
7289
677
9733
4641
9613
5076
8446
9917
164
2030
5305
7318
7213
6086
7930
9234
5693
1104
4569
9258
9926
5169
8631
2782
7188
6421
6847
2033
3114
4054
9418
7408
3230
1536
8397
4433
6695
9725
3802
3312
492
1167
598
9906
5918
964
9033
1650
2562
2458
5148
6842
5245
7640
7838
2120
2045
6951
7453
3191
8229
6413
6802
6110
2612
7896
4088
5677
7688
3496
2538
5967
7302
1257
8765
8758
4570
8725
6864
6223
7387
5197
9470
656
8905
2575
2163
5590
3698
6276
2387
9744
2272
610
5083
4079
4364
4488
7294
8021
6876
3356
3961
9066
9919
9181
9539
3987
8874
9079
7550
3320
87
1229
5804
3031
6943
6146
7204
36
5733
8497
1978
1412
1108
2794
3694
6691
6174
4686
4394
81
1431
8842
9347
4030
1236
404
737
9724
3036
8175
6716
4619
8726
9067
9656
1043
4805
2051
7136
8218
7283
7257
2288
8379
1378
2549
7957
7124
5486
2847
7813
4188
4685
7468
1889
1244
1881
1773
1795
6539
5409
7480
7000
7557
1781
7359
2686
2041
3137
2650
1886
4122
7549
6175
2798
4173
6553
968
2652
8686
2446
3612
4237
188
361
2527
9934
1257
7177
8412
9161
3032
255
597
2809
9802
257
4730
6598
4018
9863
5915
3986
2835
961
3691
6638
8509
4670
7716
4690
913
9121
3108
4092
1796
3243
6812
7195
9253
7425
1429
4864
4725
3489
8854
3866
6952
3366
2995
3915
1823
4370
8633
8823
6531
9626
1401
9226
6670
5889
1424
6586
9460
3721
8247
3910
7146
6505
1012
6559
3445
7534
7344
6593
8433
1050
9260
9346
2107
9824
9686
5142
1675
3800
2867
6543
487
4285
7560
2170
1841
7586
525
3364
6000
4843
5403
1004
5241
4943
6720
447
2354
6435
470
4288
7025
2040
389
5480
365
2054
7118
6846
6202
6282
4910
5660
853
1704
3423
2861
8944
8842
4717
5859
7009
3980
592
3590
5647
8256
4105
7164
3104
9239
2788
5239
3330
8579
9517
8446
3895
2080
1804
9787
467
3679
7161
9718
9932
9743
150
3536
1519
3858
1502
3512
1718
4611
7278
3044
1447
6799
9833
2109
7949
9954
3742
6963
3493
9670
2329
2274
2186
4976
8966
6864
7037
4930
5391
3330
6819
874
3658
5903
8105
568
5644
9245
7736
9276
3521
8719
1300
6473
6999
7095
2246
9695
1837
513
9936
198
6224
261
7414
7876
1350
6543
4891
4638
6474
6787
9219
3948
6225
572
3140
3929
4003
7381
4309
4496
9226
4217
6148
3610
973
5713
7977
1870
4617
7341
3093
4878
3393
6621
4649
3396
8489
228
9218
9101
4354
3098
2801
6734
9499
7351
247
6426
3955
8317
5691
4456
6203
5440
971
2006
4112
3803
6902
5636
8566
3020
20
9133
3694
4340
555
9604
5922
9744
5439
3774
8163
5208
142
6127
1416
9414
4110
3622
5465
1550
7915
6299
1649
8636
8674
7953
5649
2643
9283
4685
3326
3581
535
1333
3077
3667
3039
5158
6796
643
503
4211
2878
1916
6293
995
5298
4843
590
4698
9693
3280
171
7015
5105
3720
7483
5057
5666
2601
3954
3279
460
753
448
4581
4672
8808
3049
7748
6374
8951
6825
4822
1046
3704
3421
9733
2343
7679
2655
806
2052
4585
4992
45
3410
3519
6228
9357
6184
7982
9492
4194
6689
7224
3750
2124
1468
1711
6322
6489
1793
2841
8323
742
6454
5349
5969
1400
299
7750
2714
7987
9946
3148
1227
5875
5761
402
1171
1153
2580
3692
1563
8392
9458
2630
8132
3822
9953
1297
8264
631
1356
6165
9012
9210
6261
4249
3590
8061
7550
4827
9057
8434
5267
1505
4248
3541
5996
7875
6363
1065
539
5169
3909
8100
1277
9931
1284
3824
7216
2146
1446
9002
9485
2082
6630
3780
4135
2016
9613
1511
6812
3110
3602
7752
4635
3129
3124
7952
8382
4591
7825
2078
4933
7199
91
6186
2256
911
7932
6330
2965
9766
844
5403
3381
55
8948
3184
4874
467
9405
3980
8262
4851
4253
7429
1567
6157
3465
8148
6806
3331
5442
2625
4321
9368
4068
2286
1990
444
1524
3223
4083
3282
8545
7045
2266
8199
4371
4579
4180
9939
3078
7914
5185
3845
3815
81
2945
2662
4619
6099
7445
9784
9524
9634
4324
8219
1081
4012
5987
6662
1194
4429
8942
6181
9897
4979
6306
7207
5163
3367
1785
8886
3968
6866
252
7527
7439
476
5552
3986
9340
9328
5825
5425
5777
4298
3758
8911
2721
4046
7117
358
8591
7517
8745
8648
8972
9003
3947
8836
3775
5737
7499
1251
4313
8559
5816
2658
9381
6797
779
605
8460
2001
7321
1865
8604
3517
404
5598
1221
7395
4486
1116
6250
1427
294
6450
8120
1604
8555
8436
6528
6716
210
3602
1828
4574
1112
7218
8482
1100
9529
5924
3266
6511
1898
6590
195
6879
44
5454
8599
8349
7615
6380
1251
6382
5000
2886
8264
9366
4537
7776
8241
2343
4077
1744
1790
3719
37
4029
2404
3185
7115
120
7865
8562
7849
9738
9528
3703
6254
1240
1560
3100
9837
8178
9100
3830
2351
5445
9573
8226
8953
9116
6562
1752
7682
923
2434
154
4800
6476
6842
6014
3050
5413
1233
7494
8514
2688
8533
5261
3357
4560
3112
3297
6216
5141
2506
5898
2643
7959
1367
4591
4455
4178
4232
7999
3558
6113
880
6926
7304
9374
8903
9777
4397
5546
50
4423
6945
1606
5315
9663
6912
4312
4869
4392
6004
3265
5536
2540
8416
6536
7510
6840
5109
2250
1558
8871
1181
3234
3936
2401
1808
1606
7957
3982
5657
3334
8899
670
5091
8082
8953
1037
2644
1704
7679
143
9309
9839
1995
293
576
8339
8509
767
1864
2062
4668
2147
3987
1178
3242
3710
7669
2913
7854
5305
6354
886
8735
2669
4365
4865
7449
334
7583
6473
4196
3405
4571
1415
9561
1341
1238
3643
1825
3468
3097
7189
2117
3594
8666
6752
6683
3912
4840
5242
3367
9731
3849
2373
3788
8422
1104
9326
5927
5710
890
8175
3184
5391
7866
1263
7576
2571
1617
1900
2472
4026
1088
4386
2208
9164
8769
5140
4003
7613
8182
3536
5493
2341
3105
4465
9555
2197
7626
1138
237
1912
7715
6114
2578
4921
4005
6726
5728
7403
9176
4111
2295
2939
2769
9340
8642
9462
165
4624
9653
5963
5322
8314
7527
7353
2681
843
2285
3401
1707
5378
4945
478
1663
560
6311
4974
1808
7286
5159
2042
9412
6599
8437
4071
1241
2554
9571
3764
5822
92
2032
3002
1485
4273
6589
9401
8586
5224
2239
3161
4440
2326
5695
3797
9165
1816
1275
2209
3029
3668
7654
2878
9465
7610
6551
8723
9876
3456
6112
127
1271
8521
7579
1614
3346
1943
8992
7390
3971
6909
6387
6584
5046
1997
7602
7085
904
4639
4905
9424
1278
7362
735
2153
2438
9153
3537
3874
7722
7866
9524
5130
9111
2112
1890
5919
4747
4081
451
7222
2823
3885
8238
6119
7281
1070
7831
7467
8
9465
7818
5237
8550
6687
8848
3909
7785
5425
9176
4193
8405
5118
9668
6104
7385
1257
7472
2934
107
1682
2337
6823
4188
7682
6600
7393
9123
4615
4872
1367
1321
6069
3865
8256
47
4287
6579
2423
3263
7980
8133
9322
4904
6258
8817
7705
4216
2133
8734
6023
3597
4897
7360
8326
7127
995
1048
867
87
1455
4785
3170
552
7808
2871
2336
1252
1411
6057
3097
4677
5048
9670
2126
3548
3015
1918
7930
8865
8894
3176
6990
5881
8848
7770
6423
8708
5539
1128
9052
3238
5712
2336
1808
3194
4963
8769
7096
3386
6480
6453
2804
6076
5636
1346
8548
5226
5233
4777
4112
9076
3118
2001
1192
8278
7795
7288
1704
38
6447
3627
5712
282
7005
9859
8965
2712
7862
8932
8584
4246
4822
4543
2384
2441
371
914
244
7502
9221
1197
3475
761
7016
9975
120
3710
1143
3529
5399
7675
7065
7057
6939
2853
740
2521
9070
5777
2381
5836
7363
6301
6193
9866
4254
8574
9616
8751
7906
6880
7043
4201
816
5250
152
4950
3266
7029
9738
5254
1569
4333
3532
909
7180
7764
7604
9531
1700
7849
1843
4467
5121
3385
3833
7173
4568
7150
5721
1545
4093
2392
5622
8518
631
2863
6240
1689
2701
5790
9255
2040
6038
7126
4266
3030
2769
5284
2685
6489
969
85
7050
56
5037
2576
9080
7431
1416
2978
382
6115
1308
8192
1160
9176
8710
5013
278
4317
1524
5915
6830
5910
8594
9802
8428
7994
9118
803
4404
9284
4465
9231
575
4008
5341
5566
3481
8054
3783
8809
272
9722
5407
3140
732
7845
5965
5089
4319
7755
5005
8367
4965
5054
3255
1140
1462
5234
4147
1085
8313
612
8574
1097
1650
2076
7617
7152
3835
3144
1531
2223
534
2714
5642
7107
502
5454
9070
583
2028
4028
6483
6648
4278
6097
4266
5521
752
4201
4103
8247
3907
2697
496
9659
1148
4309
1490
8655
228
8813
1254
1175
6223
2782
7833
2250
9411
6148
637
6008
6163
3564
9057
4284
4129
1925
6819
5552
7810
2095
6399
9634
9040
3284
8316
7837
2218
5983
5958
6192
3964
415
355
3215
2774
5307
425
1495
8264
2016
6110
4604
3563
8095
2083
343
3640
6211
5530
9223
7490
5937
845
8133
2414
1619
2135
2939
4466
9996
31
3428
189
4444
2044
5748
3209
5841
1510
8821
1500
5323
7288
5793
5985
1794
6070
944
1200
7973
4197
6007
452
6735
8702
8026
9569
2222
801
1154
3172
7485
7029
8267
1984
2682
4415
9119
6051
6334
7134
7798
4700
6708
7722
2167
8649
5051
2147
619
5549
1190
1738
6493
5799
4024
2975
3454
5742
4017
6179
986
5040
356
5649
4014
8293
9020
3808
3302
7379
6951
4893
4866
838
6398
1306
3744
9012
6535
9377
4517
74
182
5605
1981
5746
536
2468
7960
9707
960
3377
2033
155
6147
2757
4344
1059
3708
3873
9629
1242
8845
3239
8597
6297
6872
5654
9400
2717
9230
4441
9206
4640
1661
912
4858
4751
3668
8268
7757
6551
5848
3595
6419
3574
2860
4710
4691
3641
6962
2685
5304
2661
9747
3275
1228
6942
7007
5684
8873
4881
3068
5242
476
6518
4170
7392
8494
5234
7898
9592
7390
5439
6115
3077
5394
5249
6820
5023
3437
2162
962
5758
5754
6545
9137
6544
4892
8386
9684
7916
7743
7984
9394
2876
3483
605
3119
9900
9403
5467
6216
9457
5743
7369
5294
9864
6546
6670
7880
5979
122
1984
2246
6711
3918
7309
9487
3930
7381
7625
2500
108
5550
9982
1848
9406
6044
3239
9594
4788
2130
6920
5619
7969
5945
1505
15
8385
1251
9272
9998
8222
505
3704
7793
5759
5737
2683
8957
6173
1117
9188
2518
1778
2967
6108
3907
5760
5520
5887
3820
3307
7076
3091
3848
3202
6365
4276
765
2413
7294
1102
2679
8108
7627
4277
9602
1845
2189
6089
3669
3361
4281
3420
3671
2942
4401
3840
5002
9837
7598
4255
2864
5363
5452
6690
1146
7413
9856
4591
9393
1460
1918
6544
8879
14
6508
4410
4150
8689
6505
2061
3571
9431
2217
458
9026
3655
9420
906
8800
2524
9274
927
4815
3038
8238
7315
2655
936
3131
2189
1989
7597
6696
2209
1442
7736
4541
3656
6433
9991
9689
6313
3332
5536
683
3433
3146
4993
7664
7490
7993
8950
5790
6868
2186
990
1729
5840
1776
9193
1754
3214
5557
4316
72
5973
2734
8
9015
1289
9113
5763
4472
8809
2835
2960
7595
9278
2355
4805
4169
7661
3272
5640
4195
3039
1807
9827
22
452
6007
8701
1880
7240
8237
6475
755
9015
5463
4710
698
3137
5977
6375
8377
2229
4477
6980
4033
9225
3394
2450
3485
6970
5023
4092
9942
9916
120
7033
4165
2907
9985
8563
5281
411
3882
7231
572
6359
2205
8579
3814
7644
4106
1031
1684
6897
7263
1965
8561
4826
5793
797
7058
3557
5216
4910
2216
4145
6533
838
8895
8430
544
7790
3151
7414
1093
7965
8347
7245
6408
7673
7020
4814
8635
5840
2863
3991
2408
3045
2653
8154
8471
9339
7113
9188
1505
1724
5195
8972
5015
6427
9826
1366
9684
5384
7100
6316
7880
4269
5803
9297
3618
1316
8418
8119
3777
2243
4921
9376
2046
8224
1736
3488
8185
741
9959
1205
676
3963
5909
9368
2770
9375
2230
9981
7847
5653
5130
3251
8739
6547
6111
8138
7241
3356
4535
7155
921
8994
5410
9262
6803
5818
6925
6790
4690
6338
3181
8942
5424
5895
5639
3917
8360
6435
6526
4243
9085
8436
272
8123
7112
1669
636
5499
2113
3598
6246
4828
6205
2803
284
1682
8552
6647
2564
6951
2449
5440
5291
1508
2472
6187
7826
2844
908
2194
9778
805
6829
292
8069
2484
8721
7287
2149
5133
5182
1426
4676
1091
91
8352
2737
2621
5610
3956
5365
1713
3870
9575
1794
3645
3144
8763
5651
924
3843
7792
4590
9919
3820
5440
7999
5913
4734
7799
2960
1264
4497
7431
1769
1022
763
4199
1417
4119
3450
5205
7233
6951
6828
8064
6935
7254
8497
4424
9339
9958
1636
1225
1290
7390
6836
4757
7271
4650
353
6823
7887
7811
995
4100
7215
6439
7805
771
2882
8945
7346
1531
7473
8637
558
7638
3090
5755
8505
745
7415
309
8459
3002
9628
3272
6140
4379
4186
6005
6928
6766
3766
6627
7318
9422
5956
2728
848
496
9448
7726
1541
394
2612
104
3751
2653
6831
9197
1666
1515
6145
9608
9407
7577
9351
7992
4471
3943
298
3426
6585
6876
2016
579
7765
846
1318
1135
1682
361
4906
8008
1296
9689
8768
8065
390
9524
9520
3487
7547
4988
4339
5412
620
4157
7219
9741
71
7963
8257
6905
198
6021
1141
4665
8377
2032
2339
2905
1334
5696
7515
1304
6608
8137
8311
9718
8808
1286
7602
4947
4422
6811
5879
1596
2537
6603
9958
3607
3626
1577
1064
3718
2104
8001
7810
5275
8547
4103
9687
8358
7184
6615
2152
1850
7473
3034
8804
2483
5846
7500
932
8784
361
3309
2482
3386
142
9544
2127
1773
2073
8732
9278
9756
4631
3797
9199
8606
326
3036
1170
4705
1599
9244
7762
7807
4658
4028
4122
9503
7799
7475
7761
6125
644
2279
3356
8795
5519
4423
5133
9003
1975
7913
6284
8452
7336
2395
7219
3676
3834
197
2157
2809
6329
6226
7185
1117
5547
4674
8727
6113
5422
2624
3974
4598
971
3152
9111
2351
440
404
3086
5902
7903
2167
2730
3685
2959
9310
471
2263
6809
446
5668
7602
5318
4951
9796
4418
5094
2238
3248
845
5696
9019
3580
9350
3939
1686
7481
4183
3283
4867
3235
3429
7110
6254
4906
4162
3496
3499
8158
6237
4202
6464
9303
4975
6955
6371
9280
6019
3356
4693
7257
8202
7156
2241
206
8883
8586
3379
9746
1273
1828
6287
8979
1942
7211
2238
491
9063
45
5634
922
1594
4080
7010
6642
9231
9715
8605
2395
7567
2406
1461
826
8590
7609
5033
6273
4869
6048
6022
5575
116
3753
6884
4408
7914
7485
7361
7764
4716
5879
216
5974
7722
3771
5663
4121
145
5598
974
9168
9981
984
2178
8866
366
5461
389
4332
2178
5965
5622
3015
4022
59
805
7840
7195
2602
8727
1746
2353
840
7678
1687
2189
5487
3103
4818
1946
911
6127
9270
5073
6853
5593
9132
1574
8017
4042
2453
7095
3029
5586
8750
257
7200
1951
7663
2966
7822
6925
7543
6870
9228
6814
9140
3305
490
6677
4879
2357
5571
2386
1266
9838
6351
7942
7168
4465
1672
6265
9177
8560
6274
4650
9324
5254
8927
1430
4988
3535
5440
1851
4123
3986
8584
2400
5845
39
6452
5826
1083
1340
9162
95
1524
643
4319
8912
3905
9258
4783
3197
1294
1556
7747
8983
596
4577
7490
3886
4378
9060
1688
1343
6917
3719
8262
7279
1254
3951
2096
7129
8013
5845
5181
7837
9397
6178
3126
8681
934
14
7524
5730
8752
2242
557
2566
6238
9600
1803
1268
2549
2566
1448
2023
9652
7819
3178
7805
2380
7040
7657
9954
7161
7653
5184
5448
6375
9910
9585
4418
1451
8808
2951
4363
1535
5957
2591
4675
3161
5695
1041
1653
2148
828
4579
5447
4397
3158
8184
1578
2999
5320
6300
3894
2356
7570
8568
1098
7057
5109
6191
6327
15
7384
9817
3740
9614
7084
487
3694
5227
8503
4644
6684
5998
6004
7806
6333
3073
9737
1050
3216
1726
8007
1418
6130
2508
9056
2006
3965
7389
1492
7617
8052
9504
4713
1638
4763
1011
839
5832
7312
2670
4489
6350
4496
676
9616
7895
6352
9763
2234
8025
7320
4058
2974
4601
2007
5965
3686
1232
558
5078
6522
6304
3735
885
6592
7180
1285
4365
3042
5321
2234
3904
3738
546
7236
1656
6922
5453
2891
1160
5653
4201
5154
3467
296
3993
6529
112
9630
8797
7324
9606
5274
2234
6148
8184
2615
3610
4084
2435
6610
1986
6720
6913
5790
3415
320
2428
7365
350
9043
8232
8340
9397
9424
2320
1150
267
589
2598
651
1172
4734
4245
7997
2627
8630
1503
4398
9051
9041
3311
1369
456
4549
3666
7481
8241
7676
6880
3673
4100
2746
9280
9753
9092
1266
5876
2810
3828
7034
2347
3021
1486
1784
5437
7252
2475
8915
3163
4785
8816
8030
8313
1308
5732
6863
7884
4847
5757
4839
2908
2590
3708
8924
6550
8426
5454
4491
8905
1361
2754
8692
570
2016
6694
289
9883
8671
9112
6414
5005
9325
4513
2095
4856
6070
4433
7971
4021
2228
3381
1029
7053
8989
4126
9756
9312
2561
5234
7011
1797
7983
10
1802
2031
124
7460
6297
4614
5442
6979
9212
5735
9342
9833
3583
8077
1613
4068
479
3992
7482
470
6676
7979
1724
1639
1581
7890
6937
977
7322
3437
2100
4617
7022
9314
2710
64
4732
8610
8135
3356
8578
5248
4169
5293
7711
9155
542
1678
7699
8492
4755
3018
4314
7512
3334
3823
306
8484
5879
8406
7677
4465
9657
5775
3635
4725
2811
4268
5366
1548
9335
1868
5857
4126
1892
1427
3810
6431
3927
2425
7347
5258
3277
8829
8681
9081
302
9509
5980
8887
9758
6247
2731
9729
5679
4113
5591
8393
1658
2986
6344
6274
6312
6151
9156
2886
7161
188
5620
1907
12
3874
4556
3453
1059
2419
1187
827
7093
4554
4422
3302
8288
6479
1790
3088
9137
6127
8447
7779
5835
5416
4772
941
6081
1072
8946
7126
9672
5795
1919
113
3888
4072
8874
5883
1690
9278
8670
3260
2925
4763
1299
7104
8563
3041
7986
9832
4360
6068
3749
1033
1741
7841
6071
4596
9102
3615
7372
9986
3472
4061
1155
1298
2634
4309
9413
4215
7604
5906
1397
9858
7457
5187
4854
1072
4116
7668
2378
3039
3086
9113
2765
3603
2045
885
8372
6046
8001
4278
6781
8075
1905
8683
9787
8863
3608
1
4469
4253
3628
3771
2228
8454
4671
3890
3576
6554
2987
4998
479
1433
1236
4333
6899
4359
1296
7551
9252
1749
5937
3366
6213
3325
9125
3321
7953
8773
5399
5990
7463
4115
3198
8124
9411
9315
6884
4311
8932
8155
7309
1817
3059
3002
3799
5347
6838
7572
1784
5428
7567
6057
749
2720
8316
261
7557
8903
9328
1349
5937
4802
1154
6996
7535
6364
8234
3111
4921
7584
7474
6984
8618
1096
4439
4119
307
3211
9526
3778
6483
380
6989
9971
8423
1406
3365
478
9808
9150
1757
7981
4982
7582
2218
2507
662
6062
5467
7434
7112
3727
2650
4199
7954
582
7438
9652
8280
4196
9953
4346
9376
5550
4866
5556
7812
1183
8573
6128
2998
7755
3303
5771
5827
9492
2002
1035
8878
1932
3456
4244
7743
2091
6665
2755
7729
2790
2017
7841
3967
3712
2198
5611
9196
7411
8604
9432
2716
6661
4695
9479
7489
9338
4435
9356
423
6879
8372
8461
8579
6403
774
6347
739
5709
6602
7284
8885
2110
7826
5021
9166
732
2161
9286
5557
7691
6575
8416
887
2569
8319
2216
7237
3977
6755
8404
7656
7308
2332
850
4418
3555
9261
7564
2938
5850
4871
3486
808
1320
547
605
8834
9673
312
6757
7177
5149
3799
2731
303
9956
7573
6010
8083
8557
9110
6762
8954
8197
9628
1576
9778
6976
603
5610
1470
4597
6347
9707
2819
3088
7607
9567
2022
7713
3381
7563
3664
9998
1227
2506
3508
9600
546
4462
5982
3250
9480
4381
6739
8109
4532
2610
1691
8970
827
1858
9070
4702
5286
2579
8802
4092
9912
7214
2348
8005
3988
370
5175
1546
3097
8955
6969
7121
8067
178
6429
6140
9627
8219
5117
1965
2967
4710
8556
4997
7876
3051
6886
1523
8493
8961
4712
8648
3704
9416
9688
3331
2114
7977
9262
9109
9206
5193
5011
5576
5640
4569
902
649
5429
2929
5074
7066
7461
6837
1124
5201
8658
7351
129
936
3484
3651
3052
4135
4243
8321
3417
8651
489
3097
4026
1650
8956
6007
2758
7774
9698
2979
9356
3306
2149
6237
6094
5564
3886
7645
1186
6867
8291
4486
4673
4763
7848
8326
5625
5554
2140
875
1333
7319
1152
2251
159
2331
8902
3424
8109
1454
4078
3350
5502
5679
7994
6822
8787
7246
7557
7487
248
6598
7134
6550
359
6003
8424
9263
3802
630
381
7204
5633
8822
1646
2037
2153
9897
6077
3763
6662
462
9536
9732
2788
4941
8983
8993
6768
1025
9539
8378
7997
4652
626
4734
184
4601
1892
4155
3906
9638
9622
7478
1072
6874
7717
6680
4033
5957
4668
8889
1169
3794
825
9786
7061
7402
3761
5417
7020
9431
2495
2776
1090
2003
9206
981
8196
6911
1852
7552
8004
1922
9856
7024
839
2057
8659
5914
7224
2303
4960
811
6356
649
7209
4202
3827
840
7673
2782
839
6474
7135
4475
7143
6845
6388
9069
7667
6736
8483
7121
4104
7116
884
9247
3937
3801
8946
5004
8742
7847
8193
4716
4470
1683
6420
441
4793
5004
7153
7355
9237
9070
6712
1530
4786
5381
9881
3993
5669
9590
8246
488
3819
7838
6707
9239
9764
7962
264
26
1893
2669
4039
2992
8281
2419
4
5459
425
5947
4276
2662
9582
1128
7883
5033
404
9354
4460
8556
3920
4952
9334
9152
9600
7705
897
6631
4976
7180
676
6830
4739
7127
5462
6568
5031
3720
3248
2367
5376
4421
3568
9722
5314
5583
905
2691
9955
1673
8835
409
3501
1708
6105
6940
3334
4887
3391
575
1522
3372
482
3244
5270
7445
7923
2454
5666
1315
2
6684
6105
2093
3179
9498
1384
9612
3838
4017
6799
8205
6676
3303
8345
266
3328
3031
1021
8521
3234
144
329
2673
845
2004
3939
324
4451
7868
7660
8451
7025
8640
1670
2151
4303
1408
8529
6607
5556
3721
1048
9374
3775
3316
6696
7178
4898
5004
4116
4891
1432
7144
8080
9858
6354
3432
1248
1175
5558
1059
5161
5969
6356
8348
1180
8036
1633
6194
5962
1920
4502
4414
2965
9512
9095
955
8897
7528
5307
6760
5425
9447
3751
2768
7018
9880
559
1812
5796
871
159
7353
1048
4496
8560
5079
3017
5427
2135
8660
5545
8704
9041
2196
389
7018
4179
8568
763
5399
4534
3719
5867
8798
5634
5714
2217
3587
1329
1299
7476
9820
398
5091
1760
7148
3365
8468
951
4015
7937
3470
5393
6647
1214
6721
405
1555
2379
0
5701
1990
1049
396
6336
6439
1486
2250
8861
2846
2861
9430
4097
835
1183
5725
8306
3950
435
3241
3652
5710
7617
6747
7462
1064
8326
9219
7583
8913
5308
662
1208
1329
5598
5486
8771
1
8754
5321
5661
1114
9606
8104
1153
8507
9373
4557
5464
5489
8414
6454
1119
9138
6347
9990
4373
4301
2933
5272
8112
2267
4666
9948
7537
2199
8221
2767
5236
5696
6953
8304
5196
5114
7579
2538
6104
9512
5593
8955
1690
3769
3754
2093
498
8853
9543
2070
4982
5608
1112
4469
7068
3481
7208
3394
6448
9658
566
8954
285
6605
9320
9767
8536
110
1258
6004
1558
3809
3886
4861
8708
3978
3581
4343
8512
2573
9449
8683
2655
6151
7785
9628
4584
2483
1235
1714
7906
4184
6090
6445
8945
6638
8670
5085
4449
3987
3557
387
7595
3538
511
1172
1722
6251
5761
3090
9900
2865
4882
3874
208
1882
6298
4133
8819
9691
5183
6052
8875
9544
8098
7373
7719
7440
5915
2069
5307
8496
9893
4524
9015
9062
1088
9116
5640
6612
7906
8332
6721
8145
1814
5041
9302
2215
6237
7062
339
4536
6265
4757
8803
7505
1512
8051
5440
3137
3453
4281
335
3692
7782
1404
2971
357
4859
1146
794
7182
8492
2206
1785
6850
9330
729
7729
3056
8071
5504
1203
8853
1729
770
2230
5136
5721
1510
7549
3037
3675
2502
3159
3624
7997
3028
363
410
2070
8944
7355
5091
6268
3157
6044
4058
2972
1952
8174
782
321
2384
5066
7949
3078
1482
1963
7011
9173
7834
4636
3349
3596
7757
3506
5990
9047
8160
8853
6301
366
7319
986
9126
8148
6111
2585
8571
4726
8171
2163
3768
3336
6766
2715
1291
7436
5210
546
6514
1065
3351
1236
4235
4308
4005
1494
8510
9651
53
5011
4812
3098
1872
416
3001
1397
5939
9800
6966
8897
3392
2284
1002
5671
867
13
6829
5041
2214
8553
3836
7613
2338
5236
7014
6083
6751
4818
4143
4616
4074
8919
4673
3159
7351
670
1463
6350
9714
9894
1497
5410
3579
7617
7673
1067
234
8564
3441
3992
4665
3469
7437
1500
1175
7198
760
6635
3402
6918
4645
1120
5657
2350
4822
4472
7611
7842
8319
197
8549
479
5327
2319
7056
8426
4034
4721
7563
5947
5848
8187
1377
150
9951
605
1482
3173
1984
153
9910
4828
2948
2796
5248
376
9753
1229
2794
3200
3455
2392
244
3244
5443
4186
8142
5117
4443
2749
3163
6038
9071
7454
1069
6458
9743
5506
2398
4217
2989
4438
5857
8166
287
3720
7530
2531
7071
6679
8672
2805
1926
4362
2491
3456
7942
8132
4707
5764
2463
6365
8729
9235
6989
3871
5756
5493
1726
8789
633
4246
8830
8577
211
9017
6534
2078
2957
1722
6655
5611
8045
7764
4076
358
4112
4708
4963
7612
8515
1610
799
6634
1754
6623
5709
6622
1176
6415
7964
2037
804
8281
6046
4425
3974
3349
4151
3474
6922
5863
5175
2985
9108
6851
8319
965
5158
6631
9759
1047
529
4114
273
9022
3447
2195
6822
3587
3308
9911
902
6541
3757
4618
4807
9764
1717
9650
6383
762
557
1489
689
2652
6434
7814
7525
4902
8304
4743
1463
4545
6656
6916
1507
6689
8007
7023
978
1778
6527
564
166
7011
4961
8634
9227
4490
2044
8555
9247
5508
247
8996
490
9040
3425
7621
2587
5633
4670
1919
5283
8564
8447
6357
9884
6841
3110
8117
1756
4693
8672
4604
4235
9993
1323
3678
7690
7800
8587
3035
2857
9748
5496
5955
4297
7660
6426
2467
3264
385
4436
5345
7108
4607
5280
1601
8563
8604
8749
2385
1380
3927
6798
4553
6836
5642
4760
497
7717
9746
9931
4786
7045
1634
9061
5534
3067
2492
2059
2224
