9755
7760
1530
886
2661
7227
6604
6273
5579
6628
3341
712
7628
1338
1039
6906
4362
2272
2764
8549
5935
6866
8801
6799
2886
4891
645
7555
9462
3358
753
6631
4021
1239
7981
7263
6090
1149
8869
6588
9696
6474
6901
6164
3247
6271
9086
8162
2808
1932
7290
9533
5003
9940
8424
2888
8958
4730
8000
7770
6582
9049
6810
2220
5875
6710
6690
6389
3357
3776
816
3212
3402
6175
8852
9461
9964
2636
3551
6615
5805
2482
4746
7529
6068
1220
1628
4080
2814
5092
8305
1359
3149
1098
6
647
9663
4681
289
6537
9580
2696
4805
9032
1116
4077
6130
8827
1087
8963
2923
6322
1179
1385
1965
4099
4302
9280
6152
4655
5082
2610
3574
8264
5470
9457
63
2303
6169
8205
9798
5283
2347
7014
7035
3108
7677
5714
6413
1990
5089
2800
2993
3851
2169
1983
179
1764
9133
5906
6345
382
8528
5633
1454
6969
9122
6541
3561
1659
4014
3826
2657
2882
9165
7639
3974
4165
4350
8857
6422
8587
2867
4161
9565
2281
9617
9723
6095
3487
9277
8298
3170
262
1860
9415
6755
6713
5559
65
3986
1135
2152
4754
7976
1263
142
110
4686
4529
8008
6014
7414
276
9483
7757
7515
4366
6068
9172
7352
9399
446
73
2381
5715
656
2395
1021
9749
884
7261
8605
4284
4871
5286
6435
8112
6185
8302
2139
9506
5036
1565
5479
3263
884
2893
778
4103
1900
2388
645
6386
2712
4586
689
2079
2373
2260
607
7747
9088
4936
3645
747
7408
3129
5405
4197
1322
9402
8180
7766
7033
7846
4362
8880
4594
9117
4831
7762
1616
6918
7849
8495
6615
2218
1572
284
4596
4356
5739
3925
7695
4391
417
100
7920
4731
5855
7754
7488
6581
2781
2497
4207
2878
9353
4865
224
1809
7484
3256
7429
2844
6131
2170
7087
5149
4131
5189
1557
5121
9600
6965
3662
4255
71
2641
7429
4262
960
9862
3261
7076
274
5034
4137
5351
4288
3737
2865
6706
59
2787
6871
2483
6495
4850
8260
8247
3013
2771
600
665
6197
2367
6980
5815
8834
9951
2807
6711
7436
5962
848
7622
9994
353
2570
1096
8033
1735
860
394
2324
4850
5061
6812
94
1179
7760
5220
4381
9181
1249
8189
9261
2596
878
7907
8053
8321
6517
4336
929
6153
9269
4097
1938
9249
2489
6141
2280
7163
213
1277
1910
205
8341
1347
7305
167
5721
7655
2190
7587
2330
8254
4712
2659
8360
7398
9474
4662
3043
9711
5218
6524
9465
6171
5580
964
4874
845
8689
1618
2939
7218
8968
9971
6279
9055
4254
9531
601
7885
2600
8861
2145
3341
3823
1014
9384
9279
888
5091
6667
7617
4120
502
6059
5386
740
2170
5766
6341
5293
4875
8965
572
4647
5111
9286
4741
6380
9304
3143
9942
4060
5157
7110
6356
4378
6123
2347
4565
1579
5594
9956
3598
4951
5321
3097
8465
3911
893
8315
2084
3765
4260
2591
7724
9895
1573
8694
8711
1728
4643
2899
1583
1948
6724
3557
8963
3392
9703
1007
4617
9822
1200
4761
9699
4919
5367
5620
9326
2014
821
829
5486
989
1058
6177
9800
2565
9385
6460
2804
7429
3636
2837
6935
2694
8372
1650
8227
1764
4134
5073
4208
9885
3698
2262
2565
9498
2892
2805
4528
5952
9367
6697
906
3813
7412
594
889
546
3757
6397
4006
3242
8203
7187
6185
8362
7826
7005
6546
3717
7393
7561
7879
5748
6621
5601
7291
8795
3612
301
9673
6580
1932
6852
8061
6939
1931
3121
5281
7777
760
7680
8007
7736
1066
965
1682
6510
6076
4202
1672
5887
6258
811
8559
1806
8817
5158
7192
1811
3303
2093
6934
3456
6724
7426
1310
1350
9126
9246
6431
4704
1723
8768
2956
9713
9554
142
4682
5655
3919
780
2719
9409
8628
3785
321
1121
8292
6255
8121
6773
5929
3470
4474
8666
745
4551
1012
3639
9655
331
7384
6830
7771
6968
4163
7490
7854
8846
2252
8675
475
1537
7891
2522
9374
7525
4827
2938
7105
188
3058
2871
1124
9657
8775
8252
4294
4290
8967
5002
9130
1042
5999
3588
3396
5888
1637
1659
9622
2830
3266
9446
4002
9445
6297
4392
5578
1951
9291
3220
9723
8073
6534
9466
7273
4513
5705
8114
8193
5910
3196
3564
9878
7249
9545
9433
5537
4303
9126
3485
5888
3167
3316
4274
6921
3611
8868
1679
3360
4382
2673
2342
4998
5746
5279
1056
4508
6532
6315
8882
183
3523
3466
3711
9634
9702
9568
6753
9900
6863
8855
1275
2825
5805
7332
6555
4757
2259
2544
3662
5645
4026
4753
3810
3236
853
8565
4132
1970
8488
4925
9004
7988
244
3302
2365
9701
9605
4639
7219
4042
2115
1778
6496
5527
1398
9517
9192
8414
8723
6299
2248
3988
2653
3237
6156
8769
9655
474
8781
1136
5436
4782
1411
1938
9850
3287
2581
2503
4967
6854
5151
7620
5325
9619
3529
2247
8256
8282
1838
1336
9373
5717
3247
2189
2677
5016
5334
7006
7145
3595
45
9130
5858
6082
8606
7332
366
4558
5676
8110
6936
6688
3446
1868
1147
4628
8662
3034
9708
3908
512
1373
8635
7444
1763
9718
1535
9222
9260
4834
7952
5574
5357
1371
6809
6021
1761
9242
1012
6196
1881
3698
2605
3728
4400
2684
2270
1378
1041
8049
6353
2300
7298
3236
3083
8672
494
8414
4319
8888
5797
1143
5298
842
158
1361
1331
2075
5059
5126
2866
9419
2022
3511
2027
6814
8767
4907
3044
9078
7447
156
8181
1211
8481
5651
8276
2121
8288
8136
5526
3347
4923
2123
399
737
8399
1763
3569
3039
1353
195
6318
5915
5182
6933
278
3787
1209
6268
9904
5587
5370
5240
1440
5640
2962
4086
2361
4506
3084
9210
3786
6922
9599
9519
4496
9898
3111
1289
8414
7003
1337
4
7725
7251
3837
2266
6029
1547
5373
4489
911
2020
8231
9939
7977
9682
682
4758
7775
4313
9402
9063
9954
2143
6409
9396
6315
5663
2437
380
675
9919
7853
2901
4249
5365
7515
4188
1802
695
8057
813
9133
8595
8298
1766
8690
9660
1542
4813
9215
8353
3514
4101
7601
2274
50
5582
842
4441
5951
365
9109
4992
3814
992
4166
5330
5689
2611
2167
6493
2956
7079
6255
8588
9930
1358
3845
4642
705
6654
4120
7623
1164
2322
6405
3752
5300
1975
5314
1932
3346
7361
4744
7691
1704
4140
4781
7305
7599
3360
3971
8930
2645
2721
5396
6434
7845
9012
2343
8692
1737
6199
3735
9297
6244
1485
3828
1492
4587
413
30
3714
7297
234
3147
5595
2335
8564
6884
5789
6577
6539
7042
7345
2682
5190
4977
8442
6925
9970
5907
6287
9631
6622
195
7146
3625
5447
1446
218
312
3289
2718
7186
3329
257
1632
2411
9574
9801
4099
9281
2128
6553
2114
5197
9156
6390
6614
1054
6507
5385
4566
4617
4506
3742
4082
675
38
6001
1969
6887
7117
6666
5477
3288
3821
9856
4016
2425
3557
2566
8868
7123
5870
6626
4159
3078
4507
4998
7989
7235
8832
392
3710
4927
8722
8100
2680
9586
6175
957
2372
3572
7832
7212
2163
5462
1076
8826
1376
9300
2374
4189
7496
3941
6516
7443
8746
7880
9583
1004
6167
5040
8012
4734
8055
6725
2955
550
4565
5720
7176
4429
6250
2599
194
5295
9291
8658
4462
8697
2001
5680
3622
8688
4861
4643
2895
9769
8410
1278
9353
4799
3
5170
4790
7331
5560
3097
9156
5438
2506
525
4260
5655
2123
7944
7938
4896
3746
1221
8152
88
3417
886
9002
486
1418
9323
9873
3411
3829
3186
2140
3286
6366
2376
4426
1079
7809
2862
9734
6193
9501
9024
6190
1475
1419
7966
6565
6916
6704
7999
6022
7188
3126
9265
1382
9116
6168
4303
5912
6237
3224
5745
1608
9320
8385
974
9288
9747
3518
6859
7086
883
1486
1959
587
4393
4695
7526
9066
3452
2757
2956
6707
5830
7163
4951
160
7101
994
5309
4910
3505
6950
3496
2968
3755
7415
6870
3090
445
8678
6818
3398
9844
912
5138
5702
1167
8677
6988
4420
8641
5236
2460
3479
267
9038
5778
2156
3434
813
2186
8752
8208
1948
3581
3933
7989
8990
6831
6978
7825
4436
8621
4774
5939
9558
6862
4917
2024
9248
8993
8424
4005
888
6268
8269
4489
16
2701
4717
1636
4713
9655
9632
6491
8065
5189
7896
7331
1205
7712
2177
1846
10
6595
4205
6615
7686
7540
708
2175
860
132
4185
1820
3762
4746
7319
5679
5311
9444
7972
6288
2113
5341
3112
4781
8988
8282
7874
4369
8966
7586
819
1536
6816
6577
3995
4293
2063
1653
6803
2476
1993
2541
775
4581
5469
7812
2728
3318
7869
2216
2019
1760
9739
5888
9732
4668
3482
9424
7627
9403
9665
6339
3209
3274
9312
2649
5003
7184
750
3026
3616
3658
2640
5495
4295
9571
4565
8531
9311
1176
5553
4555
6499
6749
5567
9058
1796
927
6845
9327
810
2638
4026
7399
2811
5653
9331
7501
5269
2819
2808
5544
2568
4843
8599
8360
9120
4244
1593
160
102
4951
112
6451
3850
5110
9839
6460
7706
253
853
4076
339
1423
2215
977
9632
5241
2684
8641
240
7064
3262
6491
8367
9
1987
1655
8149
7207
9938
7552
9334
6684
9224
5858
2525
7575
3549
7700
5813
2871
9795
5015
1966
8732
5205
1144
2628
7622
8727
3878
1559
2951
9920
3038
1689
3621
8083
3840
3122
8184
8310
499
314
3301
4741
3654
2199
6356
8451
2057
1692
4983
2827
7368
7268
8246
4525
9635
4804
843
9026
527
8479
6059
5992
6383
6763
6186
4169
8904
9491
9708
4578
7629
4561
9295
4701
8664
3990
1550
8944
6271
9170
6670
2186
6575
123
2552
5769
3443
9095
8448
9036
2279
9157
7782
2020
4254
7308
8358
6890
6013
2187
9547
2566
1983
405
5198
2807
7973
3545
5860
5644
3253
1898
2754
1357
1808
3873
9416
6259
4211
416
725
9808
1043
671
2298
8471
6778
7275
446
1356
5632
4659
2931
4084
9622
4104
203
6170
4924
9745
7796
9898
3235
2804
5783
381
6402
6424
211
381
7891
2098
2679
5596
1461
9738
1522
1311
8106
6726
6028
697
3098
4504
11
8593
8966
8670
1735
7704
3670
3246
1334
4466
2620
827
6573
8238
4888
1917
2069
354
7064
65
3464
3533
1980
7335
2622
9884
2581
8891
8063
8198
3716
7098
6799
8731
2792
7189
1414
7732
4689
2506
6711
4645
763
8212
2975
634
3165
3284
6423
6189
4657
5674
3633
3033
1039
6478
6612
1631
6047
1850
5123
4778
5182
3136
749
5522
4028
7842
5446
7698
503
4337
5664
4557
3353
8819
2769
3768
4359
1988
6719
9297
2468
1874
3541
8042
3464
3765
7691
6314
577
9783
1684
2838
7382
1932
9462
7627
7462
7453
6605
5322
7837
8724
5686
319
9
9075
9679
2219
3708
2844
7272
4058
5131
5826
2310
3308
9595
2707
2057
262
150
9132
7121
719
2652
2825
7174
1421
9357
5142
6305
6905
5382
1396
1459
3744
6188
3221
8032
4389
4085
5471
2606
7732
2510
7626
7706
1556
9622
6154
8032
4755
5396
6343
5171
8705
1602
4966
7667
7183
1901
8258
2862
8565
6539
366
8675
3735
4366
8566
7119
6373
4674
7667
6176
4679
6526
9389
8208
5026
5119
5618
1799
3203
7110
1549
1508
9039
6224
2754
2142
1222
5554
849
2488
5827
2608
4040
1193
2144
8950
3971
7189
1055
9034
1658
81
7728
167
492
2178
2213
6757
2640
2064
6282
6459
9659
1455
4989
8858
9636
7510
1612
6423
5897
819
3825
5179
349
2070
2486
8195
6064
6076
1147
8428
743
4168
5451
1468
3779
8872
5732
575
9929
4464
2913
8784
6205
9367
2949
2584
6204
3285
9314
6460
5577
4632
3136
839
6256
2548
9817
8421
9692
4017
692
6564
916
7854
5716
5491
6004
3520
5078
764
1778
1036
6494
1432
7905
5040
8974
981
9121
9901
1991
2779
6762
4686
2850
6111
1031
4611
5212
1230
9054
7310
883
5911
3772
6349
7868
8350
3651
7457
6580
2683
8207
8549
4682
4541
8137
1704
2933
1215
3574
8836
9300
9790
2026
7913
9802
6229
5003
9604
4459
1392
8308
3847
1709
4468
152
583
7660
1556
7172
623
7329
1663
3321
9307
4572
8212
4
8309
7974
9327
1677
3996
7656
218
8009
1092
3885
5858
6546
1638
3347
4046
2998
5187
4375
4359
6840
213
4388
7553
4044
1377
4043
2950
1506
7636
6469
2718
3341
1590
6225
6694
1630
5132
9715
4312
6191
1491
6458
9060
6698
1801
5010
5533
7276
3282
8664
8134
4932
212
1371
9790
3920
420
5283
300
9952
4706
8711
372
4623
1166
2517
4956
5413
6653
2416
7866
5471
63
8168
5349
3755
5328
855
2243
6367
8510
5673
8223
8972
8335
7786
3128
218
6434
2773
1210
9849
9414
4359
1484
2779
6085
4437
5531
9283
53
120
623
866
798
2662
4869
2044
6022
6035
8591
9564
3039
3933
1442
9032
488
1400
6288
3380
9389
4737
8978
3879
1205
8017
6056
5703
6683
2569
7669
891
5324
2959
6313
8389
5050
7356
8173
5672
2917
1083
4196
398
4182
1646
6809
5481
2917
2451
2290
4684
8149
2151
9894
5316
1141
6743
9661
2780
6605
9165
5361
3452
8365
7699
4239
80
7619
3052
3981
3131
3226
615
462
8305
541
8579
9697
9559
1208
574
2786
4231
278
2984
2742
3173
3065
996
7247
8307
7695
5392
9066
3751
5722
743
2033
6482
7406
6728
7861
9864
8469
9159
1458
7533
1688
1589
4775
2561
7045
101
1572
6030
6378
1129
3173
5380
4957
1066
7015
6623
5805
5674
5435
7834
1549
6711
2582
9798
6546
3215
2153
4479
2713
2922
5761
1119
1526
5209
1484
1476
6221
4686
1261
7594
3820
3035
7372
4592
7569
6652
1524
6339
9713
1238
4059
2795
3723
3624
5983
4977
9006
4976
6015
3830
7948
7092
3317
3456
5368
2054
3853
9748
9582
5539
401
1118
4413
7841
4013
8514
9338
7990
2228
9893
1690
5813
4766
1474
8862
2966
7396
7902
9225
6507
2469
1244
8670
7430
9645
6727
9717
3915
9224
5515
2798
1776
6757
4173
837
2940
8381
5881
9610
7469
5638
1015
2748
6121
2139
2134
2326
1843
4594
2401
4658
5951
522
3074
3069
9156
2448
6982
8195
7285
8796
5422
8765
6713
7094
9914
9056
592
637
5922
4584
1514
8292
1755
868
1454
8496
2549
5290
7511
4401
7874
9321
6823
856
6847
1253
3683
1104
1680
492
1398
7685
2324
8672
216
2250
6034
9026
2225
3077
1733
1206
8671
7816
3143
7658
8766
2205
1615
660
9898
1691
683
2884
922
6100
1942
5856
247
8660
5373
9488
8956
5429
3186
3828
5967
3082
652
9203
2461
3522
3065
4433
2668
6668
650
9006
7713
9188
2487
1477
9489
1020
593
9706
7001
9440
7750
4115
308
177
8779
3565
7704
2244
2249
3241
4630
9315
1690
5683
1552
2411
8198
6376
8626
6249
216
4254
5450
2935
8143
1058
6173
3895
9999
7936
4836
3479
6826
6527
5332
6537
8895
2284
4743
9500
6729
423
4418
7408
4376
8398
7497
6803
9925
7077
2822
4217
1080
751
9224
3495
8665
7372
2033
7721
7392
3808
2245
4313
8405
1151
2488
5163
351
5015
3516
5913
1633
9126
9520
9792
9835
8042
8559
9745
3560
9369
3970
2922
5113
618
2398
6074
7303
1836
7872
1522
250
7021
2107
2921
8177
105
9002
3224
5909
2334
6452
4909
3560
6908
2584
1954
1231
9431
3660
622
8813
2288
4160
8022
9837
9323
9199
7787
8752
6413
7859
8514
7143
1994
5663
4611
7018
6598
1614
9730
9039
5334
3836
1225
2917
9060
9361
8205
8033
444
4842
7872
8176
7249
2708
7962
2860
4085
3083
8854
906
1215
4471
9495
4474
7937
7766
1566
1244
7973
4935
4632
7816
3929
1583
3478
8451
2934
5104
776
9961
993
9753
8308
1571
9987
337
9893
9285
7701
1750
2932
3515
2760
8824
7823
862
4340
6750
4980
1294
7795
6960
60
5508
210
55
4246
5665
9230
9510
9926
8981
2306
8892
9912
1462
6163
7924
4487
7599
7872
2280
3543
6222
2003
1117
5056
5105
3759
2615
4111
6183
124
9482
2165
4033
9692
2799
1360
9931
6090
4228
54
8191
1824
3951
1208
3867
8911
6361
4699
6416
2263
7380
3421
5515
3417
3837
3505
9092
4999
9141
1905
6615
5399
3742
8856
2824
6726
5879
1769
3363
6563
4555
1509
3644
2225
5352
4398
8051
9908
1188
6193
7398
7916
7694
3920
2744
6060
6650
615
5855
9294
2268
4932
6949
2322
3439
2792
8082
5094
8384
7140
3032
4591
1335
9852
7708
5871
9777
3289
8065
9438
5453
9183
3811
2947
4507
8698
7704
9821
6112
6763
76
5263
5914
4069
4295
9623
4559
1321
8785
2560
6316
2957
1524
4047
3161
2806
6580
7841
6212
6872
6282
3361
2550
6416
3840
3084
1121
4002
7815
4740
5087
8260
8982
1620
7064
7769
8677
7265
5557
8084
1311
8456
4503
5504
3122
2496
7659
9763
9786
1700
2118
9862
3609
9239
480
6715
2712
9497
228
1210
8502
556
3505
4044
7472
8055
3974
9904
6983
5391
4128
9314
2284
8127
5561
7826
8857
7045
3293
1344
5425
1357
4216
6115
2622
5225
4650
9742
1139
349
5057
9179
7037
4347
9582
755
4950
458
8032
5066
8521
7754
2780
4394
7571
2803
7578
5482
3678
2654
7857
5666
6204
8883
5785
7144
6340
7390
1422
2246
3405
4232
8765
6633
334
4949
2277
7937
8544
4805
2876
8398
9013
8226
2822
7670
8577
9821
8543
9819
7647
9168
6064
8485
2492
9390
2975
8153
8561
2438
4414
7560
9036
5785
1661
4289
8989
6146
4059
2622
526
9640
6937
8872
9777
9458
6653
7977
6060
8115
8567
6518
8846
1602
4599
4236
8167
279
4141
944
1973
4123
9375
6106
391
5316
9362
3227
6565
8533
8680
2430
5762
5921
9293
8006
2231
7191
8707
3033
2737
4998
2092
446
3871
7896
8713
7433
1185
7425
6121
8709
2005
3115
648
6402
265
831
8481
4461
96
3425
1412
7527
9434
6137
756
2924
2309
6593
2005
976
1572
1108
8206
6975
2031
8929
2234
2494
6602
1928
2041
9140
2411
9970
424
2646
5272
2890
7741
1399
8710
4245
2936
9311
3586
4565
1011
7734
7139
5789
5123
4592
5419
5145
7137
897
4908
3673
4371
1335
8596
5986
7859
8168
1383
2271
5115
9464
5712
8110
7651
9419
8851
606
2266
7327
8171
8895
3389
7466
7917
4500
5355
813
6804
7449
3720
7266
2833
9527
7737
1599
8519
6405
2802
2723
6385
4768
7928
1314
9449
1547
2022
9029
8137
5704
5740
4813
2879
9809
2725
6013
283
6905
3417
4096
631
7046
1363
3934
8551
7848
6630
6184
372
6051
900
2446
7803
9542
941
3403
967
2075
8016
6370
2478
6325
2675
1100
1708
8906
4387
3023
6802
1723
1316
1613
2987
8706
2092
9339
3404
3993
2762
1600
4916
5837
8657
2085
4804
3294
7010
3336
8868
9322
5046
8208
8888
7047
1617
4305
4371
263
2226
9644
3461
3607
9382
8648
4735
9286
9458
9097
7450
1602
9998
6973
9312
6416
1453
6641
7668
590
6296
8413
1896
1051
4155
7479
6677
3107
2725
5940
7088
7786
4968
3141
1767
3117
8139
1309
6454
8
7349
5517
3835
7912
5886
7265
9324
8072
8895
2472
5593
4976
6637
3780
3966
3812
7748
2410
9451
1902
1971
1627
6561
3517
2009
9663
6634
6856
5206
6195
8276
143
186
7660
3240
778
4578
3983
5165
6889
8155
8604
4212
252
347
2111
1149
1187
9175
7954
5369
5729
1857
4551
8037
5722
8956
317
5902
6222
631
2467
2866
2700
4195
5449
4790
8977
540
3188
9234
3764
7245
2562
3747
3366
7415
6308
3170
9898
8514
5447
7681
7251
826
2547
8285
5634
9623
7518
1822
4260
8081
8942
6257
5688
5737
1512
6057
4897
7320
2171
647
5987
8720
1604
8484
9295
804
4670
8306
2647
7147
6004
7707
5184
4786
5614
1874
1647
7163
9155
9354
3021
1365
4974
5683
8302
6305
8059
7628
5903
251
8273
2577
6342
4800
1693
8531
9221
4063
8990
4830
4952
9211
9174
7112
2076
1235
1073
901
123
9637
4409
7733
8165
2817
7625
4621
3746
5921
181
2989
2745
7041
2403
2396
8873
3427
1364
384
3092
7083
2652
7584
8172
4325
4401
3810
2191
7861
3606
7066
5232
7157
7505
6265
5842
540
4412
3525
7174
7072
4784
3300
3881
6001
2084
7911
6808
6777
8239
8649
9870
688
7808
3039
6984
6824
9560
3839
8416
3815
2429
5885
2314
3114
7757
5587
9535
6137
6554
8333
9015
7839
3209
6020
2299
9352
3702
2171
2240
6489
7001
5413
9621
4957
7196
4543
9349
4466
9280
9017
979
572
5108
3359
4643
8899
986
766
8243
6496
8376
670
223
9906
9634
2031
7479
1788
740
7632
3122
7388
1599
1926
6813
7015
6263
7356
5918
3214
6238
5069
6857
7536
7353
8442
2730
9849
1377
3400
8365
2936
3928
5743
8113
6331
5190
9715
5323
5164
7064
7561
3725
1647
5895
3591
8973
3181
6546
7627
2635
3629
4847
5029
258
3306
3812
2686
2552
1191
9301
7629
411
7340
9267
186
3460
5855
3813
481
1825
6548
2033
754
6149
8677
1343
5209
1641
3762
9469
9548
3303
3749
764
4735
8088
8899
5485
4806
2518
2503
7162
4131
5862
9435
7149
6385
2380
5709
131
3117
9368
6064
5801
6086
1596
4093
8879
1581
1963
8603
1045
8790
1721
9753
4325
6661
6575
4531
2097
4560
369
9007
7963
9321
9386
7901
4891
6714
1527
4958
2828
5931
3630
6351
180
7238
7948
4678
3139
3995
19
3904
2843
3915
1457
8371
2409
6109
5109
488
9809
7849
3611
5570
2748
360
8101
6479
6700
3694
9201
2165
53
7004
5774
5113
5159
5369
9572
7087
8713
1897
1392
8102
4540
6465
6164
4047
7864
1014
5491
8781
1604
1038
5149
4979
2320
8060
3603
9820
9136
1468
7978
9444
4793
7854
3850
5838
8140
6343
3211
7039
6536
8022
1775
7912
6457
5509
1029
6282
4195
4053
8615
5685
8202
419
560
9015
1854
795
2793
7099
1766
9752
7950
7245
3919
1947
3308
6686
2614
325
5907
1520
7803
8452
2244
3582
9263
7237
8522
6811
7030
7320
5624
5082
2852
2292
1241
4374
7293
4835
3984
7345
3550
6112
5273
6784
71
4530
3992
4509
2200
4342
3667
3869
8146
7095
7881
9750
8174
6978
9751
4617
2272
5982
68
4445
4128
2867
4392
1626
706
8934
9393
7779
6341
8561
7970
1691
3178
5460
3511
4732
3244
4013
4610
2688
3652
1755
6936
5757
4410
1490
6200
315
5083
9367
5072
7567
6043
827
2655
7203
137
2366
3802
3266
4949
5888
7527
9584
9124
6190
6572
2713
3466
5019
1372
8259
1372
7380
792
2373
5931
8635
7215
9215
2733
9077
2695
6974
3488
403
5647
2350
2804
6307
4594
878
210
1343
7738
7764
4227
7352
6632
8219
4918
3486
6848
64
7994
6813
6195
8663
34
282
1272
1502
5150
4587
532
5872
3192
553
6095
8721
543
4221
9908
7159
424
493
8048
28
9641
3028
8146
8578
2002
8995
4296
9247
2229
2631
8979
6675
4208
6983
2316
2522
5035
3091
5728
5623
811
1866
4571
3673
1256
7911
7676
697
3577
9689
9639
7501
8765
6166
9021
7006
2136
2693
9500
6154
290
1284
3642
561
1574
9420
4513
3559
1905
7386
2123
7333
4765
2425
9217
7775
8457
4472
7321
4090
1319
3599
5670
2539
2991
1478
7910
8041
7961
5309
385
2341
3590
9573
5332
9526
8223
4009
2098
1836
3398
4116
8792
6190
7565
2306
2735
6339
6949
1246
8548
7663
5371
5410
4835
6691
5614
1102
7569
96
1509
6471
5597
6595
7000
9782
3742
5192
7092
9690
9551
4447
2373
5485
692
7202
4806
9479
4974
685
8742
1570
1091
6715
6761
2721
6970
8180
4738
8641
3911
7120
6439
2002
326
6926
8518
2197
9189
7783
8564
7542
9246
7258
1694
4100
5289
9886
4717
7632
1884
6135
6128
6884
1353
9939
5379
8882
9833
4279
2812
5561
454
8451
5779
2431
8007
371
5158
3765
8684
2609
289
7191
2120
1199
2323
3833
5021
2660
7432
7083
3462
7105
6756
7776
992
9555
648
387
1546
9636
2363
4910
4970
3003
7088
795
1479
9262
6093
4918
4728
952
8947
9275
5845
8936
4763
154
7615
1546
3860
7173
6847
5728
2098
3348
1694
8002
1438
8452
9723
4771
2219
9048
245
5378
2220
9117
4111
1528
2353
5758
6567
2513
2355
2510
8158
7481
1930
2056
4791
494
2772
0
5775
5190
8063
9242
904
3740
9100
3477
7824
7640
5194
9957
8733
9899
9029
466
6715
5646
6042
6086
9193
8102
606
4333
3373
9588
5190
4213
6071
9382
3661
9228
1999
2219
3272
5055
7314
2978
8213
371
2427
8876
7934
8926
7318
2398
3777
8258
8451
1463
5340
9144
4451
6685
807
7673
4583
3730
5869
1316
8549
4887
7405
8441
3979
5966
7958
6514
6627
3974
3152
3737
7432
5671
3659
316
168
1679
7014
974
5810
6932
5761
4607
4042
4516
4777
5313
1412
5599
471
3584
7109
6897
1821
7539
1470
9492
4947
1352
4440
7263
1631
4477
8311
1603
1711
8779
3025
490
7504
2904
6716
4894
5505
1617
9126
2798
4399
9462
1189
2644
5102
1027
3502
9567
6627
535
3850
6119
8845
675
6731
5661
6533
8547
5300
1284
6295
2438
2804
5997
2288
921
8094
7567
6867
2214
1392
203
8413
8672
5092
5485
163
1796
2161
603
974
8744
4975
1176
4929
6906
1644
6829
6172
1054
8360
6957
6317
7841
6502
1960
6658
5192
356
4180
2932
5935
2699
4413
9143
3647
7705
173
5582
1246
5498
4737
6386
4696
309
7551
7462
1628
1067
5381
9277
1265
1394
5812
3853
4434
3886
572
2170
3131
8827
4971
1440
7980
7671
5039
6044
562
2032
1282
9200
1471
1246
4926
5556
3623
570
1620
7531
8950
4498
5029
4124
4974
4903
1666
4540
6886
559
4709
9760
7133
8003
2450
2418
526
3297
8405
7025
5270
1507
6900
9595
9785
6180
7805
19
6467
256
230
3863
2266
3040
3219
8633
3797
847
6466
3077
6004
499
9157
3
7323
1521
2067
3468
8795
2507
5029
326
2165
4594
2261
7443
7597
5434
4338
8793
7097
1647
8072
6630
329
845
7494
4092
4783
3816
8621
9679
6831
5328
1021
4770
2350
6897
2272
8263
4113
4337
1224
3960
5226
9903
1698
7671
779
5775
1036
8363
6508
7672
5979
4356
2426
2526
9673
6478
4027
7974
8684
4978
3886
5350
3495
6836
3572
7490
5093
700
3162
6074
4679
2759
423
4112
1404
425
9146
9822
3313
9007
2780
258
3171
9158
9348
6664
2344
9823
7223
5793
4236
6138
5653
6245
73
9876
6408
4861
4099
3288
682
336
5201
433
2992
3220
3933
8314
1122
9248
7331
4204
4661
9676
2197
3628
2178
4336
7487
6907
5146
5269
3476
7368
1838
8540
7106
4178
4038
1528
4016
4285
5723
24
8324
2444
5056
2737
6165
6128
2731
4029
8701
7975
8462
31
1477
5976
4047
6445
7697
2071
7374
7191
8142
5413
6859
7832
8595
4452
6113
9755
4275
9593
5231
3046
8481
4637
1351
9753
8571
9440
8171
1359
4175
1116
6567
5501
8905
1806
7063
1129
130
7593
3831
1944
6910
8531
1881
2911
5585
7223
4142
1713
14
2976
9754
9108
2743
5416
1550
6840
4625
4294
7873
8256
3900
6014
3015
7026
8846
1357
8927
6789
7388
4984
9624
6682
5762
3286
6135
9949
2755
8440
4167
1347
5298
6458
1344
1199
1362
7459
2758
3488
255
223
6503
5835
9719
5574
8044
896
5516
4855
4064
4227
8296
7353
4324
5029
3351
3072
3345
9456
9281
1600
4084
6185
126
6525
2957
7442
4670
1816
5663
1387
8599
5438
6533
7165
8480
3789
6962
187
5242
5238
4433
7899
4375
9940
3051
7945
2133
6314
7847
8290
4113
3301
4207
8655
6138
318
5709
3194
2617
602
6226
3700
9192
2677
5627
2858
820
7159
6549
9562
6110
3157
4214
4042
7167
6185
1809
186
3474
5012
5308
8355
3969
7373
7273
5298
1230
7877
1026
8162
8079
3767
7570
4639
9012
732
8707
1698
4312
193
7125
4973
9765
8284
2180
955
9087
164
1487
9952
8508
5522
9719
7604
5294
7870
9731
1818
5403
329
1627
2942
6132
8386
1483
2342
5586
9575
5029
6434
7478
111
5873
3281
7887
334
8589
5684
5193
6317
6211
1065
6390
1073
9653
2557
4048
9966
9345
1142
1001
6888
6294
3982
8565
4182
8840
1379
6801
9837
5368
9511
5135
5052
2474
8397
9648
6437
9717
4959
9280
4046
6625
9085
4118
561
6551
5059
8733
8925
8293
5620
229
3887
5433
589
3817
1891
4715
3704
1494
7210
8883
5355
948
6699
5930
1337
8599
1256
2908
7610
249
4386
1861
6955
263
7208
9863
8004
7631
3781
2645
7875
1543
9748
9282
1247
9619
1884
4580
7757
1722
6012
3464
2070
5162
1269
8136
7419
4630
5213
6459
7476
6017
683
5371
5843
2026
8478
326
6608
2027
6711
6073
7712
4564
1008
3811
1200
7416
4682
1718
6714
6676
5150
5888
4236
921
9791
1792
8993
9072
2444
3373
2417
7322
5169
1857
860
4376
3438
9221
1140
1557
7971
5730
5010
9938
5752
7505
4154
7458
6935
2
9947
3495
9744
800
866
4795
1134
4922
2235
6686
1333
7536
9583
3337
3656
390
9395
9150
2951
6824
3978
5461
577
5157
8704
9420
877
4298
5168
2285
7637
1534
2136
2441
3426
8921
7577
4368
990
6065
3241
8516
6986
4454
224
435
6146
1672
6282
5362
8109
5003
4507
111
6024
4486
2917
4587
2095
1446
3917
6836
9753
9949
9048
9798
5400
7141
9911
4734
2812
5027
8160
6885
3583
5462
8474
6123
4932
8269
3274
9204
8015
9806
4175
2634
7027
2024
6417
8939
6004
2989
2272
9544
2147
6404
8762
7037
5406
425
5035
9004
1761
1547
2549
3082
6843
7621
6528
561
6012
6794
9654
3826
8171
4712
8821
9946
5773
6413
2771
3375
724
972
8730
9822
2754
8615
4738
7178
6700
1437
717
4507
3233
4269
7443
6468
7257
1093
5791
9406
5496
5855
2927
9210
3335
8446
1372
7435
7583
8815
1263
8992
7654
1660
8280
789
2817
2726
328
8227
2883
9349
3861
4574
6076
5147
592
3902
7269
2353
2689
4680
622
3365
7878
4868
8044
9520
6487
4308
7242
7302
9594
7884
173
1724
6853
1573
5988
6654
3650
4531
764
7563
6522
6146
1994
8352
3133
8188
7853
7470
166
5230
6126
6583
8370
4288
3781
3411
2744
3297
6238
6020
985
5580
9754
5977
4401
4352
8293
9019
7914
614
8702
8158
3915
3059
6842
1731
2874
9692
6386
8299
6454
9772
7136
4364
1757
3590
3354
2564
7792
2576
3910
353
8292
4744
6577
942
6392
6017
3951
8780
9894
8834
9555
9551
6528
7968
2667
5310
7446
2049
537
3051
6910
7938
9565
1213
8443
5390
4219
810
997
5729
1226
5337
6703
8349
9865
9171
6481
5900
5339
6857
5741
7605
8405
7620
216
7585
7836
3789
922
8043
5118
5742
2039
858
3442
353
5178
5364
2498
1001
1797
3140
7782
4165
7607
4218
2847
8178
8102
3496
8829
1545
6710
3680
7310
9304
9533
1944
996
858
7553
429
9887
2954
610
5483
3297
5845
4906
9512
3992
1116
3401
4337
5059
2600
9822
4240
12
5997
4737
9657
5687
7426
9214
3572
9032
8359
3548
4137
820
3234
4368
1640
3447
1368
3252
4828
3554
2124
920
7002
3272
8590
9503
7712
8144
2372
8620
4709
9481
5293
1931
4998
6120
7896
4741
2460
3740
7038
6450
4938
2297
769
8691
758
6748
1761
889
3690
9348
4994
685
7888
5077
7735
6385
7097
7923
1501
5428
6660
9738
8838
4655
5526
1302
9369
5519
5551
6626
791
1088
6515
5673
5981
4705
2503
9898
8745
964
6382
1482
4930
5361
4487
4607
4042
9921
8385
1511
7644
4537
2239
1610
9790
5200
3459
6113
3165
9456
7379
6242
5338
7063
8556
3906
4169
2215
9095
3030
3881
7199
9178
536
9045
5177
4807
3476
168
919
7259
9447
7133
4039
8982
6254
8848
4905
5882
780
1246
6389
6732
9288
3585
140
6144
7866
6804
581
437
1827
826
5355
7629
444
5359
1702
2564
4612
392
9982
5945
2245
2197
7931
9108
1298
8081
2302
5057
9264
6333
8314
1784
7491
466
9889
6951
8905
9033
6941
6671
9586
481
5432
8621
1778
6409
8537
894
7146
2340
1269
388
1263
444
4487
7091
5653
1031
4845
9785
4502
5523
1172
5493
2511
3571
137
9978
5469
4750
3659
5579
3451
3310
6358
1764
6765
9310
7330
4889
9543
1407
7910
6924
5063
7926
520
7047
5979
2797
1298
7874
4188
7156
2169
4063
9308
9938
6109
8206
6271
8559
5425
2396
8681
5690
6936
7953
4086
2722
326
6343
3701
9956
241
3094
7613
4248
430
4585
3050
3090
3999
2672
3451
5784
1390
6294
1140
2295
2455
6826
3200
9123
8617
984
5982
5514
8242
9373
989
2567
2960
3256
2470
4955
4173
4232
6915
9074
6450
5060
9507
1524
5156
3180
4559
2752
8944
2896
4299
642
6812
1791
266
3499
3142
4577
1338
9257
7112
2098
6005
1057
3595
483
130
742
201
8496
1611
7158
9379
2065
5844
7395
7319
1676
3967
5436
6424
3229
6569
5346
5073
347
5754
1169
2989
8970
1812
9595
2893
7657
1962
4351
9054
8450
7928
4672
3050
3817
2551
447
1284
7141
1262
4746
5946
2871
6180
1465
610
5902
2832
3882
5528
659
5983
3248
4729
8960
7752
1230
6683
2016
4265
1721
102
1493
8341
8868
3748
9295
2385
2607
677
6122
4061
7932
9084
1008
5222
118
2790
346
8985
6990
4824
8080
8822
8395
2466
4679
9942
4089
6064
1321
3764
9268
2875
9540
4643
4452
4529
7312
7717
1315
3516
225
3204
9406
6597
8051
4163
3721
3738
7634
8440
6336
3031
7274
6897
2022
2670
9945
6401
9068
9352
8295
6542
9356
2357
4793
5056
9543
6364
769
5588
5477
2629
7669
3473
4599
4875
9416
1798
4414
516
6221
351
8430
2881
7427
6237
5601
