2653
2432
9964
380
3602
458
4343
3332
833
6289
6702
6210
3305
2461
2318
9366
5513
9932
7358
5711
4985
919
5173
3066
8892
3357
3031
9634
9528
9954
4759
3632
4996
1913
323
6685
337
7638
8025
5191
9528
7093
842
9326
4855
5954
2713
5287
5510
3303
353
1369
9768
7863
9072
1733
7258
6898
1488
244
7427
4709
3804
879
1530
3069
1214
1391
2138
5632
9028
7875
1906
2167
6182
7892
77
5846
8210
2937
644
7744
4123
6225
9600
3389
3863
7133
2841
8589
9426
3439
6150
7780
7764
4819
3289
9963
7796
1786
4740
1321
3148
9877
4274
2478
9462
7601
1680
1179
1656
1412
8687
8550
9600
9683
585
7579
1278
8140
9205
4080
8550
3548
6206
5588
1724
4126
4402
1363
4603
114
8050
6424
8197
9323
4595
4245
1950
7122
3926
6262
5452
1661
6933
8014
4752
7600
8180
8080
4233
5709
8684
9655
2580
659
2770
9599
3671
8685
754
5336
3198
317
6576
1541
3361
2262
352
277
5088
6340
5629
4155
4213
2943
8627
6888
6615
8192
836
4124
5945
6322
7129
8893
1429
8394
3844
7537
6552
4995
574
3264
6368
8589
3063
5135
5084
5391
4652
2489
7247
7903
2992
7893
80
4528
5441
9636
2031
5881
2984
5479
7849
6629
9391
6876
3187
7683
112
4967
8418
2814
3724
93
5765
2364
7787
5624
9880
3491
1804
1224
3539
8346
6876
8042
3330
9236
8812
6900
2953
4207
5506
670
2010
5094
5415
9738
9198
6186
1948
7401
5279
9685
4071
4432
4178
2899
2127
7716
6741
9817
9756
8540
4077
1759
1939
9502
9753
1349
3546
3950
8871
3211
2014
4210
7308
3053
8082
671
6949
8049
6425
3693
1543
4402
5945
3854
4275
2443
3863
430
7108
1095
159
3135
4451
6965
6593
251
3154
5913
9985
7849
2640
7997
8530
2067
7671
9860
7124
1125
4816
1456
767
8691
3391
6062
6996
9674
5814
8085
5226
7309
7486
3115
6842
7775
3051
8878
9758
342
6460
7831
7516
1036
8064
8576
1053
3545
5872
3877
6183
4414
5319
2738
5613
5652
328
1467
9743
8389
9969
6918
4436
5069
686
2675
362
9524
1155
754
9016
8792
102
6781
4664
6985
3940
9730
627
4815
5008
3451
3801
1937
1901
811
1990
4748
7501
1189
7446
1584
9135
1369
373
9541
3394
2446
349
5388
8213
1528
2389
5117
4860
7390
4312
8537
8073
8628
1712
597
839
4928
3380
6517
3116
2498
3167
9874
684
5614
2023
9966
3308
7432
9657
8732
6407
5122
3591
1493
9381
5238
6601
3480
1061
8683
7076
4511
6499
3452
6674
8873
9477
6848
744
4206
7988
3855
6424
895
9278
475
4703
2599
9505
2423
1809
7428
7733
5579
2130
2950
5036
218
1216
5600
8327
9900
5456
4432
5422
8656
3375
7232
8940
3149
488
6460
6687
5451
744
2551
8697
2695
2215
8905
534
4002
3975
8637
6874
9647
6777
919
1322
3723
3836
9259
5631
5143
5878
8088
8399
1991
5473
621
7099
7471
3658
6355
1935
5349
741
2282
4835
9578
4252
2341
8002
2310
5065
4325
5924
6818
7558
5774
1879
2455
5909
5216
9313
1228
828
1544
9572
2655
4152
6706
7221
1593
1806
3063
343
7619
6702
1525
8906
4495
6083
1744
9470
1494
1256
3320
77
1553
2163
1581
4433
9698
8742
4643
1562
8442
7042
706
4520
9196
2710
2180
5426
7546
5119
6409
504
2002
3982
8305
115
6032
6868
7383
6371
4165
5745
7818
9972
7507
1466
8018
491
2570
2272
7523
2851
7162
1501
1901
577
5996
7004
9709
1784
3903
6318
1923
6375
4847
2816
8074
7571
3858
1466
8400
2830
1358
8271
7396
2696
9223
733
7013
7729
4691
1689
2855
5274
7596
3557
3342
501
2081
7727
4119
9028
7158
5598
2468
7846
3822
1443
5124
4691
3392
447
6632
1104
3871
4692
1492
8890
4104
9204
1354
5262
9991
1980
7093
2214
3462
6649
8778
1289
9473
7573
5490
6131
7347
9372
5671
5759
5803
9550
8874
7780
5609
2322
4337
4244
5056
1751
1402
2903
2065
4452
6397
2876
6373
8856
9036
5178
8505
254
4384
7172
2664
3834
5217
5819
4957
501
3757
4498
9020
5733
3086
4554
330
3573
9653
7668
7642
2848
7157
1711
5246
5874
9224
5021
1175
2613
9757
8490
335
493
7253
5548
5165
1701
5115
1774
7105
8518
9287
4555
7993
6904
3883
6331
1365
1843
2545
2799
9202
1368
7535
5657
3097
2672
1926
6790
4610
195
4643
2343
744
5266
4163
8527
8479
7538
9388
8629
8458
7879
563
9124
3561
2601
3717
8342
1991
2892
3656
9332
67
6957
9287
8967
2957
1596
2451
2493
9774
8325
7163
6910
3874
6943
3811
2726
2741
5356
7852
3827
2455
3916
4340
1323
805
8411
2095
495
8955
3584
4798
1717
6538
5311
2275
3786
5979
5195
5569
6882
5086
6895
8854
133
715
3653
5249
6617
8790
990
5601
6635
5040
9829
6876
6151
2616
7963
8162
4546
9501
1956
3538
6190
3526
5446
371
8562
4667
25
6747
7545
9786
969
8740
5560
5062
4207
608
7152
3161
5477
1704
7964
7983
8163
6676
6709
8434
6124
1169
8015
7033
1023
7381
3130
3356
2664
6606
5268
3281
6687
1950
8765
4242
8055
6848
4071
1088
1316
1089
8409
7355
1010
1384
4023
251
5573
8207
5363
8769
3662
128
8543
8855
8732
511
8762
3587
5610
2203
2397
7600
5339
3870
6474
3527
2939
3721
9927
1314
2605
5620
7118
5035
2760
660
6023
9639
3358
2878
7783
4456
1243
6498
9618
6558
3407
9910
5510
7543
8085
484
5478
9113
8691
808
2015
7139
4909
496
7312
1852
8279
4048
6164
8042
3009
3507
6095
8072
4488
9123
228
2731
4420
7940
6357
8841
4251
9915
120
3029
8211
2383
3228
2121
142
8005
6343
1951
8644
8883
4729
2862
5566
5931
6177
7195
333
1576
3549
9899
3814
7437
3055
8961
255
2746
4692
750
4451
3174
2888
4994
375
4283
3641
5896
819
4043
7900
5004
7163
4144
9427
5604
4394
7366
7165
8489
1763
9161
8507
2675
6366
221
9214
773
9328
4266
1866
7395
3312
5593
7499
5470
5995
9735
2486
1283
2289
281
6375
6290
3676
8545
2735
9670
8009
7450
4567
2888
5580
6203
8986
5289
4667
212
8627
154
5068
2867
6568
6552
2177
504
1691
1570
6644
3957
9609
4659
4879
5882
6199
1482
2786
2216
8998
7821
7485
9544
2763
1877
9699
8977
1814
7108
6606
2209
803
5782
1107
2332
6214
9422
3712
9822
4113
3172
6853
1164
3025
4052
7841
9908
8009
9698
4
7504
2503
2450
1214
806
2668
5524
104
4690
6853
3200
8689
4583
4963
4434
3154
3826
3551
2547
9667
6777
7769
2964
8103
5826
967
6320
6518
8710
4036
9790
967
2116
7103
9102
9706
8353
4568
300
9663
690
9317
9022
2968
912
4482
2269
6200
8591
897
4014
6356
5462
31
3227
9734
9538
4346
5388
9838
6347
9005
1393
654
7062
2232
6573
7479
5861
4727
4801
9258
3250
2883
8976
7459
8747
9995
7190
1343
8698
120
7927
7812
22
3434
5505
2084
3876
9367
168
4006
9179
462
3315
1685
7923
8368
5906
8680
7909
4790
338
3863
6096
4755
3105
2578
1055
5767
987
9543
7155
4044
1140
6227
1078
3580
632
3628
6727
4488
3603
6494
4559
794
78
2788
9568
7291
9536
379
4089
8510
3433
3907
9781
4063
1716
5266
328
2927
1028
8108
8379
624
6850
5135
9321
7087
606
4342
7736
2278
1953
3420
1186
3844
9304
5301
4677
316
3010
3764
6231
608
5454
8644
611
7232
6446
7015
1864
5365
3299
3799
3460
5495
8114
3934
3943
4943
3467
2480
6684
5194
2643
1810
6557
13
2721
5936
4758
6414
589
11
9916
7264
1877
7771
5170
8206
4524
2088
641
3591
2477
2370
8978
8153
9960
5691
5729
5370
1357
9733
6849
529
7079
1037
7964
3643
2087
597
4511
509
2256
5450
4776
3287
3883
6195
3618
342
8763
5737
419
1379
1839
3093
2716
272
2832
8404
52
7029
207
9388
5056
855
3162
9387
185
839
9806
1527
6118
3926
7576
131
1334
7027
7593
5690
4270
3765
2073
5386
6606
5620
9314
5470
8690
3985
8320
7691
810
3683
545
7482
302
2868
393
3920
124
4495
6009
2778
536
7236
9619
6493
3802
1707
1759
5688
2679
7141
4134
6287
4956
4820
2782
9436
1541
7692
696
6199
2519
2115
716
2435
3381
94
9829
8465
6634
3672
5566
9774
7755
9295
4850
9369
6001
2820
1667
6982
2226
2631
5012
3669
9549
4257
2526
5481
86
956
2379
2432
3798
9810
258
8420
6519
7183
3112
3708
1878
3293
9054
9006
1575
4359
8531
5660
9969
3412
3435
8720
6025
3714
3973
9887
7102
7047
2886
9123
7567
4347
8379
5677
1293
3133
5975
7945
9036
6429
2850
8817
9708
7959
5103
8932
3576
6006
2094
5189
5725
6865
5512
6674
7521
3658
6407
84
5837
371
1318
9472
4297
3989
6140
7531
4914
3377
7712
8441
8384
586
6624
3540
562
4618
9012
8065
8610
5040
6310
1096
4952
7697
3397
702
8835
1705
8155
7634
6726
5891
2107
8665
5111
3377
4520
5719
1819
7572
4018
199
8293
3652
6805
5138
241
1971
6112
2903
4646
8341
1473
796
4060
222
4519
6600
591
5437
8696
3208
5222
78
1714
2492
8479
7959
8429
7184
97
3292
6246
1038
1021
6111
2802
1300
891
8258
461
6863
5593
5252
2988
8385
4417
1310
4605
4888
8857
7920
5127
6381
8875
810
4976
8215
1938
4312
6659
2281
3542
8927
2805
1353
2095
435
9775
7948
7419
3219
5708
2333
4976
1833
7615
9970
7089
3329
8075
7168
3354
3540
8327
2177
8165
9864
2162
211
1134
4587
9362
6579
1598
8179
3320
6665
2446
1634
6290
3981
1535
6656
7469
5637
2211
2794
1405
7042
3194
5006
1125
8608
6236
9491
8927
2
600
627
3188
2230
8273
9563
6813
2831
3857
9128
734
6797
8512
949
7523
5455
7039
4094
5632
6697
6070
2689
9965
5370
8459
5120
7016
6128
3462
753
343
2107
9251
3317
6065
1818
8445
4059
5708
1971
9843
4637
1780
3083
2059
4607
8529
2245
7483
5669
1569
2142
3858
2230
3931
7911
662
7818
3770
3152
2546
685
9368
3104
8785
8627
7545
5194
4883
5705
7009
2979
8386
3661
6853
1433
908
6882
3310
3851
6591
4771
8644
7792
9183
8201
8248
7020
9386
8154
1156
627
289
2555
9424
9158
5268
8676
4298
3432
7062
3334
7361
1778
8660
8590
3755
197
5376
2498
7002
3779
4507
9918
6561
7775
2040
1576
3920
584
379
525
5808
6729
4548
6381
2689
5830
4236
7695
6164
2232
2584
9878
6789
3256
7410
6866
9132
593
4445
8050
1643
6887
1151
7377
6120
371
5993
1649
7117
3692
4756
3714
3053
6536
7525
631
7229
2278
5900
7925
5961
7681
6334
4770
1195
4629
3128
3305
364
5173
2443
3326
6138
2328
8881
8920
5577
7171
261
2318
9837
2587
577
2471
7476
8870
6825
252
5731
6779
9637
6853
4692
6520
2089
3962
553
6381
6181
1491
7242
2688
1284
1944
1248
1429
7575
724
7655
8604
5053
58
2017
3582
8087
3373
7103
3862
7293
2324
7804
2875
7573
3585
5536
5590
8634
9618
239
4919
8367
9195
989
8770
5076
7148
1302
8633
1222
6047
1295
6100
2597
7126
1725
9578
4836
1110
8432
8715
6858
6690
9088
3856
3686
4366
5114
7699
6407
5658
2794
7956
484
2736
237
5858
9068
3246
8505
938
2071
8469
2640
1246
1029
1703
277
447
1860
5957
754
7523
1186
1523
8060
1676
107
7132
5083
709
2034
3602
2226
5563
3252
3338
5616
9861
6888
5867
510
1589
2604
7493
6643
8388
4050
7841
2826
1983
4089
4667
5839
449
4904
5271
6770
8960
4675
8561
5750
1935
8163
7796
8904
8468
6243
7076
7994
7691
6087
416
3558
5993
5447
9164
4919
3692
4880
9671
7625
2265
4305
3099
6620
7367
7763
1776
659
7981
6567
6655
5185
8327
116
8574
3425
4807
8588
8175
2144
6974
9847
5135
5896
3672
1108
9845
5001
5739
351
3078
4080
5003
935
3484
7630
5064
1176
1537
704
4467
6416
12
1124
9431
5231
5231
5876
6873
5739
111
5103
6705
7526
651
2417
9170
7202
2947
6258
7917
6774
4919
7629
3489
2574
181
7392
6631
944
8361
3631
7051
7470
7677
557
9835
4011
6464
8441
5876
3968
8128
0
240
7974
7375
7476
283
1066
8459
7861
8228
5278
2787
7693
1497
2383
7634
6857
5049
7838
9245
5929
7377
6479
8052
9234
9849
93
2582
5159
737
4506
381
3948
8645
4918
7388
5514
5198
2704
7108
5564
2484
500
5402
1772
4683
9984
9060
7452
6376
9607
3391
8038
4723
2199
2622
3760
9922
8140
7627
189
8484
3300
7123
3722
4896
8838
9047
6578
4994
2120
1658
2344
730
3681
3444
6877
1077
6279
4551
9865
1033
5130
8782
1130
1114
2343
9225
6446
2295
3628
5592
7057
5077
6918
7080
9183
3376
1680
6875
5845
936
2481
2457
4256
7948
1047
7308
1042
8754
5745
2683
3642
3588
7761
9156
3353
4517
5993
2607
2553
9612
2600
4282
1366
6528
4601
7267
3811
6601
4261
3500
9397
9404
8706
8928
8551
2673
4526
3181
67
5035
8183
7692
6550
944
1949
3468
7315
7762
3726
4666
7383
9072
4322
6232
8336
8199
1091
7728
3347
3779
3496
4440
4493
2245
3285
4238
4882
8833
604
680
9991
2811
2540
7517
1428
4907
7732
421
4578
1132
9951
6048
2874
9594
6116
325
5081
2474
591
352
1581
6798
9834
6287
1538
3742
3199
4305
7658
7710
8586
8481
7158
3046
4674
4572
6531
6805
4803
3428
467
670
3149
2215
3828
7448
1566
4898
6128
2960
9157
2407
8241
252
9098
3193
2976
6253
5978
7686
1708
3427
2762
6867
2545
1469
8890
9827
4920
1544
3793
8276
7670
7163
9884
911
3648
7619
2459
4090
2175
8301
8176
4698
8553
6178
240
6905
3947
1481
1595
278
826
7117
1720
7040
7907
6282
9670
2358
8557
1738
9978
4584
9167
880
4737
1078
367
8187
9545
5357
3793
1888
5510
3406
5250
8064
8314
6366
1229
1984
5880
3438
9948
3514
7450
552
5442
2844
3004
7366
7949
101
5532
436
8323
3592
5531
7672
1441
9161
6538
5760
1936
6238
6484
8937
1607
8314
1789
9843
7968
3303
1128
6573
5858
6539
4635
5652
3430
4184
5636
7523
5183
2179
7408
3692
6356
5073
5082
1657
2533
641
4925
2067
5446
119
1502
3710
7030
8512
8945
7127
1054
3160
9398
4645
8972
8959
4578
1784
8957
9878
4241
7256
3525
9014
576
9757
8829
2791
2581
6533
3231
131
7310
7326
8378
9060
1126
5738
5036
924
8621
4918
5239
8508
6468
2022
2780
2763
4720
7396
495
3298
2700
2654
6399
7668
8542
6431
9543
1745
4881
4238
5930
2411
3896
922
5850
2071
6267
9911
7833
8839
6747
8032
1257
9323
2017
5016
2546
8554
6976
6066
8071
5185
6038
9932
7431
4655
927
709
518
4694
6195
3291
6043
4382
8987
2827
4612
5545
6171
709
6495
4809
9563
1656
6551
4668
1397
7076
5651
3525
3885
988
4769
8814
6167
745
6373
3963
3491
1195
1144
5557
9392
3138
2643
3456
1988
6874
335
9190
404
7000
2382
6266
9570
3261
5621
4381
3381
2762
3258
3850
5058
6992
808
5207
8522
7229
8215
8242
6453
648
2053
4976
9564
938
5416
6424
9012
3094
2680
4523
6740
6460
3120
6884
8605
8502
9244
2905
5124
1991
582
729
7936
7293
498
2399
2330
7436
4934
4758
8658
2093
2736
9756
4947
7406
6701
8631
7845
9197
5369
286
81
8735
7110
8597
3871
3924
6601
19
7984
5309
3118
4461
66
1324
7039
2271
439
3016
4094
1576
8160
7921
5864
4646
3724
3364
1937
1198
1800
612
5060
5926
6622
295
647
9200
183
1901
8528
8405
834
4914
6773
3349
8975
8275
9690
3622
366
4430
8191
4829
5102
3792
2126
2160
2871
2463
4873
507
1986
5402
8219
7372
248
7191
7838
9770
677
7838
2088
8538
4488
5688
742
3246
1147
2514
5671
5448
3674
8314
832
7370
2420
231
824
2830
8169
8487
6329
7719
7027
8020
6419
5431
6695
9401
3100
1784
436
9919
2945
2527
2342
9653
340
9414
3049
8880
1012
356
6792
9424
6832
3671
4570
848
4951
17
6367
5008
1601
2189
1509
4368
1511
6467
9269
5310
6550
1746
9413
3886
5012
3755
5369
8304
5028
2767
9890
1409
9781
9289
7474
5972
927
7602
1188
2747
861
5846
4449
3083
5417
5428
8317
755
1018
7973
8142
3873
145
7738
2329
9266
943
2905
4412
3077
8302
6266
5820
2184
126
4957
5227
2312
4715
5536
3441
3908
5279
6522
4449
704
7296
6329
8469
9583
5438
4613
7285
7054
4625
6017
1264
2042
6959
8207
5029
8022
3190
8110
4444
4595
25
2265
2957
459
201
6004
6040
5481
4532
4234
8593
3622
3289
1625
1970
4613
4435
4828
7639
3688
8980
8766
7559
4108
3692
3184
5352
6507
507
5419
717
7168
2077
9854
678
5031
3372
8009
9382
9433
8573
1803
2521
390
7424
7641
8753
5334
6237
415
3586
8361
471
756
5614
1259
4705
8848
6766
7016
651
9532
4974
9113
3516
1424
1545
3434
947
6939
1240
6425
5445
8206
5115
7176
6244
7168
6684
6051
4431
18
270
91
1832
2355
6697
1321
4239
9418
325
4524
1242
2366
8781
9041
6829
3408
6874
5999
6095
5318
4387
9298
9174
7160
2916
2265
5640
8438
5015
7537
2164
715
2584
633
9261
4882
7280
1160
4727
224
9194
1528
6613
6716
5183
3079
9424
6073
346
2836
293
684
9955
9113
5631
972
916
4672
9439
4431
5680
5801
4403
2788
2360
527
9782
8147
9780
1947
6127
5714
1272
5871
6123
2858
2684
2458
1977
9836
2840
9567
8091
2178
7243
1479
760
3471
5002
8288
3965
2608
1720
295
4544
3393
7125
3824
4356
4655
3297
1276
6293
8399
6708
4579
9411
4083
2989
2772
8287
8458
2694
9602
1591
6112
7709
2224
5545
880
9766
6310
3145
1491
7981
3518
3993
977
1327
2730
5733
8859
8101
7321
6539
1564
3273
9691
5470
2663
2067
6676
481
2229
1
5506
9913
2118
8703
8431
5683
4900
8279
3475
4888
6986
8130
4802
418
3189
586
8433
2756
258
7039
9427
356
5373
3062
27
2839
8017
6754
2881
8812
3090
5829
916
1489
2474
3604
1874
2273
2896
7047
832
580
4626
2432
9553
3433
8471
9273
2280
2077
3634
3919
222
5189
573
5150
4540
9055
8676
5591
7665
8146
5398
4663
1798
1156
7214
3312
7943
9585
8711
6159
9860
3211
6207
8847
5730
2940
3509
6593
4368
8744
4473
804
5178
9170
5606
5726
916
7324
9063
2819
3597
7304
9381
2686
5182
9962
634
8396
6218
5158
1329
2695
3365
7474
4059
7011
8982
1725
9419
1600
5546
2083
1223
8921
3672
4593
9484
2627
5550
1487
2395
619
521
5892
2562
2556
3829
3521
3665
5767
2305
5112
374
9209
7414
1778
7439
7703
5111
8594
6744
9191
7904
7463
7272
1514
6080
460
9013
588
477
8006
2846
4731
2762
710
2173
7472
4911
1502
3182
5461
8059
3651
9294
433
1708
2014
1507
1893
7154
1780
7516
6955
4742
3204
2714
3057
8619
1048
6476
3368
4507
3077
5289
4299
2266
5643
6446
6703
9605
9966
2792
3608
5412
1283
1131
4253
8168
6838
9805
4066
8953
7120
3434
8697
490
5890
9988
9558
7995
9115
8853
3862
5026
9813
953
4982
8361
4995
8167
6065
5567
4803
2288
7188
8988
3907
1543
3459
2072
8460
4888
1780
1243
2410
4415
7387
9643
6592
3808
6375
5654
6888
8708
489
1113
8929
8581
5599
329
6148
5892
3173
8671
3740
8498
4150
4831
6246
9708
6582
4347
6529
7485
9534
4227
7072
2619
2616
5397
3566
5339
1768
1186
1792
410
8679
6094
1799
6074
59
5326
5944
3130
5924
2568
1715
3109
7502
3911
265
2556
3396
6884
7226
2028
9125
9402
9173
6261
4040
6309
5964
201
6763
809
4123
1986
6878
3329
9819
8055
3032
171
9649
1256
8403
3399
1561
6965
2511
3962
5117
8705
5132
1010
1942
4884
3960
9764
1285
9276
6921
5537
2034
3749
9361
5742
6366
5114
8445
9728
6231
4172
4091
2209
9523
3225
7234
5969
3625
5726
7841
2207
3749
77
1191
7259
5068
5753
8866
9238
8026
7114
2044
543
1133
7494
8136
5899
1894
2660
7032
6446
8520
2783
7731
944
4613
2922
1486
8716
7649
7990
6138
5559
1434
4714
1787
1956
2557
2101
673
613
6248
9206
1701
9116
2128
3548
1076
2029
5089
1335
4075
964
8693
1395
3687
966
2345
247
2646
2146
4267
149
1589
35
975
6485
9109
6419
5707
6179
3341
9793
1986
6418
197
9313
1081
8615
8816
1065
1846
9456
3627
6314
3915
5173
6865
38
1027
821
9611
2310
9455
8527
6346
6098
7617
1665
8140
5643
4439
4656
6322
8909
7993
4282
8978
2275
1197
4373
9884
3729
1431
1581
299
4810
6522
5275
6120
5801
9619
9070
5392
4885
6568
1030
337
3458
72
4099
1696
9416
474
3172
6625
7189
3134
4718
8320
9633
6195
4590
8841
6653
937
5881
879
7874
8227
1536
9576
2342
5545
2339
6023
5369
9264
1436
2341
6963
3944
5519
2202
7098
2677
468
3255
8258
4955
3109
1675
1804
6955
6487
9606
5029
228
8739
3948
686
150
2463
5231
8536
4523
9354
3870
8135
7149
1256
7925
1698
2376
1356
5688
675
2387
1743
3975
469
2626
2621
2918
5117
9861
7772
5387
9058
2732
993
5140
525
7487
1654
6812
1481
288
3666
2574
3323
6597
5119
1109
3699
5184
9976
9427
5598
798
8930
2642
8485
4763
3479
8060
7529
9544
113
8674
6751
3966
4812
5402
6155
6115
7400
4210
722
4544
4206
387
8720
9168
652
3871
7506
1511
9219
9933
9884
8344
9788
8259
3802
8351
6655
5761
4008
3594
9282
1937
175
4991
5823
9356
1785
9716
4954
7583
7783
5766
8705
1053
6591
8542
3921
9316
4110
9608
553
6017
324
179
8790
8406
4177
6552
1600
7803
9460
1638
202
7128
5262
2269
212
3728
3345
1295
2086
7789
6557
1636
2150
4118
9639
8735
1667
5259
4429
7338
1650
4400
3040
3264
1612
9995
6201
7416
5178
5232
8116
7150
8123
6144
5563
1577
5791
4322
8330
192
5971
2815
7521
2764
9460
8688
8029
4672
8767
5442
4884
6340
3373
2121
9988
5802
4088
1997
656
217
7527
5928
6117
6854
9673
9407
3512
6005
8554
8062
2944
7345
6929
4236
1367
8835
6878
275
3804
2924
1965
1528
8649
9736
347
1775
3776
6001
6156
9761
7488
3794
3665
8113
2665
43
6698
667
3090
53
5175
2023
6118
704
2498
7539
9411
9137
754
1152
8924
3812
8192
7732
8251
5998
7278
6380
6506
7898
5630
7511
9849
8792
573
9150
3680
8816
1571
1323
2137
6210
7185
3751
7748
9942
5410
7944
7238
2808
2364
4639
5247
5003
837
3676
5601
5932
9861
6666
2765
317
4160
5192
4422
7664
2174
7325
131
3348
3858
594
7565
9430
9015
2713
6626
4440
9983
8309
588
9333
9142
3698
5533
990
2263
4845
7955
6896
3548
7747
8954
4904
8558
1820
2049
1992
9328
84
7767
8084
7813
3889
8949
1769
7073
5817
5988
8123
7050
1160
5949
1552
6077
3431
1174
462
9658
3432
5401
7328
9370
3234
9799
6111
1640
2661
871
7194
663
4633
5112
9899
541
2503
1520
5252
4749
3764
3916
6445
8857
9831
9846
2388
1798
7401
8826
5127
645
1587
2333
5896
4683
438
8714
4578
4090
2838
128
4412
4946
8793
7460
2416
6048
6050
1011
3574
1911
5921
5712
5894
9515
8956
8471
9538
3388
7411
4312
4239
3834
5743
6549
9076
2299
9215
5216
102
3789
6941
1162
1910
3635
9503
1498
63
2371
7430
6339
5747
6390
5252
3216
4723
5874
6439
6380
5726
1967
9175
1189
6679
8525
5889
578
9202
2244
8383
116
6832
834
908
9784
4969
4759
3802
2258
12
7457
8407
7167
5958
1071
8564
7848
8581
2527
1825
3201
5860
2835
9489
8134
4614
5752
4482
3385
7746
8924
2296
7819
3987
7313
9507
4913
5481
5468
8246
9964
2072
4181
6368
8269
3559
2007
5231
5608
9960
8040
1997
6675
418
5182
4256
3997
1345
2773
5170
9217
276
416
4511
1087
5161
588
3180
8644
1563
3651
2367
3113
4280
1860
1128
1678
6466
1219
4575
2606
520
8874
3424
9705
6927
5621
7400
8804
3057
5509
3568
2707
298
9029
9687
1655
9669
5280
3108
2971
8827
6586
4044
6309
5673
8884
2394
8558
4053
2577
7530
125
8198
2563
8696
1402
6992
4806
4160
9540
3187
4375
5586
6054
82
9660
2814
5250
2173
9473
2008
1186
8110
1603
3779
3934
4829
7114
4032
8043
3226
8842
4751
480
7979
3442
4508
7734
333
8284
4663
4863
1120
3568
9784
4451
999
7990
6227
6013
6069
7143
6384
4580
568
6344
2015
6595
8784
4761
6572
9878
773
6117
6313
4344
9624
5106
8074
6639
5151
5080
4917
3888
4809
7145
66
4542
1819
9327
2934
6839
887
8019
1973
6083
2458
171
9911
1635
1427
7912
8950
5571
1711
4785
4089
5003
7254
5439
4827
5892
9915
9587
861
989
2226
2495
9770
3423
6278
7472
4776
9456
1827
9733
8990
2754
4143
230
1886
9452
5195
6439
5212
7238
6129
9345
2176
24
3056
5062
7287
6379
4500
7041
6923
1299
7157
984
3856
9962
400
6488
5356
3955
3136
9493
3744
1978
5794
1334
860
7024
3552
5374
697
3476
4374
3622
4859
2880
318
9745
367
1215
185
8396
4956
4785
2810
7690
5596
3158
6373
1924
9052
8706
1082
1257
4102
6636
5600
198
4230
1721
4202
262
2827
9125
6343
3447
6924
3535
6125
975
9643
655
6121
4141
3769
4740
4537
8959
9167
8103
5738
7701
651
1627
6322
1991
2393
3117
9520
8223
7280
120
5514
8645
7012
9922
5568
5831
8441
9362
766
2061
7033
5397
2281
8396
2585
6941
7487
9361
2098
6641
1030
6127
5983
6501
9611
1200
2802
4352
1053
3807
4014
7901
3695
9523
5140
7475
7128
3847
9171
8706
518
9805
7337
3676
667
5253
9345
7925
9406
5452
5630
158
6124
639
9089
9387
2662
511
310
4368
3028
4088
8309
6958
8046
9131
1701
2758
3256
5109
9812
3639
190
3392
6122
1225
8790
2306
5833
4357
1854
4877
4946
5601
8177
3856
1777
3056
433
5752
4812
6617
3536
4803
5677
6429
1496
378
5630
1536
3551
6587
4669
4296
5640
1990
9968
2731
4516
7863
597
356
4677
5952
2513
8150
9142
2707
8781
4190
7353
8645
2325
7503
296
3194
102
5386
7715
9693
9729
8411
6675
4297
805
5267
208
649
9960
6186
3887
9046
8540
2569
5155
4456
1940
7584
2289
7526
7286
8788
1596
1440
4182
4906
4262
7165
4000
2446
1887
4581
5016
4822
8134
2185
3680
379
5146
7246
7942
8492
2746
2594
302
8307
105
9755
2347
5840
1253
2518
3097
188
2406
940
6814
5235
115
5899
1005
3042
6649
7514
4299
9306
4030
3717
4435
2970
775
1560
2437
5043
9584
8793
6041
9001
1137
5874
4801
4506
4817
8159
1192
9368
1484
4828
2415
7193
5370
8444
264
9247
6241
4900
1843
5231
8295
996
4277
6387
5320
9377
5064
9693
81
8054
604
3613
4899
7812
4098
4240
1097
6498
8224
8489
6322
4930
7822
9201
1301
7241
7599
2330
1296
3189
8802
4683
6950
809
706
141
1597
8413
9186
5440
3094
1499
9287
3430
4224
8802
2294
7557
4346
6023
8149
9742
6676
3353
8909
3365
3173
5075
5085
8078
1777
2734
8396
6891
9251
5920
6662
4089
7106
3956
2643
2684
7312
2783
5395
4823
5643
4392
4977
2499
4947
42
7983
5273
5040
9059
8007
3597
1900
7341
6967
6521
3327
1107
3663
360
3102
2395
4178
8303
2140
8204
450
389
3379
5465
2429
3892
7958
4086
7722
8781
97
2586
3131
1735
4750
3123
1851
191
7913
3065
2189
9765
6989
6122
9356
6205
9120
5034
1720
3247
213
6673
359
6742
9591
7594
1893
9574
6630
4115
5639
7813
9618
8185
6423
741
7975
1927
5609
9978
544
3986
390
9074
6015
685
3400
7257
6109
6224
4771
2923
2365
4475
8567
3424
2227
6389
2143
7156
1230
2276
3561
3798
7426
4375
146
8803
9698
8615
8230
7192
9425
1742
2702
6227
6283
1284
726
8906
4193
4636
3465
405
9343
2715
5448
5143
9618
2999
8514
1585
9784
8453
8748
8267
424
6592
1648
1640
538
4596
7558
7494
7993
7578
3498
623
1772
2340
7140
942
5663
3237
2962
6593
8811
3155
4454
4710
8927
5003
9185
6699
100
6644
7408
971
2993
4434
5802
9690
9635
9086
8368
9597
7078
5971
2411
1764
9217
4824
3371
7277
5858
7571
5922
6546
5490
2155
9456
7269
2138
6938
2713
5535
5411
858
7393
1349
170
2526
7630
7337
6538
7450
1306
6577
4869
3365
9515
2840
743
2689
5492
4102
1631
1908
841
2529
722
861
5480
838
4978
8533
7552
2697
6372
2832
4185
6219
8578
1062
1594
6691
7194
6033
739
8408
6264
9345
1677
2125
2639
6616
6525
9448
1446
8611
3903
3503
17
4863
626
9308
7045
6792
2358
8004
9897
8609
204
2036
9179
3296
4261
9681
1095
8801
6907
5598
1168
2432
6265
1377
9184
3355
8198
8362
2008
8104
1251
7761
8929
682
6201
3714
436
2286
9645
402
3674
2734
8510
7654
9140
9641
2946
9343
2354
6844
8352
2644
1704
8305
2334
7584
8598
9249
124
3690
8593
3996
5996
1793
7358
2442
3107
8496
7094
547
9245
8809
9155
6504
1923
8434
3922
8610
2236
9543
409
8854
6008
5163
9751
8606
6057
624
8348
8616
5115
1186
2162
5955
1809
9678
6737
6716
296
6697
6533
4449
2248
1807
7598
9543
3489
5199
6382
3900
3662
9988
7012
581
3281
9739
7987
832
2041
8751
6385
2483
148
8478
5431
8058
6647
3200
4695
2244
1696
7206
8313
5539
3009
5959
6605
4201
7565
208
5116
857
4242
4447
4954
5127
4174
1581
2673
2069
1690
5905
4674
1544
312
4050
4301
3770
6375
9540
2896
289
504
4137
2204
6456
1675
1473
7571
7321
3133
3786
3267
1833
3634
5527
8241
5700
3523
304
3883
5066
526
2625
553
5791
2531
6768
5226
8958
1658
2834
7825
8024
7311
4827
353
104
2243
8498
3452
2701
4009
5351
8936
7904
2637
2840
7910
4784
5809
8600
247
6071
5657
7830
9762
7878
3584
6412
3924
4906
6246
8613
5663
298
5961
5243
4522
8807
5173
8136
3456
5025
6851
1182
1056
5175
3688
2649
3153
9690
8858
442
3149
3057
2587
1753
2366
9481
5065
2475
6520
5830
4573
8545
6454
5396
9687
8638
1942
7393
8318
9102
9610
7672
5144
5221
9219
4475
6773
4586
4189
934
3258
4234
6048
5804
5464
2605
7710
4207
2876
5040
3741
2698
1616
7625
452
8306
4727
5660
5487
5050
706
5760
1371
9755
831
5476
7913
7366
2534
7891
2707
478
8285
5585
2571
339
2496
650
9932
7081
927
7735
4516
3277
5361
6911
6056
7518
4769
912
9747
1112
9099
9138
228
7498
2862
6293
4972
9988
4692
344
1673
4985
2333
3263
4413
6030
5053
113
5810
4077
5728
8405
4123
2971
1243
8094
4394
3919
9419
394
2597
1621
8144
1594
1379
9146
5357
5073
7476
6203
5677
9944
2389
583
6062
9531
944
2098
2498
25
2464
4656
5102
5670
5384
693
5015
7256
6255
4768
1898
1053
568
4297
7746
51
6840
738
1883
5267
673
9980
2636
9607
8399
5784
6016
3539
6909
1711
7149
2296
1421
9393
7930
7941
6519
2473
6210
685
4130
8100
8817
2708
4304
4624
9375
8091
2836
6010
2691
206
214
7230
9352
2484
2019
5495
7270
9600
4677
1476
347
4543
7618
9602
9631
1174
6367
9805
3532
4366
4527
1198
1136
2572
1162
9928
5302
3775
6408
7924
702
898
9020
6943
2082
4190
41
5446
5921
1023
5203
6609
6008
2654
7753
4273
5089
4701
4992
8200
1723
3031
2477
8324
5678
9016
6094
6779
1321
2090
192
3494
3191
6752
773
9448
5523
675
7520
5440
1133
921
3884
2508
9163
7918
5189
8482
4819
6888
4839
601
8783
8207
6200
7671
8420
696
1264
3065
8096
3261
4124
3830
831
1709
3417
9255
1880
8304
8750
4413
7181
9551
7067
802
9146
9968
9161
7760
3826
7611
1960
4432
7251
9590
4711
4984
551
3102
1028
4827
9410
4454
7343
7871
6796
53
1677
7453
4500
5934
6601
6515
8138
425
3420
9231
1140
5398
8524
8451
1534
3504
9239
484
1301
9692
6579
1240
6998
8433
8703
8778
7276
3922
5002
2726
2208
9195
4005
9093
8291
1707
3260
7891
1010
5444
6294
6825
6170
5479
3843
5153
4577
2576
3292
5906
5215
6858
6570
7104
3474
436
455
6066
7230
7823
9239
4215
5423
693
7023
1945
1393
9431
160
9827
244
1347
9474
5856
3398
9753
5070
1518
4590
3550
4201
4700
630
9096
7511
5349
2625
6900
5618
7855
1251
7193
661
3187
6205
2078
1402
5476
8456
1898
3760
5146
2416
3465
5662
3867
7384
713
3706
3721
5365
8937
1475
3680
3621
4539
3585
6326
3182
1674
9320
4492
3812
2304
8576
3050
686
6287
9651
1319
8350
9593
3062
2692
9790
9055
2284
7165
3433
3643
7964
1911
3193
1897
2489
2314
5717
6980
9565
1666
8493
5075
2293
6782
2577
9267
1333
111
4888
2611
3180
1096
1062
2387
5370
5772
5874
8783
3890
4566
2255
6420
2892
9539
3709
7408
1298
1914
9814
6261
7332
3706
6722
7984
2826
3275
7299
6280
114
522
7721
2172
2276
822
463
6868
849
806
6527
6717
6439
6934
3090
4998
9411
2073
2182
2754
3072
5169
7969
9419
297
8626
5279
9474
4374
3077
9560
2095
8472
9594
8669
3367
6845
82
4143
2070
9076
6840
6559
491
5386
3096
9822
398
615
1723
8573
753
1092
4545
3207
4945
2553
8301
1874
3649
5543
988
2494
7772
1245
4432
8245
6844
8264
9722
8152
9328
7929
111
3678
6231
8609
7477
4032
7200
8804
4880
8858
2650
4503
8807
1002
3926
6387
3723
814
8543
8208
494
6527
8087
4346
8787
9246
954
4851
2978
2133
893
3571
9245
2823
980
867
6975
6335
5076
4269
4673
4845
662
2130
9843
3268
2437
3430
4318
456
4541
8907
9609
1119
7435
3584
5590
1885
9822
8230
3078
2349
5826
2746
7964
9079
5257
5984
21
3059
9412
7388
5738
4274
3534
5649
5864
5957
4502
5518
6808
7523
532
2521
7592
1985
3962
8125
5388
7396
5276
5090
6513
6845
1190
2323
9018
7916
4165
764
8010
6453
3408
1258
1044
7153
3169
5334
7585
1785
7720
9633
7382
4303
1422
5554
1817
3305
5154
5978
5116
7131
595
2625
7783
4322
874
8893
3084
1210
6630
7948
1792
3738
7507
355
4115
9273
1476
439
8816
8627
540
3602
9676
5642
7707
2210
5422
5635
506
5713
2761
8186
5647
879
5857
782
3475
6722
6278
4276
2250
6374
5155
9771
7841
3643
6795
1067
1439
2543
1828
4714
7162
6489
6591
6993
2949
2140
6614
8664
3470
7448
703
917
5186
3605
8090
6628
4497
3332
5798
4754
4160
4540
6377
4166
8447
9904
7801
4063
5414
4355
4196
7963
3884
8046
1024
9158
4288
8863
7833
1334
107
7613
805
4802
5670
4238
4584
4235
5553
166
6569
8106
6744
7074
553
2621
111
2424
8546
3045
4339
2550
3249
9114
3251
2740
7032
7139
2580
8932
2340
5633
5499
4464
4646
6546
3734
1575
8496
4209
5319
3565
8510
5247
7786
6090
1219
6809
7493
8403
9046
1863
317
4787
6995
7557
4364
1691
1550
2930
7205
7444
1654
6621
7826
936
2606
2280
2428
4006
8886
8536
3928
4337
7725
773
4040
8002
1328
7160
1521
222
9646
4177
9885
477
5316
711
7469
7088
2182
2043
24
5565
7003
7874
1910
1889
7421
6850
3484
8938
4381
3486
9516
510
7934
5980
7062
6221
3517
6361
363
4390
1408
6982
7798
7477
6736
7349
5619
1894
4811
5339
1823
6843
8512
8362
7333
9850
8863
2151
580
4478
3676
2582
5841
6160
4661
9375
2542
9335
3649
1247
3571
5821
1680
5634
4157
21
76
4433
5152
72
1230
1589
4127
9041
1662
2673
1998
9572
8646
7211
7358
1366
5781
5884
713
8826
1141
1637
2815
7361
4806
6284
8245
3563
1768
6002
5163
2878
4205
7312
9773
4429
6998
508
3248
2087
8454
6799
4498
1988
7376
2969
688
6437
3889
2205
40
5795
4920
5330
8879
8439
1617
7791
5265
4945
3344
564
7273
5659
7510
9120
5366
1334
7437
2928
4368
5272
2636
8626
371
4342
7139
827
9984
1836
5595
1807
9673
9562
5962
9367
7957
8874
8432
1334
2812
9206
5242
8302
8742
7889
9525
8838
4477
8256
7603
9354
8999
961
7837
4767
3159
6294
4958
4537
1300
790
7807
3428
9350
1536
890
7710
9697
8142
1162
6492
2902
6103
115
5161
30
4333
9883
2481
4816
8300
6349
1727
4233
6241
2807
8712
1725
1195
6208
1663
3915
3894
34
2022
1398
1813
8952
7205
6999
1814
9141
6335
7094
1110
6452
2896
845
2675
4737
8825
6410
2476
9721
2999
4440
6080
9194
3109
8729
2178
5985
8501
1934
9498
2576
9007
6068
8093
3762
8216
5381
2677
5482
3001
9158
14
4632
3122
9788
9910
7866
9050
6458
7382
5252
1439
4173
7034
7581
5318
2618
5842
8476
4820
5829
639
4400
7595
8534
7444
6828
2751
8912
6520
3443
3732
6993
6719
3841
4425
1447
6072
3320
8818
4312
6934
2043
4552
4245
1137
4833
9033
512
8444
5597
9538
4201
662
7172
8518
5614
7037
4588
2344
3082
5114
137
9937
3938
1520
4445
7454
3193
3156
3870
6546
2522
9657
508
8894
8595
9848
3349
7397
2611
7794
2239
468
922
3904
9531
6331
9547
5322
8811
4410
1483
976
5736
9197
6797
2106
613
2725
6692
7378
5840
7356
4574
9051
7016
4543
154
8277
9922
5765
3687
7191
9732
5287
2875
9668
9015
33
1988
8113
7907
7870
4344
9459
5062
1545
3921
1310
2097
6489
9234
623
704
5232
1954
4883
5894
1871
6888
4988
6176
1269
5399
3045
723
4292
1243
449
6322
7129
3091
579
737
8578
9471
7970
3011
5114
3988
5471
622
8843
6180
3433
6531
3063
6486
4500
3333
7991
3774
7143
3145
6999
1936
6637
2470
1298
8736
770
301
3471
4988
4967
3397
8655
9886
2126
5761
3983
1872
780
7882
1416
4366
7333
5089
1966
6514
7659
7806
6743
7116
8330
3354
5947
7434
3737
6642
2833
5499
1712
6377
3217
5169
7150
3855
1212
35
7876
3177
4359
8738
9349
6119
2994
9260
1728
2633
4603
1548
504
4784
1077
2964
3558
6355
6657
1613
7450
1220
6148
5484
2928
8483
159
4402
4664
6247
7215
3477
3877
1930
8638
4481
3446
8004
7766
2211
360
6686
5705
1103
2038
1284
4995
6928
5300
253
1611
794
7197
9599
2585
6655
7028
8875
5810
865
5960
8591
4595
5481
5418
1125
7671
8573
6146
6595
9517
5553
8589
4446
1252
763
5515
5045
3445
1643
3488
3230
9101
4411
4636
6420
6280
4278
9345
1983
7453
4570
2194
6900
6251
1769
2090
223
5685
913
3613
6422
782
8705
736
6058
2205
2751
8347
1821
1139
1983
5430
4167
7377
2729
9489
184
845
8997
4844
3392
9227
4163
9141
4947
3358
1688
8195
9482
8673
5291
9359
2531
8029
7065
2448
396
3674
8577
4215
3529
5931
7524
843
5469
9139
8026
9522
3521
2279
1905
9378
6688
6068
221
7194
6619
9563
5788
2699
516
4555
8864
3148
5847
2624
2898
6138
312
280
9093
6509
2267
4781
1315
7461
1703
3319
3672
5807
5332
2166
4673
7203
6767
5913
2670
6463
7808
9871
5829
832
7886
5878
3698
8973
7067
4376
4995
2845
6240
1888
9210
3241
3185
5395
7111
1906
4753
2759
5490
3299
5891
9981
7366
8350
9882
1660
6380
9934
9953
6435
8330
440
4451
8260
8623
6388
1082
2341
394
7327
8323
826
9566
3443
2955
1432
4017
1371
8801
764
1709
5048
4380
2529
4941
7904
8512
5348
9091
5406
7995
5060
2892
9805
3558
8769
8789
4925
6772
722
823
2411
2364
8163
4975
5064
414
3922
5394
8449
7643
5009
1132
9189
4725
3281
6059
1922
3319
719
7876
5734
3250
4988
9332
3262
7934
9761
9885
4185
2642
9092
4599
8078
9940
9298
2684
6217
7553
9876
7489
4589
9954
641
7763
2985
3928
3703
5079
276
2710
6867
1605
6052
2846
5089
9161
7376
8831
1713
7130
653
4037
1208
5806
8550
410
3053
9248
5427
596
9842
4368
3442
3229
3287
5779
2608
7225
6346
9334
4231
4682
9608
1475
5775
7487
8546
5232
4850
136
5308
7386
5840
2746
6836
552
8746
4835
9212
2575
874
4454
9651
9680
2867
2499
8162
2823
9559
9310
6553
151
2484
2378
2898
5970
4428
9732
31
1063
1863
7821
4397
5290
5288
2455
8528
696
6392
2735
7032
7773
8012
3770
8460
9776
5030
9928
8607
3276
9324
5723
5673
5540
3583
5157
4901
3461
9847
866
6123
9014
4803
8149
712
3052
56
4361
4391
411
3970
7465
6430
6824
2277
8780
2138
8713
3918
3122
939
4499
1124
6755
1738
6140
2148
8857
1706
131
7554
5066
849
5526
6611
8018
2969
9862
3058
5407
9719
669
5536
8196
9305
1858
9292
8848
3262
4803
3018
6187
9543
6725
9926
1623
7889
8047
6410
4571
904
1199
2654
4260
2857
8904
6616
904
212
4259
5810
2276
5655
8510
3402
270
8962
2928
7450
9880
6848
3299
5594
6903
7112
1366
5522
4124
5599
4987
128
4922
3452
8487
4502
8520
8015
1276
5338
400
5241
8387
8635
9003
8993
742
532
1032
3322
9656
2661
4961
597
6530
7722
7605
5605
5750
7148
1491
3381
2492
5305
5225
4130
888
8824
7167
4007
4882
2254
7686
7590
7049
4638
8461
4663
6591
7910
6370
833
4489
801
5943
2326
5167
4324
6921
764
6897
2914
2264
4128
3847
7019
2749
3082
3410
4872
8105
1918
3364
7025
8440
7401
4974
7371
3547
1891
9261
2941
9013
7840
778
657
8891
1690
9361
2899
8963
6563
1902
6403
7109
1967
9990
3558
3742
30
1888
5379
1253
1719
9804
4451
7468
7464
2361
8541
7352
7796
777
5029
1503
3956
3901
4423
3349
3189
8127
1059
3720
511
5908
1542
15
6961
9915
6472
7411
1415
3628
3517
3
3882
1688
7294
8036
6326
3188
1427
9328
820
5546
1167
5785
6872
4899
3153
8066
5566
208
553
1903
829
1658
741
5810
8262
4435
507
7549
5889
1130
5936
4167
7259
5026
7620
2268
6606
6387
7023
1
6700
1730
2900
4964
4741
5756
3143
2061
6761
8405
1844
1206
3075
1614
9173
2223
946
1484
9773
1890
2681
3878
3439
9689
9610
6999
8525
1846
7279
885
1460
9179
3185
552
5203
9099
8757
5777
1068
2506
1292
8445
787
7483
9285
4729
1092
5645
5853
5396
1321
5122
6613
5133
7319
2821
8290
3210
5354
7742
7230
1297
4782
5876
6945
2665
8021
2522
6411
73
3466
5169
415
7267
597
4235
3090
5956
403
4880
5906
2880
5993
1882
9563
6337
2565
8051
3232
2381
809
5547
423
3326
5275
9995
3662
4911
537
6620
6708
8570
9234
5779
1930
6152
4706
9346
4535
3083
9731
2333
2807
473
1835
4350
5304
2900
6312
608
99
9969
9290
4029
9264
7919
4746
7089
1991
602
572
8179
5419
3782
8172
7336
3645
213
9951
3411
1631
3219
3516
148
2649
8475
2739
9949
1490
925
4691
762
8598
9929
6521
6738
9280
5204
6515
4011
1406
7616
7355
3933
2511
1552
6914
9024
2301
4499
704
5090
2948
2900
8976
6880
6453
9141
1380
788
5179
4796
5598
1065
5910
9810
9580
5490
7261
1434
8056
8440
3698
5939
2005
4014
5863
9583
7637
1097
1561
3715
7648
6991
220
9601
7813
5697
952
9641
285
138
3824
5726
8832
6609
2018
6289
8022
2701
1972
1423
1763
867
6442
2264
