8170
2500
6329
7578
3059
9604
8851
168
4955
3395
9314
2303
5827
3378
2622
5973
2455
7131
9916
2532
7624
8387
717
5399
8636
7491
5961
1446
3841
960
5740
4503
840
3083
9567
8617
949
3032
387
3795
9264
4892
8121
6080
8390
5593
7397
1265
9675
451
6147
8223
7354
3807
4888
9782
1782
929
8941
5568
3643
7405
6327
3995
7654
4811
1463
2743
3811
4005
5024
9422
6743
6121
3268
2732
265
4637
7009
3043
93
4696
1770
3389
4812
7516
7149
7033
8195
9784
6834
19
4090
4818
151
1859
8564
4126
8425
3578
4130
4653
7454
5670
5427
6724
1480
1232
539
2155
9516
7145
3920
5898
5475
8947
5634
2937
9182
138
7661
4430
4548
4026
7170
5005
5331
1924
5969
1409
4167
6139
6212
3430
8912
5439
7242
6099
7962
8088
6036
5916
6494
6039
268
9689
6099
8192
9343
1204
6224
5626
4943
8286
5916
9700
105
3427
8499
421
1392
9555
5263
9130
7987
3377
932
489
6985
35
1704
9534
4975
1094
4102
1745
7936
8508
3757
7481
8906
7139
2581
4764
5184
8541
1195
7926
7514
9212
5334
3814
7600
7540
6695
6480
653
7363
8052
6891
8756
5609
1206
9308
9499
6689
651
3849
4184
4171
1764
1597
9669
1017
1515
4253
6974
498
3945
9446
2181
3006
2975
7773
4701
7890
1934
7434
4399
7622
1091
572
456
6866
8724
3296
5933
3273
5264
8495
7889
7346
3742
3342
7448
3737
4144
6582
6024
2442
9505
155
3418
8605
4709
5750
2633
3432
4607
1609
4754
3216
9450
6561
3079
1191
1141
2802
2292
8219
8319
3701
5233
5450
1557
4834
9263
9633
324
963
3746
5352
1410
1957
8116
936
7153
1850
2157
2974
662
2500
8665
3655
3740
4673
7896
7180
262
6256
2596
1341
4289
7805
4122
5803
4921
7968
7048
9875
6486
3000
3108
3643
7863
9402
1806
7492
8445
2143
4038
9290
645
9318
7556
5818
5035
1578
1710
6884
6938
2083
9370
4067
8367
2404
1062
3604
7834
2313
6014
9185
4802
2281
6487
7662
9392
5022
5792
4337
2866
403
8735
8119
2218
3305
695
4970
249
8303
767
3343
6257
164
2936
4402
3630
9040
5275
5458
8340
8202
9658
6131
6128
4852
4487
8364
2831
9894
6426
13
5785
7372
4017
6534
3348
1251
1849
5061
1709
6092
3355
9530
1545
2671
2928
4638
9344
2084
4031
351
9747
333
5997
4664
745
2603
1990
7366
8818
2331
2138
354
1877
754
7557
8884
6146
6402
1054
2378
7191
213
3749
2247
4846
127
4586
3456
1924
9848
9019
747
5862
6074
265
5452
1375
9352
5789
745
9260
4482
6243
9377
3953
3000
7653
790
5114
4043
8492
2942
1030
1653
3160
9533
6583
3749
9817
618
8016
8534
5441
8970
3312
1391
4492
5802
489
2105
7508
6793
613
308
3118
2708
3970
4371
8294
1846
2473
3795
8342
7881
1356
6076
9717
4209
2914
732
8868
7626
9535
5170
2728
726
9041
7273
6065
2562
8507
1851
301
3008
6534
1698
2328
721
8534
451
5563
2212
5454
7971
8144
4220
191
7560
7613
7235
1673
283
2888
9756
3236
9882
7258
5442
7579
2391
3667
6696
8306
5732
3338
622
3494
5333
1346
9658
3747
8995
5674
2462
5168
6656
2171
1563
7026
8508
535
1480
9659
8830
889
8224
8963
544
9772
6651
4439
6886
3142
6143
6784
8866
3905
9722
4632
7522
726
4857
6213
7955
3487
2677
4608
425
4588
6580
7710
5695
8416
9071
1856
2186
7037
9476
4842
5114
1659
2949
5561
4695
5219
6861
5853
9531
5678
6302
2750
2448
6931
9503
7781
5678
5266
1704
5342
8211
3616
8537
5956
3191
8940
8744
8469
4071
4286
4597
1829
4429
4879
9518
5862
7776
9295
1518
2736
6625
6824
5077
4747
8285
3829
5261
8763
8912
1289
6178
6920
5332
4133
6631
1497
3121
6993
2370
5754
6475
8391
1782
5244
1080
4473
8321
7569
7413
3641
4
6382
3748
8968
8716
1387
8539
3790
7670
9361
3679
9980
9557
2781
8108
7677
6496
295
8248
8020
2741
783
6925
5764
6260
8234
5041
9832
3666
3812
5508
7692
1349
5271
1285
9795
3172
6364
5416
5244
2958
9330
9322
3008
2075
6494
8834
9001
7136
3403
7976
8025
9320
9393
899
9220
9457
7983
2707
482
6345
8706
124
3857
3853
5986
8631
4286
1495
8312
4505
132
4878
3004
5061
3410
1460
3916
3689
9766
9400
6040
2695
263
5835
7482
8372
1956
4371
2064
338
5188
3656
4934
8898
4252
9206
5464
9154
6088
7863
4548
7505
8824
8897
7844
3147
6316
4331
7489
7759
5540
4293
2940
1082
305
6010
9861
8021
6370
7614
6674
9914
9430
7973
9316
6475
9944
4106
809
4204
5996
4761
7600
1903
4851
8534
3871
1365
7991
4335
2055
7624
6882
4305
4798
894
715
3852
8592
8241
9345
7442
2784
8474
1188
4633
8074
850
9581
1369
3202
2210
3522
3284
1763
778
6693
1037
6230
1770
2139
8495
30
2035
5558
9050
3031
5125
3175
8422
5759
6092
5513
2568
4859
8553
1977
9125
715
218
459
3021
1784
6622
1132
9845
4102
3597
2541
4019
4201
9678
7621
6821
6102
849
7412
748
2916
2138
1602
2949
7674
1158
5609
7110
6696
954
8425
3210
8800
7567
321
6012
1311
9117
6711
3408
902
5712
4948
9433
2584
9156
4220
6080
8470
8691
6466
4009
1140
1228
6209
8577
8616
7510
5346
625
1012
4022
3148
3147
5172
9330
5218
6633
9356
1609
5510
6984
4137
4003
9846
7203
7189
2168
364
8518
6937
9528
8639
8005
4488
4415
2069
7571
1357
1744
7396
3800
3770
6086
2395
6880
2564
1800
4261
3253
3937
7587
6723
6861
3180
9481
9872
7136
1382
9006
1387
6447
7146
6828
3687
1483
5382
5143
8659
756
7260
7647
5275
7612
4212
1710
3213
8051
1608
2966
4639
5389
7906
7110
4580
9350
2805
1778
4824
5006
4543
4932
6189
2351
357
948
6654
6942
2398
912
1498
7420
3141
3505
5993
6290
2311
9111
2649
1470
6268
1820
5528
8416
4367
5997
8541
35
2247
4337
8678
3603
319
3653
6212
2327
1457
2924
7254
3263
5056
6270
5652
695
1468
7218
2248
4401
1117
8290
7038
3693
9129
3354
8737
2722
9404
7773
7984
4360
2407
6618
4695
8061
2233
7894
7101
9488
7292
3665
4832
9387
1857
9385
6413
9997
6168
4833
6947
7148
3749
4140
8918
3957
7298
4984
4474
6964
4915
3490
2923
3684
4939
2894
856
8437
1575
7591
8462
3573
116
2760
7108
7451
3457
7651
1835
9744
6940
8740
6554
4571
825
835
610
8267
7700
738
763
7248
3419
136
4573
3802
742
1148
4447
8963
8528
7976
8422
8576
6370
3373
7031
989
7031
1466
499
9646
3148
4730
24
6174
6935
8352
2859
4104
2283
2589
736
837
6827
1213
154
9980
8187
3305
6709
2309
3203
2872
1215
8963
318
7977
8200
7451
3803
9621
1235
6234
238
1117
4099
8689
112
8398
6867
2389
8288
343
6679
5939
7240
7584
1748
5157
3219
7051
2801
3726
4756
8189
6442
276
3515
1060
5856
8957
152
5407
300
2662
1353
4502
598
5710
7113
1465
9867
9789
6438
4319
4020
2860
6193
5275
1723
2733
6228
3042
4231
6751
6819
7509
1477
2049
4674
3823
5174
9051
2541
7910
2237
2880
43
4017
4586
2737
6985
6038
8044
1754
7184
3012
7287
437
4168
3582
4083
8239
9336
3122
2728
7109
1176
3548
5842
3843
3024
8549
1036
3289
6291
815
7247
8528
2082
1139
2817
2175
689
8985
5748
190
4998
2477
9567
3806
221
1040
7880
1091
9740
6934
9715
9418
5181
5127
1704
6494
8174
742
9713
8435
5001
4754
5463
6368
5765
8759
8354
3029
765
1907
7550
351
7374
2537
2110
8698
3980
2035
3621
1984
669
9944
3549
9356
1100
7828
3346
6954
9434
6322
4000
9946
9272
7312
5188
244
7013
3199
8041
1462
2685
4851
326
7832
9383
9364
2043
2643
3016
3005
2513
6139
7120
7728
7766
5057
1204
6106
5268
7936
5412
1400
3594
4443
7906
7604
1078
62
7348
1866
1685
781
3994
2159
9299
5818
9618
5716
9973
1736
5785
702
3937
6429
3808
7861
2825
1543
9545
131
9040
906
7931
105
6049
1285
1256
5883
9926
1779
8285
1981
5295
1150
1320
1731
2144
4960
8429
1947
5438
5487
6133
3531
2151
4710
7462
7165
634
44
4778
9534
516
7217
2826
778
2850
3888
6110
8013
4561
3735
5790
8193
3451
3803
5407
2787
5108
2076
5716
7865
3114
7598
4692
3552
4773
4399
7954
1338
3822
4091
5248
9881
7001
8750
1465
8077
8324
542
8881
8255
8850
415
7386
1703
9697
7939
80
8347
9302
4675
2056
8557
4327
6913
6420
2918
2524
9274
6005
8451
5934
4771
4191
470
8486
5908
1192
4700
2338
7329
4462
4566
3195
7460
9014
2698
211
2989
3854
6833
4318
9606
2036
9147
2034
6691
5553
87
2330
8546
5553
9050
4537
430
2321
4078
6224
6916
3216
3789
6747
5380
6008
1972
212
7490
5361
6866
7898
3722
2706
9534
5419
9171
4132
6327
2735
5044
8435
1794
355
1104
2370
3791
1776
5412
29
2765
5139
4935
6474
3295
9772
65
86
8938
3597
63
8934
4544
1330
8686
2189
8608
5839
6018
3630
5365
6297
5993
1343
1180
8480
1422
3433
5642
3010
2216
196
4799
7460
2595
1727
2962
7248
9410
9761
5354
9084
5193
2730
2672
6109
3890
464
1668
8915
3762
7951
5757
1781
4663
6467
9146
3592
5294
4814
8350
6631
4444
5928
1380
9866
4134
7084
8734
6959
9226
1359
6429
6256
8276
6280
1104
3263
8670
5070
4590
957
1765
6726
9248
4265
4438
3017
2796
6128
2580
9370
1954
4596
1411
8722
4640
9264
1349
2805
1974
6806
1730
4709
9689
2402
1522
9500
3505
8383
5363
5883
4921
223
224
7392
4866
7717
6680
7115
5427
1117
4287
2606
4378
9855
9405
1833
4845
9554
1640
1839
1913
5865
3095
7784
9227
7055
7037
6846
2742
4937
9512
4413
765
6697
4448
1730
4371
4018
3855
6922
2584
4233
7377
857
2518
9124
330
9833
2996
9689
4655
3951
6743
3523
3969
9056
7128
2439
8165
7811
680
9834
4373
490
1604
9873
1840
7681
5407
7675
7461
827
5698
4717
9254
7680
8487
2237
5265
103
6724
7203
3850
3052
282
5561
7670
7241
2727
5392
4602
1931
5853
6044
6242
2750
9860
6887
9253
2645
7283
2649
4426
5320
2228
3827
8252
2025
4269
6289
568
4890
7173
8061
1086
3477
5983
1321
207
6043
2203
4599
4953
14
3073
5529
4974
9653
8475
6503
7820
1599
2984
2620
2820
4075
2777
8529
823
6454
7308
5644
2972
6438
4824
9712
4757
7791
4958
2765
6766
8538
6680
3209
441
2683
7695
4411
2247
6698
8853
8599
3550
7765
8469
8968
1905
4553
5241
7011
699
7454
497
3752
8735
6558
1627
8515
5190
3360
771
7183
4694
5709
9737
9281
4919
9775
2178
136
6379
8365
6282
4125
7600
8708
2093
5207
7968
5855
7806
204
2549
7947
2065
9312
8041
2927
4474
3883
1056
9180
9221
8886
5927
1670
3904
7841
8027
9188
4048
2130
2374
5104
632
2334
1172
6372
6152
26
4464
6419
547
9335
5553
566
4633
6747
3644
424
1239
1992
5300
8295
9080
7199
9143
7395
8197
5930
4804
4252
7179
8780
1806
5676
7830
7444
7315
9731
8139
1669
6775
4448
9419
4636
8633
9886
3332
5360
7036
7156
4196
7603
7948
2056
6829
4079
6024
3433
3190
3776
8174
221
5222
211
9240
1766
7528
9877
2736
7189
9432
3913
2284
9569
5217
852
8876
4443
8565
9257
4062
2836
8893
7647
56
9576
831
9750
8846
3751
1419
3881
6540
4362
3495
6553
9225
9207
5395
6866
2357
3455
2624
9847
7723
283
5318
8379
6838
5977
5202
1580
4867
3933
9714
5337
1327
7575
155
9664
934
7778
1030
8984
5769
5550
7372
7921
6074
8664
1626
9668
9048
1699
6899
607
212
9045
9923
9772
4257
2452
2911
2869
8548
9839
9014
2607
4648
8157
5225
1650
9051
5731
5931
4579
2424
3639
4078
2173
2911
7396
2304
8174
4350
5534
2532
3167
7033
9106
5124
2282
7651
382
5406
8482
4866
8160
436
5930
6535
4764
3272
7916
3438
9976
616
3316
5767
2320
8182
6572
4967
7750
6861
6860
147
4737
8519
3014
7306
5847
5574
5542
3032
2943
3998
8669
324
7449
9712
4263
3203
8148
5637
8146
4123
4388
4735
4373
4917
9215
7400
4713
923
8551
7314
9901
3521
8546
8334
128
9641
7422
8623
688
9190
7730
4883
495
5977
1947
2992
8318
2607
3918
3369
6818
2113
8714
2737
5759
2
4145
8096
8090
8447
860
4618
4480
5628
4097
5147
1778
9114
9584
4622
5781
9524
4948
8956
6393
9504
4239
8396
2969
6223
9081
2106
7004
5182
496
7787
4806
5808
2575
126
5495
9325
532
2241
8329
3111
402
4866
1879
6800
1214
9204
3022
9296
7588
7293
7165
9758
6343
6254
5762
5749
5126
1867
9365
8754
7614
9298
5132
6310
340
5969
6538
9458
9126
6455
8991
2706
626
3281
9101
9373
6516
6169
5009
9876
9083
7708
7594
3202
622
5048
9465
6321
4363
9746
4199
8665
2876
9575
5497
1104
9734
5569
6459
5244
2666
3564
169
1132
8301
4458
9131
3062
7152
6389
9232
8956
6858
9488
9671
9906
1704
1929
5687
5292
6504
217
5094
9380
2256
326
9830
1051
7784
7997
9638
946
9710
9764
7210
5518
7538
6461
4900
6163
5917
6402
9168
7973
513
5242
1807
3387
9904
5591
9400
7804
9882
1167
8740
2448
8470
789
8876
7975
4628
8079
5277
9154
6750
8285
9246
7093
2278
4152
2367
5242
7029
9524
9374
101
1048
7120
8866
7013
8518
6443
1147
2193
8597
1833
1064
8543
1023
4761
7048
6749
7585
6925
1534
7837
1125
13
1222
2228
5996
4713
1108
5751
3223
4157
775
358
1792
8639
1400
1349
1922
1862
9456
8185
6932
3084
557
4917
7220
702
6069
7516
7104
5617
7657
103
7989
1537
8976
1035
5897
6638
1017
3805
5334
5395
8969
4440
1058
706
6751
2384
3361
5699
4827
5723
7468
3349
904
8040
9456
6305
5007
5293
8643
3592
8647
7606
6500
671
2368
254
9662
364
5451
5283
844
5651
2851
1537
4115
6117
3859
6514
3951
3684
4154
1405
790
1934
2635
4639
633
935
1579
9592
1631
5723
5161
1741
6747
1363
7940
386
8337
6496
2722
2996
247
9543
4878
1817
497
9367
3925
3338
2446
8492
1342
4958
9437
7242
6815
4565
8036
7729
9621
8727
8785
5859
3652
5120
489
1109
4789
2751
8176
3472
8176
7454
962
1157
1157
1246
7056
818
4141
1266
7009
8240
7145
3138
4381
202
2304
9505
4547
3374
2349
608
6875
3994
4211
4388
5891
9757
1327
9388
4577
1174
5162
8973
316
3887
3995
8279
6085
5568
7509
7218
3587
8354
1717
545
8713
513
738
286
8805
5284
8203
4802
1123
7567
579
6968
6946
6769
5355
7298
9490
4753
6688
5835
3078
8171
2821
494
6206
4024
3420
8978
5864
5131
7021
8520
2277
3666
5674
5377
9018
1040
582
9293
2970
359
7850
2749
3307
7027
1333
9315
213
211
7727
8833
1666
5882
7466
542
7691
244
4079
4781
1864
9225
8937
5991
545
2058
4690
3280
1094
9977
8280
8450
4171
7395
2865
2718
321
72
7187
9179
2691
4104
8765
5653
7404
8188
6854
6395
6199
5132
7686
8774
6960
5801
7429
3745
1421
1859
2203
1248
2337
8052
8221
236
1931
9276
4662
4270
3016
4748
220
7618
3057
4900
2090
7759
460
3284
8586
2357
5204
8295
7081
5962
2290
9505
1489
8369
9966
9120
1296
8462
7868
5938
6842
4638
5883
8528
3722
8127
3525
2583
3378
1450
4911
67
5717
2059
3710
9669
3284
8137
3272
9846
6044
4041
971
2258
7945
2425
7787
6292
4304
3896
3451
1758
9750
7119
8058
7452
1876
1931
9561
458
8831
2621
4917
5630
1050
2223
3788
9429
4659
297
5835
3159
5189
8022
9893
2800
3666
3624
583
1297
340
7233
8279
9482
7999
3153
317
8598
4001
6258
7792
1353
8575
2813
1014
3423
9123
5341
1207
5722
8636
8357
1633
4007
8060
291
6568
1727
7225
5258
3785
8252
1347
8264
118
1598
4342
5435
7630
7897
1905
5190
5428
8400
2504
4481
4583
2376
7008
6470
3676
8324
2416
4861
2660
1983
5599
4272
1421
7707
6584
8590
1372
8743
2472
9539
5
310
2695
9415
9080
3688
7711
3310
3816
3445
2928
3233
1502
3579
5707
4192
4719
754
1581
5461
5835
6486
5603
8135
5998
70
4013
9922
1312
3315
3817
6685
5927
2965
4476
4273
9680
7592
7389
9987
612
9106
1044
9215
9054
2366
2769
7842
2000
2392
3870
618
7161
7011
3704
3518
4707
4560
3417
9010
9675
7788
1997
500
9627
6242
7305
8536
9102
1434
4511
7127
3364
1593
4848
6729
5442
6388
9080
3632
7300
6171
7922
8920
9444
3198
9523
8916
9260
957
9565
5120
4175
8379
312
2823
7108
543
9587
2811
5061
4232
8739
565
7880
6743
7254
5568
2162
6974
8076
8318
5479
9785
1710
3503
9866
3077
1056
6429
6719
8389
9276
8145
1868
9390
2952
4985
1280
2024
9621
4898
6801
6268
8570
3067
7432
7357
1039
2701
5944
3955
6753
2286
2881
1247
9641
4389
6668
6809
2957
4031
9487
3158
6092
6671
4956
594
8696
8490
3791
2269
4287
137
7353
3177
1517
9210
1214
8643
6071
2509
2037
8354
484
2763
1635
6989
5264
621
9749
8562
8316
4471
9067
5589
5411
3643
176
1898
8110
6838
8661
2549
8910
3674
9667
6616
4932
9703
9730
430
3175
8024
737
448
1993
1133
2673
3329
5036
7967
5329
8074
8740
5228
3952
9816
1070
1763
7766
7873
9034
9315
533
9233
3848
9487
9443
6809
3095
5019
2056
5560
891
9319
5386
291
3733
8619
3596
4277
969
6847
6862
142
1508
586
3809
3681
9722
9851
5545
3169
1936
1856
1396
3860
7491
1504
6600
2505
1689
5863
233
16
5910
9768
7183
9421
9841
3660
6082
2450
8167
3488
6904
2186
2452
390
7724
3261
5678
5761
7087
3243
9473
8887
3623
9034
7922
1526
2800
2228
2018
1090
2588
5106
6613
6845
4232
1739
3402
4387
3840
6061
3768
3094
5001
8448
4952
9209
1407
7100
3779
3338
6826
5927
8775
6990
542
7023
6144
8148
1498
8315
860
3854
431
7077
900
1798
5573
5606
6158
5985
9859
1290
1921
1026
9474
6378
3885
5175
4082
8713
119
5699
8449
8680
4263
6660
6330
9623
6303
7208
5594
5254
2889
5524
5201
9914
2662
7924
7548
3153
3635
5800
942
7794
3479
5535
4005
7748
7515
4164
3137
969
4065
2785
8196
5160
5404
1751
2813
4239
5467
5950
9303
8949
391
4604
8401
6396
5825
9560
3715
5961
7627
928
5077
4318
4757
654
5201
8727
2654
8581
2107
2138
4070
4625
1188
104
7328
40
4509
911
5110
3308
7686
7685
6496
1992
7403
8874
7134
7609
1923
7954
448
7176
3341
3136
7707
3877
402
4750
6550
4086
1584
6885
3842
7164
4878
5765
3416
8297
9068
5784
5050
2804
850
4319
3242
7392
7822
2765
3251
6326
1593
5045
6658
4153
1690
6894
1283
8051
2396
3451
9638
9759
4361
1024
1723
800
3842
9331
7113
1637
5457
8836
8541
6138
2904
7644
6326
9022
9894
314
6054
7637
1498
223
2492
6538
227
9689
5474
7984
4482
5365
5900
5616
6146
5290
8443
9825
2595
2441
3549
8490
5651
1614
868
2756
6504
519
1248
4046
567
2261
8157
2082
7396
2000
8261
4137
8532
5185
572
4153
3857
9128
7155
92
2936
2924
9991
7613
9200
6501
6427
7452
6765
7563
1986
9883
9354
9736
34
9707
8440
1427
7417
2220
7207
3818
8219
4146
7029
4305
1292
7410
1869
9396
4633
6523
4459
776
9820
3580
527
3635
4845
4065
5834
704
5316
9833
14
8377
4783
8796
5150
865
5712
2429
1710
4934
2885
9118
4705
5845
584
4895
5208
9016
5583
7369
2930
5462
5424
8578
9916
6454
9179
4805
6581
3352
6386
6502
8501
8386
4132
8651
9522
2496
2259
1004
3683
2203
4812
9524
7891
702
8875
4682
3050
9950
8856
6817
5121
7947
6902
4551
2953
6204
8880
8696
1685
906
5847
8358
8548
6382
616
6318
1713
1932
5373
2712
6757
4579
3685
726
650
5900
687
9214
7579
4497
1754
6631
4495
9568
1381
554
1483
9580
5698
3317
3616
3562
9318
2776
6355
6453
976
1508
85
2556
2969
1118
4576
6144
59
542
4261
6176
3900
7053
5516
9666
1117
7187
9152
9215
3863
8979
5000
62
4834
2132
6234
2055
9095
3195
5260
909
4370
4197
4923
9178
9128
5022
1528
636
2055
8350
9509
839
6292
5307
5680
8644
7800
3950
2444
2131
3624
7139
2589
1996
6507
23
7721
836
4883
2521
7049
6864
5281
3352
1805
9703
2129
6338
537
6095
5659
8515
7160
5513
9470
4161
3769
9526
6452
7589
4254
5145
750
3129
7284
7230
1607
2927
2670
9104
7300
691
5753
9533
1301
2644
5557
2939
3502
5976
6515
1462
3412
6349
6471
5108
9979
7076
2526
2346
6253
8194
4383
7293
8267
1904
6113
2152
6067
4574
8095
9202
3667
1433
8794
4967
2762
7627
4212
6825
8604
829
6024
475
1074
2791
1732
4400
6657
2175
7251
4531
400
324
2850
9106
6308
8459
1266
9397
6530
3404
6872
8927
7881
7313
7795
1979
7555
1504
2346
2351
2864
5701
3741
5424
2170
3907
6218
5475
171
1713
5495
3891
7323
3563
8801
3343
8582
9688
8659
4302
6360
4814
294
5200
3957
7097
2594
3761
4996
9753
6845
5153
9828
4899
1667
4699
6583
7426
6935
2400
2240
5791
9225
4817
7908
2980
1604
4317
8512
4452
3396
7867
2845
8044
5991
8049
5407
8540
1466
5073
1313
2457
478
418
4867
342
4062
2423
1896
4101
6759
1156
2752
6258
2061
569
5589
5476
7291
977
5493
8276
5249
544
6356
8978
2307
1784
8908
3617
9292
8042
5959
1862
1086
9783
5312
8807
9950
7566
8917
9180
2420
4410
7692
2240
5114
6586
5983
5421
2460
9930
1248
489
9580
3037
7208
9934
4061
5889
8034
2278
3514
8279
4809
8717
5196
889
5172
2277
5256
6781
5526
9725
2059
6312
5855
838
2852
4116
3863
5721
5800
3487
1157
9361
6793
5470
2282
8048
2574
5378
4746
4060
9531
6639
5665
4141
9601
8974
7043
4225
1414
3705
164
5678
4404
1523
8430
3267
7182
6370
7081
9944
2026
2312
6477
27
7121
5447
1923
9726
8607
7123
9703
9878
2034
1465
193
5420
646
1713
1237
3877
7072
9638
4307
2095
3322
5478
4957
5270
7040
9014
866
6204
8296
4801
2034
7219
161
5638
7020
4153
7051
7317
5617
4290
4002
286
3643
2938
1329
3009
2620
5468
5132
3204
2872
2387
8005
4382
6705
1642
489
6653
2686
9592
6256
3498
1581
7233
9431
2974
5258
5008
4693
7083
6826
9754
4020
16
8092
3035
1834
2019
3940
4030
6394
5398
1071
5092
1928
9646
9213
5778
8932
5377
3663
398
4631
6025
8033
503
8704
6410
3506
8355
7751
7611
775
8049
6377
3117
8367
7988
6289
3669
9808
8470
2712
8655
3198
858
2427
6488
5304
9784
3760
9480
6075
9315
3419
6427
5123
7995
1982
7589
4330
5424
8512
5584
6279
8782
4622
3022
8714
8811
1279
1225
9488
5263
5569
5193
7685
5975
2827
7175
8076
2216
1105
3722
4594
8270
1535
1459
4629
9949
7994
371
6005
8700
9338
4383
9958
7127
2376
4415
6235
9404
7774
6493
8505
2535
9991
812
3746
8226
8742
9147
5167
4807
9513
2114
4318
4790
989
8008
7246
3163
8392
8764
817
907
5219
788
5925
1185
5234
557
3598
8411
939
8671
4442
4612
5216
2059
8278
723
7713
6403
1207
8846
5203
1197
9187
7223
65
5168
6137
4368
7169
3072
1011
9009
5676
7597
7315
9203
4887
2561
2991
8184
5549
6756
3868
841
7672
9705
9573
8930
9729
6522
5450
1989
7557
1970
5703
4021
1600
8701
1119
66
4419
9230
1242
7866
7659
5432
8936
7619
4743
9075
5836
5151
3411
3022
3297
8447
7329
8345
9551
359
5595
7207
4639
646
7622
9022
1451
3705
1893
3294
7602
6185
1441
2925
3765
6318
5514
6001
3181
2239
769
1954
4186
654
686
298
8578
4534
8673
7256
6691
3254
9150
760
4470
7212
4591
595
244
8637
3980
5230
5725
1449
1472
9650
3710
485
9257
6978
2933
1328
5164
7311
9590
3640
3020
3984
9959
7324
444
6917
5032
4637
6602
4347
7034
681
8454
6552
1727
4918
5757
4543
8258
5538
6228
2737
9181
1035
6588
8092
5277
1694
4322
5363
8090
1839
1169
829
4191
606
635
2919
8193
7063
198
1087
4847
7124
2615
3028
2030
2704
5250
8015
5570
620
9052
4051
7412
283
4803
8923
736
2351
1639
3337
315
1238
6257
5195
9511
7624
2361
1121
4282
2837
6350
1194
5339
5141
7889
2056
8420
3559
6062
2573
6444
6307
9792
7469
2786
7117
3417
3908
5802
1712
2183
5842
5424
6861
772
3609
867
7419
3517
4405
343
4129
3732
2733
4270
7857
8712
2270
2393
2746
503
7177
6288
9066
6893
4007
1445
8787
2409
2393
4207
8452
5318
2570
654
507
5770
8478
4368
4280
1189
1000
42
1657
2230
2314
2575
7059
3199
4928
8405
1146
1514
3056
1208
5006
9553
6358
9968
6765
2163
2079
5010
1123
198
1890
8810
1162
2078
3762
2087
233
7902
8112
1557
9503
7134
4631
6836
4578
1432
4385
5588
7480
3988
3060
6938
2262
1361
5648
953
9412
8510
7603
2117
9109
5989
8919
1458
339
3504
1413
4981
9436
2841
8171
3244
3401
1498
1705
7871
4922
9522
5389
5332
7777
6491
7530
7135
7138
4951
6548
9800
6430
2808
2675
1723
298
5995
2448
3513
8215
3172
6496
1074
19
9404
6151
4639
5816
9815
3536
764
9656
7777
6031
9889
3120
2271
4339
2617
8459
1784
4320
5387
6955
1612
8551
6628
165
6448
2946
7406
9049
8191
9655
1749
3025
4315
5313
8373
340
2890
1318
7322
1415
5784
143
8652
6777
2785
8603
8027
1656
9831
5053
6431
8851
1108
4118
8406
852
9523
4474
9368
6868
6130
1714
1464
8121
4281
6863
8805
6957
5965
2277
5568
465
6998
3972
1171
1469
9898
9850
7379
7844
4919
5750
9218
3137
3223
2898
1917
196
6907
7521
816
8416
1950
453
5285
4069
8678
531
2495
5921
9798
1069
5690
7553
9484
5966
1853
7135
2947
6936
954
9672
7094
1523
1949
380
2496
8327
4898
1383
4946
8608
50
8444
1460
7152
8514
6544
8687
7102
2790
9367
7354
1457
8046
3849
59
1664
3652
7257
1044
4781
7249
9970
6566
1143
1321
426
8503
4905
1573
351
5633
1112
975
1190
1019
7246
6093
2332
7451
5308
8448
5844
4145
1586
2317
5636
3477
8100
320
831
4674
7640
338
164
1358
79
1877
316
5830
8088
8040
3781
5528
2439
3734
6242
481
6856
2829
2813
5571
1320
9805
5735
6333
1404
5824
4979
8826
5684
6949
403
4584
741
5676
7992
774
811
9831
939
5368
5776
6501
9363
7268
4667
316
1706
7852
6075
5155
6621
5270
7507
5260
3354
7835
4602
3831
9953
4255
6898
1490
146
1139
7637
9196
4786
6762
5741
5467
9670
7024
1890
7445
9794
4818
442
8467
1665
1088
4118
7126
2750
529
327
5132
7077
5481
2322
157
6172
6979
9877
6684
8470
4286
6355
8224
9630
5470
5529
4943
2111
608
5484
9596
3380
62
5466
8535
7392
6134
2165
8865
137
9771
8740
9616
811
2504
2119
9305
4440
5584
9295
2690
7146
5206
8974
5508
8463
2218
8836
6195
5559
9174
5015
2141
5045
730
1751
7015
15
3787
2764
37
4814
1012
6546
8699
5545
6738
7412
7126
3350
6224
503
6526
1313
2793
2449
8174
1087
9957
71
5174
7297
5969
3305
962
4755
6598
4570
80
752
5103
9289
652
2820
9257
7876
6134
8659
275
9962
1724
4805
1710
2844
9335
8671
8488
828
2251
8280
3577
5928
57
3716
7589
2739
8844
7706
5584
3943
8947
2167
7331
6373
8247
6934
9850
3706
2055
4917
6315
9515
811
9995
8346
368
5587
3124
3970
2290
6266
5770
2319
1799
7175
9175
9232
6936
5230
6518
9031
8427
3075
6332
1015
9556
7474
5337
4597
2401
8820
4782
8773
7334
1965
4062
5117
62
5369
7220
7152
5719
3736
3293
7676
3176
9848
5531
9197
9071
7701
2914
8475
5537
5885
7887
6440
4478
8980
8790
2894
249
8527
1569
3470
1484
6996
4984
9834
3113
4058
9170
1566
8009
9365
3312
4691
9781
8655
7838
9707
1942
6139
5526
4699
5906
6306
3236
1448
4078
7622
638
1081
6579
4326
6902
7192
2166
9823
6192
6180
4864
5697
6083
5013
8531
1347
465
6171
2573
3195
6658
5822
1141
9082
952
4109
3000
6870
7564
5177
3760
3535
5755
5491
3420
8088
4987
3683
2463
6119
2525
9958
2463
1658
4843
6244
55
513
6167
4558
5840
7064
8875
882
963
4815
9940
7497
3373
2792
4191
5296
2259
1014
2419
1328
9941
592
1593
443
6360
6782
3707
6453
670
6700
3359
9483
4238
4707
4053
2487
703
3005
9336
6695
4660
4872
4527
8604
8148
7489
310
9671
1928
7229
7698
1448
9238
3515
6302
9463
8919
5723
8197
9058
3357
2421
212
4263
1455
456
3258
8665
8738
1703
4593
9253
1677
5723
6668
5068
6065
2988
2295
8870
6472
4036
4525
3440
9001
1910
244
723
8405
4590
3568
4979
4808
278
3338
2238
4660
263
7148
7691
4231
1644
933
224
2635
8445
9770
3514
6847
1233
3398
5931
3428
9326
2586
9321
7895
6771
5262
9545
211
2535
260
4147
8135
9613
4444
1399
2385
4429
408
5801
5839
4604
4639
4827
3102
4301
805
556
2139
6729
3876
7171
1192
7636
1551
5481
7691
4017
4343
7888
5001
7603
7479
1695
1383
6785
2088
3022
4000
8371
1129
2417
825
7596
91
8824
4687
7758
6218
3594
5966
4705
7405
3481
8659
3089
2954
498
8062
8963
3707
8368
86
2520
799
8236
7124
2944
3444
6317
2212
7782
6555
3768
5600
1458
6346
3595
7545
2727
794
9932
7798
749
1921
296
198
3997
3035
8294
3830
1590
4959
5037
4663
2761
2331
8304
6797
1854
1699
1742
4314
9901
1381
8184
8150
3636
7881
7201
6743
9359
2953
5335
8168
3774
569
9336
598
503
8037
3126
9908
5149
2486
622
2822
1518
9105
2839
9126
8041
6798
5690
1027
9052
5618
7897
9367
3737
2145
6561
6116
5834
1550
4471
8636
9624
6869
888
2191
2994
7706
6294
3816
8573
1833
9164
7414
758
5361
6632
4531
5041
8074
8702
2561
7262
4308
9116
8156
2672
9969
6861
8357
1475
7010
4074
3599
8014
1985
3198
4648
8216
648
6131
335
503
1873
2454
7218
6453
482
8608
8376
5513
2030
1074
7759
2848
1910
1374
5316
7753
2732
9518
3025
844
7937
2340
1562
7759
5565
9400
8773
2162
1983
6315
4393
1943
8367
2057
5389
1853
1897
1703
2190
1360
8484
2843
9445
5935
6315
750
6104
611
7882
6895
5483
1129
3106
9490
2566
9532
891
9459
888
1082
9835
6213
3530
5715
6680
5816
4481
9852
5985
3462
5855
1029
7327
1664
2359
5093
2895
5626
1444
4814
3295
8161
4280
5087
831
3263
8836
8876
9491
5856
962
2438
815
1108
1525
2271
9312
3730
9255
499
6269
6252
4626
4419
1040
4454
3802
1441
7130
7472
6637
5264
8015
6073
7786
1673
1933
8442
4884
3417
6979
5604
361
128
2500
3416
214
6219
138
88
5780
9165
6371
944
8545
7043
3535
9860
4047
6376
9461
7395
1746
2019
9219
5697
4423
4741
3321
9851
337
869
8846
5837
3519
664
5891
4497
1919
7623
4240
7582
1302
7041
1691
7471
8893
7070
7528
743
8138
2072
4395
8507
3955
9584
3858
8341
909
6802
8993
5472
2897
286
9751
4911
319
533
7424
7880
1152
9037
7941
6424
2135
1878
6092
4704
327
1747
6804
7353
7212
2578
1713
8264
6474
338
1882
3935
6805
7549
3588
5117
8629
8768
4684
1016
7290
6780
7152
8359
9645
9648
9590
9101
4131
7970
6371
2076
3492
9154
8014
9161
9997
1639
8259
319
8573
1486
8436
9980
8651
3489
1074
3603
5448
2823
7794
3367
7194
5076
7413
3547
4595
8445
7708
7564
2987
2612
4133
8503
3966
9805
443
7651
9535
4426
5119
6990
508
4365
2442
5804
8343
7171
9707
6156
8573
5987
3652
1307
176
3004
4882
8416
1740
4466
4566
1552
3931
695
7331
5961
7353
9932
6014
8846
3045
3422
4068
1021
7704
804
2859
2828
2633
1609
5203
7424
8738
1551
8990
6999
8959
2825
8327
962
4922
2027
5911
5068
9860
3566
3058
9813
7033
6481
8451
8411
1156
860
3110
5151
1919
2630
3603
9372
144
2054
5782
130
9263
7142
2814
2379
1704
332
7001
4527
1605
5052
3924
1017
7511
8999
1161
4137
7745
3046
5794
6151
3158
6792
6267
7877
8441
3839
5079
6328
9222
8954
817
2868
6244
5780
5805
2718
752
678
8109
6701
9479
3923
6805
6104
6936
2093
7639
2920
1469
9465
1626
7098
6259
9630
6972
2470
874
4936
3938
7864
5252
672
5305
2650
4235
1055
4772
1731
3194
8442
3385
7067
4936
9092
6672
9235
9986
162
941
6348
6200
2159
4859
9756
7328
3718
6608
6614
8808
3334
1843
5815
6740
244
1449
8806
8618
4154
1868
5880
7320
5908
9725
3027
6079
4559
2162
7167
2958
7736
2483
711
3995
7590
1664
3092
5813
5548
5321
517
4447
8158
2923
9859
6599
7569
327
4692
7643
7865
617
5832
8294
5060
9027
292
2433
1831
3677
2769
1556
9441
3655
1071
851
1131
1820
9149
8580
8357
2993
3069
8832
1351
1433
9161
2984
9866
6427
8510
4231
7469
9524
5093
7119
6651
2417
8934
8562
1372
658
3981
1871
2552
8960
5005
4502
1851
9007
5467
5749
1177
6111
9285
4872
7547
6999
6942
3626
9866
7307
2567
5404
5167
8537
4086
9917
8562
3951
4199
8713
2885
586
7208
7698
9011
1198
6280
2391
6427
4658
1133
858
960
2760
3054
1357
238
221
9572
9651
5475
5308
8696
4064
8091
8577
6704
4014
4874
5088
5940
7900
4808
6754
2863
590
8903
1587
5860
6349
718
4550
7198
5207
6173
1708
4444
2406
5483
2728
9679
8341
4379
4547
3237
7577
1890
3143
9606
433
4493
2266
7516
1339
8718
3233
6050
4205
9897
2463
2454
8650
4360
3222
8933
924
8109
3489
7890
6383
4133
4298
8530
2145
5409
7598
3520
260
3516
5286
8700
5760
1980
5427
1855
8452
7034
5859
6488
2940
5657
238
2508
3020
274
1028
3981
1157
5614
2312
9468
8400
5252
3223
6300
195
3735
5371
5930
1119
9712
5790
688
4611
3762
6694
6669
8933
1366
480
3890
2249
7000
4950
725
3895
1789
5510
1871
4380
3617
2363
4645
1204
5817
300
507
8757
9126
1659
4717
1662
9928
5368
3227
9867
9549
7897
9258
3579
4358
5048
9790
5134
8421
7218
1399
302
2497
2405
8406
8224
3499
1550
7502
7349
1145
9484
8793
3461
6186
7912
9806
9707
5762
2228
2321
1632
1722
858
4345
3891
6251
8291
21
8569
2573
9510
2782
8599
8900
205
6260
6721
3253
6492
8162
8378
7866
5878
8722
65
9104
5796
7393
6446
5241
83
9371
6193
4896
9767
8580
1638
8059
4514
1972
5208
1528
8932
4776
1634
6701
194
4560
5981
1651
3084
6453
9270
4065
3943
3766
5843
2136
4280
4787
455
898
3574
3327
2490
138
6589
3702
9133
1625
4621
8662
8739
4519
2954
6849
8933
1102
7087
3363
8909
1235
1411
4794
2157
3629
101
2128
953
6000
2736
9502
3779
9727
1517
4309
7953
5605
2285
1495
112
6491
5426
4356
7030
4421
7714
4750
1110
7093
4832
4741
5048
917
5877
9219
9486
8780
1169
8860
37
4461
2748
3132
8888
5118
4883
9011
3002
8644
8896
3327
8816
5592
3250
2417
5809
7055
7764
7735
5915
5351
1017
3860
1167
7994
4454
2862
3849
2298
4823
9173
4435
3425
1458
5651
3743
2293
5467
1911
9538
8702
1748
2465
8197
1504
5924
9455
7666
3459
3410
2431
1015
3434
2945
4685
3443
8888
1964
893
664
2021
5162
703
3821
9722
8892
5391
4134
7599
8674
3515
1588
5852
8197
7213
3603
8551
5663
9663
2070
4998
5195
389
8887
2391
8157
1001
480
6772
2207
4855
328
4573
1247
7517
3539
1044
8644
8474
2612
533
5321
67
4785
9895
843
5163
5237
5732
1082
4892
3224
2301
8823
5666
6825
4772
1816
1429
1564
7890
4910
7361
5391
3819
3186
7014
4605
679
3673
2558
9906
7188
7050
1536
9676
5128
5604
8992
1548
2994
5764
4747
5690
7315
1630
8026
5749
5580
692
8767
9228
7214
6909
4721
5622
7960
4675
965
6709
3828
557
4557
2058
8523
4985
6036
5251
7287
5990
1697
9167
2823
9880
8569
2126
162
1671
8075
2188
5159
1265
9024
9986
4905
3330
2692
279
2328
5913
1716
452
4638
2283
7720
2437
1206
2689
7166
2330
5594
2775
8461
9590
8994
9599
6404
7334
8339
2595
5460
6288
6599
8777
1549
2563
1532
4570
7152
5193
2293
5756
2922
1374
4273
1244
4528
540
2160
6132
919
7473
4504
5745
6594
2383
2803
9434
991
5306
6925
5357
1939
9733
453
5427
3852
5861
733
5156
904
6635
5536
1973
37
9837
9852
7087
5316
7750
5070
5864
5173
2206
1675
7986
1784
854
2183
9166
9760
2098
3578
1846
8267
6935
3817
3188
921
8846
7392
8667
9807
7004
5228
4283
1937
2530
5708
6756
2530
5715
4118
3241
235
1061
184
9732
8058
2466
3642
2998
3678
1567
5396
8806
3056
3689
3706
3102
6019
6664
6165
6469
357
6403
6057
8168
6978
7391
6048
9253
5146
5426
6635
4044
7979
336
1611
7205
6750
4085
5130
8454
5203
4394
4989
8239
1607
6422
1227
8248
8823
2606
736
5866
9550
7648
2884
3832
5004
2015
2754
667
6418
4389
7851
8251
4931
1352
826
2719
2078
6501
6351
1934
1533
7711
1266
5963
1413
7817
6560
555
6164
7800
429
2540
4690
769
4494
330
7452
7778
2200
4734
1330
4463
2036
814
6542
6738
3308
255
5595
8507
6169
2322
6254
8802
4332
1838
6382
6921
2418
7187
5455
2198
4502
8617
3959
5311
3560
4162
6858
495
5267
4299
4300
1617
603
7070
5674
451
9420
4675
4508
6305
4959
7657
1630
8107
6285
5887
6436
2655
3948
531
5360
5013
9279
9132
9960
3418
6855
1231
3177
9146
3397
5100
3239
1870
8022
4636
8198
7261
6164
5930
7501
7742
2678
9150
7238
6845
6986
5852
9025
7673
7725
4202
6547
4736
8939
9287
2338
1471
7110
2255
3596
8189
1498
5362
2907
9859
4417
9760
84
1649
7689
9175
6490
8017
3029
7617
2334
129
1893
3114
6432
1002
2205
5504
1420
9194
8552
8503
2931
8735
2298
6727
151
3908
2334
9311
6244
7316
6242
7379
2428
7226
5767
7376
9983
8550
7712
8529
1706
1321
6952
2208
9577
3996
5823
2593
5983
5994
3941
3712
1307
5914
6829
1349
9350
961
9023
2582
5683
3718
1373
5017
3886
4513
686
9205
5235
4829
5520
2870
1482
22
6796
1609
1782
89
7149
6154
8085
9740
3328
250
3375
2529
6072
6514
396
4417
8026
9022
9526
5129
2846
7988
9947
1934
8322
5064
3310
6617
7357
1154
473
1070
2229
1284
9117
5219
9566
9260
3812
2869
4496
5943
389
1123
1642
1356
8441
4171
8809
818
6802
6498
3344
6352
7176
8808
1662
9848
1767
2085
2844
1467
2382
2173
9776
2304
300
4788
7397
5176
4850
8766
5209
6657
633
6903
7598
8824
291
6965
6622
9138
7808
6539
4351
3975
7726
5877
4107
308
3557
9718
7492
1726
24
3029
3560
8215
1347
9337
1056
3653
6774
3632
5967
8036
1288
6686
5719
273
1209
2838
9556
4802
5463
3706
3659
5842
7822
5800
4578
4423
680
7088
1619
5132
1273
3483
6633
7604
3342
9382
7477
954
5908
2968
2363
4175
572
6315
2686
1039
157
3833
9098
719
162
2690
6263
6317
9369
7717
393
5546
4759
6633
2972
9686
2013
835
6762
7805
53
8115
6931
1827
5360
8602
8893
2494
1343
9484
5270
1507
3113
3539
4265
6846
7990
899
4970
8583
7219
315
8234
5624
8989
1930
6195
9275
9996
2677
2162
9736
9552
4881
985
2042
6902
7271
5358
1559
3796
3769
4974
9885
2447
8886
2432
1219
2367
6125
1696
1113
5865
8179
586
9738
9880
1307
2837
3429
2407
9618
2498
8665
7321
5533
1955
8232
2553
2223
9944
718
5540
3410
4787
3449
5341
8349
3176
102
9498
4975
6907
3870
981
1048
3871
1372
4295
1247
2161
5595
4433
1928
9152
4178
1271
6308
2563
6913
6931
4199
8665
144
6181
977
5572
2454
3392
7136
4396
1531
8130
2735
3931
7431
2710
8627
7684
6273
1662
582
3937
1306
62
4348
6285
3612
4258
608
2178
9032
5785
6263
3171
5298
6309
6762
7688
4
5475
1416
7980
7158
6850
630
7465
1698
7997
1720
1467
2643
8624
6290
5250
6349
262
7359
82
1832
4692
1960
8196
2783
4958
5364
5745
1866
9564
8632
1122
5947
939
7680
797
246
2601
6778
4456
9431
6883
4587
5614
2537
9141
9534
407
9495
1012
6821
5036
8950
6680
5856
5311
3514
3219
5197
2200
1486
4884
5598
2133
9365
597
5519
1704
944
5492
5004
3747
3484
2902
650
4948
104
6345
5658
3642
5423
4956
6249
854
2742
3596
2171
9267
5082
2368
7283
7026
7404
4577
2969
4547
1284
2453
6249
1939
3621
7830
9463
4003
6007
3073
1551
6047
6030
907
5206
7168
7560
1554
6777
6529
8634
4744
9391
5768
8426
6252
6621
8576
8209
7977
6343
8906
9933
6103
3664
7651
96
3719
21
7593
5493
2246
4846
9668
2044
6124
3236
4175
7161
114
9466
5849
7800
6439
5912
6539
3061
481
3513
7368
1208
886
5794
8029
6730
2644
6114
9927
7243
7555
7072
3841
1533
9183
1036
6388
9898
9722
3723
2302
3016
2446
1415
8094
8511
494
1106
3493
190
7124
4589
9615
205
2652
6384
4606
6452
6816
2937
9400
9
3309
6931
9605
3041
5624
4315
8616
5403
9524
6641
3339
6757
1211
4351
8761
9471
7699
9518
6236
1538
2621
9736
119
2965
7457
3636
8880
2798
6430
9935
3082
6784
4323
2292
9707
5514
1809
5052
2886
6178
2489
8089
666
483
1250
2857
8993
8300
7622
5134
8752
7297
6701
7861
7388
3572
6812
6640
5584
1988
5434
5817
8972
9588
3558
6554
2433
8919
4644
3247
7661
2646
6631
57
9048
4531
9070
9636
1714
4599
4642
579
5176
1295
1182
5784
83
6461
4904
6134
8701
5169
9468
898
743
6671
9117
1078
6924
4696
424
74
3655
4375
7473
6106
666
6643
8813
2856
4502
7176
4925
985
7346
4854
641
7676
8405
7774
6470
5971
4014
8510
4545
2492
3178
5733
9314
2377
5414
7992
2711
7018
4175
4567
6924
800
3822
5076
5117
3439
7648
2047
1632
1525
244
8483
3551
5889
6029
1440
2672
9150
8225
4452
6059
5145
9830
4980
2927
4933
7329
6435
7442
6510
4465
7906
6810
2778
7930
9841
3854
3328
2656
3031
8322
1966
6878
3020
2248
4695
2181
3424
6347
3974
5319
3561
8793
9722
8508
1778
970
8842
2148
184
6110
1212
4605
5122
7060
2337
1673
773
7958
6188
7585
9343
6494
5194
6129
4092
8267
6810
2732
8232
2752
3904
88
3467
1190
903
9113
7087
4269
6152
8871
5012
1180
2472
6921
7110
7360
1755
5959
9910
3021
1407
5466
159
6388
5975
7067
3599
3592
4415
3510
4159
6109
3915
7431
2205
1124
1138
3931
6156
3224
4585
6503
1806
7316
2573
8163
4021
8272
9019
6731
6511
850
2821
5210
1344
8438
9928
7079
5214
3836
5514
3495
9854
2641
4711
8902
7264
5040
4715
5985
6222
7823
9803
6686
8436
4904
3660
2842
3814
7812
3045
5326
4572
7684
6999
3309
3288
8705
6087
3767
1195
4058
8717
2319
7710
1090
6649
9164
2605
3671
899
8981
3557
3034
508
8688
1046
6134
6774
6440
4778
7086
3265
7402
791
187
8922
2170
5642
1401
5613
8559
8953
948
4789
2164
9106
7483
8976
7346
8255
4495
237
142
6912
4063
1768
1538
7175
8310
2262
7154
1930
9646
8988
4109
793
1314
1528
7522
2167
4479
3522
1203
8058
2340
28
2608
8244
8344
9581
3562
7157
9427
8185
283
6848
3122
490
6727
8418
7383
4994
7331
9138
8459
6628
9306
1959
679
1371
7792
5955
1454
5179
3775
972
9033
2084
4572
4034
9160
3294
8830
8729
8700
9996
2502
1461
8705
7260
7670
823
4800
9103
4783
9484
6191
2064
9599
5712
722
648
7564
6973
1788
7607
5703
4248
4409
9310
7815
1038
5918
2692
9258
4089
6163
8601
438
8462
4125
7844
3254
3419
3700
6968
1154
2350
395
4291
4781
6968
2485
8860
3312
8511
5729
1857
6940
1092
4293
8253
7051
9394
9445
6632
4905
2108
9844
693
3320
7589
1626
1136
1586
2877
7394
4145
3273
4820
6453
3352
3853
118
4529
846
8552
7058
9380
747
8359
4306
1660
9346
4168
5871
793
3859
3973
7067
2062
9046
2506
9701
970
7191
5342
1348
7273
435
1117
1584
8584
2120
4638
941
4400
6933
4864
8598
8079
7847
2727
9097
2333
9014
5928
2279
6967
5714
2084
3534
172
6205
2757
7407
846
4151
9147
7338
5504
7204
9784
8944
9630
6775
5721
9540
4707
3227
1471
3859
8995
5374
8987
4215
6318
3408
7367
1956
1262
3062
4380
1559
8351
7582
1412
2378
9363
7231
95
248
7786
7526
3094
875
8063
3782
9467
5558
3292
6388
7572
3740
4242
8224
4539
4797
7218
8542
1088
7437
6783
7191
6075
2441
2824
8225
593
2047
5363
3343
177
7475
3132
1222
6072
1469
2280
8111
6152
2535
3941
1809
8663
4873
5490
640
7316
126
3043
6614
5159
820
6142
2657
3465
595
1450
652
8051
9837
3189
7419
195
9949
6211
96
607
3020
2152
3070
2517
9106
2390
8553
3496
4974
8527
1202
6951
2183
908
467
9004
8748
8183
9356
1333
475
7757
5477
18
1627
60
6314
9346
6521
1614
8713
8661
5393
32
4296
7974
9973
4097
6053
8430
7589
9161
8490
2067
247
3700
5867
8928
2721
8415
1446
1766
6855
8763
132
5262
6674
3051
889
9046
6075
9207
6975
3359
9814
2540
1558
2151
6612
2493
9030
4650
2130
925
3744
1314
9266
3409
9770
7926
4192
7385
6625
8105
167
6947
1806
6630
9900
9034
1299
6922
3207
7006
2354
8382
2185
5131
2253
7707
2142
3716
2316
228
9385
6795
9636
5929
5018
8818
5995
3264
3280
2962
4853
8690
2581
8869
3191
2866
733
4927
2250
7578
1193
2108
1443
5123
8571
5362
9128
4135
1156
2063
5784
476
5069
6396
8720
3371
7311
5876
1611
1081
3038
8034
3641
244
2153
3663
5800
3316
1939
9386
6973
7214
1465
4737
9034
7276
5352
4512
7358
9656
9690
1859
2108
1217
7178
4376
3621
6185
149
9819
5555
4857
3316
1168
4539
3158
8466
1198
2969
4907
9561
5811
2196
1769
5089
8569
9010
331
7362
1443
8019
2798
8517
1955
1391
1179
5926
2424
3066
7776
42
9615
3167
2119
3831
2116
3898
296
198
5875
8810
4154
1543
2451
94
3878
9663
338
6127
8608
5366
3289
8822
8705
1800
2757
6339
1361
9777
3360
7232
6041
8131
5192
4864
9946
2644
76
7938
2973
4671
8713
133
1487
2633
3864
1255
6066
1860
7513
1516
5587
6297
4458
2410
6752
792
4461
319
1073
5776
2537
519
6837
8642
2768
6022
6350
7587
147
1233
9587
2400
3153
3936
6652
3156
7335
6072
7935
1502
273
9500
2264
1844
1645
9744
3673
2781
8111
9154
8183
9757
6864
7197
2133
8194
3295
2844
9864
7841
4904
8478
1712
6279
1929
3186
3143
521
5758
3596
3457
8389
2383
9571
5503
3036
8255
4993
6997
3024
2349
3568
9475
993
3050
9829
5535
5956
1803
8458
9860
4491
6207
93
6597
1794
7788
5984
9915
8458
6600
3152
7023
4514
5697
9794
7374
7293
1694
9096
9938
8301
5846
6840
5492
1335
9003
719
3229
2099
7650
7186
8718
7300
3735
8966
2181
2289
2974
3708
5248
2270
5078
8538
6423
9196
6545
4960
5296
3255
2455
8242
4262
2706
8519
1559
8644
9366
4601
5261
2791
7068
2755
7815
807
9414
4434
9722
779
6731
7612
5084
4318
7985
3848
7667
3222
7308
417
6296
4790
4042
5423
9973
9643
9408
2924
6011
8780
2176
321
2814
7688
7712
917
8179
9515
7262
7730
7009
4761
6822
4181
8564
5643
7370
3923
6277
8857
852
8336
1335
8949
8304
471
8748
1645
2782
8172
1399
6489
8422
942
8602
6409
4798
7396
6606
7068
5668
8152
5959
9577
3408
1534
7967
9861
6858
4330
2272
5484
6647
7154
7928
3840
8986
3865
9383
7240
2168
6533
6733
9090
6331
519
6339
5880
5579
2155
844
9974
7317
9208
3189
2699
2376
1758
5541
6770
2504
8887
4787
8452
5899
5915
9842
1268
3014
4761
7423
932
8013
9366
4899
9134
1419
6869
3245
2888
5194
2087
4281
4702
3485
2298
8166
7438
3964
5228
1464
7227
8324
2612
4736
3281
1746
8281
3191
416
676
5070
2865
817
4732
9911
1960
7951
4309
4054
1280
5506
8512
2652
1575
417
4605
84
4966
3600
7748
2404
7303
7785
3296
195
2608
5400
4630
1618
7387
3138
3677
2829
2212
124
9221
3464
9970
3573
338
215
3129
9909
3948
5957
8715
5671
1037
4318
8676
1661
3314
9590
2667
8272
7766
5080
7520
4536
7303
6560
3321
2690
6666
8142
1829
5682
439
1451
1196
1141
113
1393
3262
7532
9274
7394
3837
7339
1480
6936
4363
311
2941
5726
9824
4087
161
3940
2357
4140
5943
5433
6270
3777
6894
438
3242
5806
4128
3032
5232
9586
3122
7535
1547
1920
6328
5135
8997
372
1243
181
3056
366
2197
3010
9749
940
8317
7742
5520
6499
9094
7055
5198
4680
5123
9484
638
8836
4151
8030
3210
8447
1704
4777
7188
5406
4178
7903
7758
5026
4943
1984
2897
5761
2377
5904
1580
3884
689
2301
7488
6386
7511
8733
492
6067
2337
6867
6796
6843
4496
160
6220
3212
6970
4609
8661
7420
5821
4342
6762
414
9983
494
1555
7109
4158
9436
2303
9219
7903
6753
8147
1849
542
6824
936
2971
4284
1121
3069
7310
1106
915
529
4782
5763
9684
8791
7768
7242
4160
8062
6346
5539
7073
6403
7017
7177
3382
1909
2900
4564
7577
8939
7743
2013
4371
2669
145
3672
5690
3135
4700
1272
9452
9307
9067
9964
6773
1345
4473
645
4535
1977
3743
8690
1800
6310
3468
421
3918
5794
902
9212
169
2745
3529
1975
2786
2769
1392
7015
8645
4095
1552
1025
3362
5074
6086
7766
7335
7052
404
2037
7435
2255
29
5600
5196
9052
213
8060
9200
9724
9753
9896
2232
5487
1103
6706
5778
7091
7178
4003
9952
7458
2000
439
424
2717
5328
6726
224
5702
3086
6866
5389
8864
1776
7913
2716
7928
6779
3734
2556
3332
7814
8920
4341
1656
8792
7874
3970
9380
1988
243
9874
6400
2084
9977
254
9589
5175
2478
3724
3487
7836
3498
6638
2887
4506
3368
3711
3189
3990
7849
312
3444
1447
6620
9643
3079
6098
8768
3924
7453
2755
843
3714
2842
6992
8988
6780
1798
7659
3126
2753
4300
9
9069
5495
4315
2281
1453
7149
5424
4163
780
5390
4138
9930
6430
4953
5463
334
7174
3491
6407
8553
6271
731
6992
9784
3795
5895
5517
6587
1913
5530
863
5095
6011
3434
2378
1125
5328
797
4644
1618
8500
3290
1974
5453
9575
2911
561
4035
1316
1464
484
9635
6346
5746
3738
8337
8503
4531
8486
5558
1632
8837
2249
5250
4526
9042
3919
2995
2574
4338
5006
6376
8846
4788
53
2980
8756
1538
208
884
5333
1481
5270
449
5046
1228
8749
265
9695
4040
2621
796
2311
9086
9986
9663
1040
6724
927
532
8992
7566
1460
6978
6458
4107
789
1558
5693
757
9580
6964
4322
7602
224
150
3566
1800
203
3298
293
3653
3299
8534
1716
4209
4065
9759
4801
390
1940
2031
611
9676
1891
7767
21
8292
3990
938
438
7191
4572
8938
4459
5657
6474
4709
8861
9835
6096
9239
6521
7628
238
5338
4266
2926
5261
2248
42
1029
6756
5302
8817
7549
6353
4645
5710
2457
129
5274
7809
9264
2859
3101
9081
4361
4074
6059
7734
9355
897
4966
4293
2700
5510
2982
9437
6552
3501
7094
3030
1741
896
9409
435
9269
120
6910
9304
1828
8999
6404
9706
822
1430
7256
4769
7136
6256
9904
8852
9202
4513
687
131
1790
1009
6116
2038
3370
5208
9157
8956
3035
2243
6067
8368
3450
2666
9812
4241
7163
6754
5906
355
4493
5259
3470
1270
8254
8213
2300
295
3596
8241
3828
7227
209
9277
8645
8260
4003
4872
5933
6619
9841
7448
6671
8579
5362
8887
1318
4470
6444
5662
1689
2447
8607
331
5638
6530
7538
4846
3783
5157
2907
8861
5359
4793
8415
8839
8159
4173
4021
1551
237
2290
820
9286
514
7045
8588
4891
5907
9366
6894
7830
3851
7933
6552
1380
8620
9878
3638
2114
722
9157
1088
776
3712
979
2089
1878
164
6522
728
7145
448
4893
5425
9398
1626
9320
9816
8593
7942
2647
8938
4416
8263
5077
5010
7425
8240
7034
219
8281
534
1906
829
1080
1202
44
5574
9534
4956
6710
4727
9385
8638
9748
7381
8957
2508
7154
9754
9299
61
5045
4172
8075
218
6671
2513
8634
5969
4663
3637
3129
6303
2447
6611
8541
4063
4345
8195
1581
3746
282
3637
1231
7919
9553
5778
8514
7695
6052
4916
1086
7280
919
8219
5488
7734
2754
861
4530
7531
6939
3565
292
3072
1597
3081
6191
3137
8839
4894
8163
8958
8172
5553
9778
1408
2940
155
664
893
3998
938
9916
9746
2551
5849
5383
4227
1122
807
1309
3483
3665
4050
6806
6717
3345
8158
6322
6471
9587
5377
8856
1158
6753
2127
9108
5365
8440
4080
4793
2599
196
3637
3532
6001
3648
545
521
5748
7697
1963
2014
8032
3584
4679
5293
4121
8747
3061
8063
4781
3832
4193
1305
8621
2082
8758
2993
423
6740
17
5786
7042
6013
8710
3286
27
518
805
3068
2799
7637
574
8773
7623
3362
823
7573
2074
6834
4986
6618
5379
6017
11
8766
6003
2331
4910
3918
4890
7552
98
9007
7680
6176
4972
2019
4874
1392
5265
3602
7942
9993
5263
7144
3258
5419
3682
5259
1259
1184
918
3589
1754
3399
407
1024
6001
9943
7283
7695
5607
6886
8177
5247
7539
1566
1093
1447
8390
8804
2698
681
1568
1384
8676
5385
754
2867
5507
584
8649
9651
2659
3706
6633
6508
7253
4280
5769
3947
6017
4930
4109
7570
7994
1055
1815
15
9605
1691
4325
2235
6868
2455
8485
236
2021
370
4722
5022
270
3134
4436
6698
9046
5956
4226
4471
8614
1030
4313
6812
5677
4442
2786
7767
6572
3998
3389
7620
3569
738
3261
3815
6258
6414
2782
204
5220
6396
4487
6883
9558
747
3677
2883
494
7410
8523
2038
6829
7344
1400
8575
7378
7512
6557
2426
9668
717
3664
8022
6981
7101
1452
9531
9872
620
440
2631
3173
4022
9250
2218
6542
7430
7254
4930
765
9903
7273
9162
5474
1350
791
6225
9337
4686
6437
8746
9857
356
535
4502
2732
6465
9902
2456
9294
4145
3011
9874
6970
5891
8864
2806
8093
9182
2033
9947
257
1626
1661
9765
3444
4501
2548
5630
6310
5227
193
5185
4182
1693
2774
2817
3486
4748
9485
77
7528
4798
5636
6619
6891
7399
2192
9582
2485
7984
8131
154
2653
6489
8488
8230
8695
770
1058
8230
3916
4271
6145
4067
3952
7825
5691
5276
3117
6047
9320
3345
9697
1955
2419
5459
5990
5041
2873
6045
2309
2965
3144
8325
7096
38
2532
7693
3205
4543
4122
2716
3689
1255
6160
3256
8652
1568
2667
9066
1707
6916
6465
6438
8664
4785
457
697
4069
3028
2240
3653
7896
5012
5921
951
1126
7820
6971
3913
5292
7997
2070
8573
1924
6603
9655
8442
5795
9163
6807
4421
2374
3807
4337
5392
6499
6706
9661
2310
9580
1834
3623
177
2303
468
4819
8676
5333
5208
2129
832
4597
8753
3773
3709
4846
7892
4513
2060
5129
2015
4902
4906
6221
7818
1278
4089
675
529
4451
4420
8158
4660
4332
3457
4374
1893
6269
1455
1784
978
3108
586
7034
5974
9824
3620
33
627
546
8607
2192
7600
7181
7565
6932
8717
3955
4484
9190
730
8001
4804
756
7709
2673
9936
4421
315
9335
2952
1622
3057
276
4150
8907
4315
7872
246
7993
7658
4056
48
9982
5844
2227
558
7479
6767
6525
5656
7937
1784
2265
1053
2977
8304
9829
9325
3301
9888
9199
9717
1291
7593
6984
9135
7324
3030
8658
2617
845
3708
6491
1531
6674
7952
4821
4911
5481
2115
2457
7654
3790
3678
5014
9838
791
9222
1173
602
4485
8547
6945
8105
8459
4338
8756
2388
8860
3092
3233
4448
8109
3907
4811
4229
5293
734
4379
5024
3482
4917
3843
1185
7431
1544
5926
7612
2578
7145
8343
8101
1857
8055
8131
2298
6763
8385
3072
2335
9196
2433
6051
2389
8881
8008
9545
9882
8867
785
4544
57
4843
6148
7120
9567
4703
5759
674
6914
8412
1144
9809
1714
4748
5132
2590
53
5776
2512
7465
6907
7661
2043
5828
1049
8866
1454
2304
9422
1999
6043
8744
1792
2601
8286
3257
5709
935
8563
7595
1003
7711
6158
3923
8052
2623
4336
7640
3749
5417
9491
4106
6355
3320
7637
2396
2799
320
6070
700
3249
3455
1251
4914
2368
2399
8016
9113
6462
1874
6881
9118
7212
4917
6462
9196
1502
8120
7776
8426
4530
3813
8554
4004
2508
1937
2389
8472
4964
5890
457
5389
4864
7862
4346
7548
6459
1244
1555
5653
4606
5222
1178
1874
8536
373
6893
1437
6858
8440
893
4679
2544
7644
6170
9435
4900
7247
2406
431
9
9544
4149
572
1416
1492
4253
9349
571
8913
2736
258
6565
2123
3820
9308
2635
6680
5468
2134
5043
952
1614
6523
4996
5777
2845
7220
1692
4910
2647
9212
8838
1124
5643
5062
1072
605
457
7043
6119
7543
865
7944
5704
634
8114
420
3824
6861
6799
8220
1779
271
5387
9057
7929
7626
5575
5638
8647
7032
7657
5660
6266
3524
1420
5441
6479
8757
8235
2029
6222
8424
6014
7499
86
3670
819
4361
7663
2424
3396
4830
8111
4427
7432
8566
5736
6586
7132
3446
5030
4818
8396
9087
9886
5205
1678
2179
9214
2673
3941
5066
8626
4769
1997
3354
4256
7887
8970
4259
6807
1213
7975
6223
3636
2826
7549
1838
6091
2853
9704
9892
1625
4789
6999
1403
28
6927
7613
4881
1991
8639
5147
4989
8482
8330
6204
3341
2430
4078
4310
7849
7616
2873
