3835
9461
1385
4855
7886
9551
407
9386
7726
8621
465
3620
18
5140
1380
5721
550
9076
9677
4383
636
598
2322
3841
8578
8509
4896
8071
3855
7685
9549
387
1052
262
3601
2733
2248
1225
6085
9947
9706
5683
9607
1919
8766
7528
7391
9975
5062
3028
9690
2449
7351
4205
7665
3237
7138
7544
6277
9377
4655
2335
5531
41
9071
78
2568
9756
1539
8647
3473
9324
2990
9730
4677
4952
991
402
5074
1049
1117
4920
3008
826
7994
7099
3036
6847
2596
364
5594
4703
4948
6708
5291
7370
152
9566
2848
8688
4960
7635
8435
6415
9555
365
9459
7621
9527
2713
2245
6735
2469
5227
8259
9734
9326
4705
2046
1972
7041
5720
7159
1175
3052
8769
4376
6282
4438
7306
4800
1424
7554
6386
6088
3482
6484
6593
1270
7629
7639
5415
7319
9883
8118
8859
2234
9720
8448
5557
8044
5446
7520
875
1646
9240
475
7260
3362
786
5988
3177
3182
2220
7912
820
9180
6082
9139
4777
3249
2732
3434
4416
4332
1626
8400
7276
3056
4193
6535
4656
7834
8881
9262
9353
3904
6678
4740
6848
3006
9223
3230
484
1641
4462
2232
5098
1970
7297
9678
6151
581
3670
2307
5311
2011
3103
6543
19
839
3198
4204
9169
4251
1332
5343
4301
2958
8558
6916
2502
1342
2290
1770
4026
9502
2950
2775
9869
9393
3302
5305
5758
4515
384
4075
4163
6574
3950
7342
800
135
4720
6009
9807
5019
4061
6233
308
9119
7931
2140
3412
381
7176
4808
8290
1899
8281
5809
9061
328
6673
625
7537
7893
8445
4653
3867
7256
1179
7726
9007
1216
6115
2366
6621
6281
1962
9006
5441
6717
2466
749
1462
1161
1893
5377
7339
5575
5784
2263
8293
8141
8281
472
3462
4095
8472
1914
6574
9407
2366
3051
7940
204
3133
2195
4266
4809
8187
2009
9936
9274
367
2343
7862
5923
9163
6375
6000
3068
7314
8291
1472
8915
9433
865
2935
5642
8904
2526
7808
48
2432
6033
4351
9414
2809
1257
8028
9697
1111
2529
7388
3775
2327
9018
7773
5937
2610
7538
4931
2096
5914
3505
2092
4074
1579
9024
771
2267
9260
8623
5905
5660
4200
9888
6842
4333
7992
8447
3114
7905
8347
6302
1957
4784
903
7696
6588
414
3092
6998
3032
1366
7594
5711
4134
8926
3941
276
7834
3784
486
5761
437
2487
6624
1727
9575
2439
2176
3439
7944
4162
4424
7025
3749
9611
1548
7308
3171
3883
2436
356
9175
2262
5590
4539
8066
8488
5753
7915
392
7716
612
9329
7419
2585
5865
9469
8160
9175
8121
4149
8238
9652
9053
8869
6941
568
1961
4522
7378
6633
7104
3951
1347
129
6586
8175
6896
2085
3661
1086
6685
4261
3046
228
3550
5094
9606
1164
3746
2078
9147
3996
5761
8287
2118
9522
3208
6721
7597
7497
6526
1231
537
3759
611
6661
7981
7290
5999
7689
2572
6074
5514
7035
7463
3976
6605
8824
5319
1847
962
797
775
5299
7485
3108
8189
3060
8011
7063
4966
175
4488
6163
4559
5453
3724
9287
9617
6888
7112
2316
5164
6056
9506
3072
8481
8726
823
8141
2917
4384
1401
5749
6535
5729
456
5237
6274
7502
8471
4921
9279
8936
2723
2396
1586
9350
2476
2010
252
7318
9207
8430
4734
8645
5633
4718
5793
4412
4626
9463
2236
9869
4145
581
8774
8738
9628
8830
4997
8486
3012
2115
8417
2191
3037
6227
3333
7109
1486
9131
6250
8813
7889
5599
5176
2970
1015
7889
95
5737
9444
1861
2875
9007
2684
9409
4790
2141
3622
2848
9721
3646
7013
1766
4305
7091
13
2542
5608
9405
1385
8683
2926
5495
3213
3423
1980
8546
5405
5803
7722
1738
8734
9259
9041
1151
9240
9409
9506
3627
1437
1191
3486
8637
9409
2604
1800
6122
1294
8084
2957
8472
2280
689
4352
760
8935
7380
5794
9261
7429
6244
6736
7818
5126
7983
4911
7753
2724
3154
7851
603
3035
1981
7968
194
5197
4289
6085
609
1622
5857
7252
7320
2845
9249
9458
8044
4906
8280
2215
1860
3614
245
6197
5193
4454
5667
3510
1426
7692
4046
3398
8140
233
2354
5436
299
2721
4158
5563
4646
1294
5185
7638
1572
8991
9416
4972
5876
8524
6866
2846
4443
938
5991
6988
2790
5783
2775
5739
9529
778
4658
2916
7576
2459
9112
7086
491
3812
9158
5323
748
2717
7569
565
8429
2606
4625
6201
5037
694
7634
2901
825
1199
8954
7201
4241
5365
2646
4516
9946
8419
6033
3868
6635
2269
62
9113
9879
2329
4481
2063
9366
1543
2098
1726
3368
5426
8559
183
1157
6574
701
8834
3143
1756
2090
6376
3504
1910
2845
5126
1166
4642
5377
2329
6683
3701
3929
6159
2544
5512
6321
2708
6213
5571
3535
9281
9101
7227
3832
8814
6805
2462
3358
3371
7717
7199
724
4878
178
3686
5608
7969
9484
9355
896
4724
6166
9769
5043
9667
1496
2399
7639
5645
252
7993
2621
7572
8221
2808
7274
6277
8077
4030
8320
8703
1283
2005
4611
9484
2976
9050
5981
8857
9904
8352
3224
6858
4674
8810
3115
9332
2184
4165
7317
4406
4823
7712
3118
9724
4577
3151
6657
7369
6411
9331
9891
5453
1034
2193
3440
4160
5157
5558
6690
2446
6418
8781
5741
1900
4769
5763
2898
9410
9693
7942
4092
3912
6712
3914
3880
3570
8886
4887
4906
9825
2393
8611
2446
572
8461
7770
5823
2480
5370
8954
4174
6625
7474
4871
7987
6042
1971
1218
4954
8814
253
7246
7676
8469
5238
5978
8740
7120
8313
9869
5274
269
651
6865
53
7806
6334
5168
3439
6998
9939
417
4040
738
3767
7466
6438
1841
5926
7837
1599
7668
9932
6092
9571
5146
935
3977
5334
2482
9030
8702
4167
5500
3680
3904
5973
608
4818
181
9707
6803
7778
7956
8874
9835
3206
6937
4701
7772
9539
6899
1194
475
8270
7606
337
4559
7293
4906
6870
2357
9834
956
7968
1237
6249
8539
7058
9862
1492
5829
7022
5745
8130
4795
9889
1976
7217
9735
1940
3998
9276
7561
2942
2130
7508
3692
7230
6074
3567
1414
3314
9912
3310
7349
6969
6822
9987
7637
3586
4666
9878
4838
6279
3709
9876
5449
2345
3474
7716
8360
7342
7558
2965
2872
3081
2272
8013
5837
3728
2557
1309
984
6295
78
2515
7110
2435
780
7826
3067
1988
9579
6149
7274
4120
4437
1282
9232
2253
2059
1346
3755
8357
5207
4072
5756
6946
438
4268
4696
8808
4150
3909
1028
3357
8893
8543
6201
1194
2766
3013
1565
5647
4649
6372
7762
1408
5691
8751
8643
990
8780
3583
1669
1210
7553
2627
1087
6005
6758
164
1997
6511
3130
4259
7838
5670
5121
3916
5226
5894
5080
8038
9487
9045
9781
8107
3707
8834
6309
4348
1254
1686
5624
3706
27
566
2239
9817
5803
6266
7455
195
4435
2601
1016
5053
2517
390
8534
2091
6286
1774
3525
2749
5909
742
4096
2624
1429
9446
8919
2253
9695
2410
8909
310
887
9423
4231
7271
3431
5303
8113
8960
8438
4884
3602
6885
8028
4727
5589
3317
300
4218
8061
9480
8160
2874
7796
9284
6470
9614
8388
6357
7346
5202
500
2025
3692
706
4166
3093
6158
1262
8660
983
3660
4564
4311
1025
7140
7210
4596
6701
3856
5601
1952
5477
4349
9429
2149
8012
1627
4947
801
3816
6915
1756
1613
3235
4384
1577
3193
7322
561
2495
7159
9038
5557
7078
5819
3596
8563
6770
2144
9259
5018
1686
2500
1745
3250
5022
7675
4262
8556
6153
1466
1210
460
4844
4067
1904
2950
1075
6641
5562
4017
7274
6140
1360
8442
2913
9920
7271
3610
8553
9449
4856
2802
1541
8797
5228
9255
9868
9985
9361
3901
8930
8765
4407
1029
5948
8577
713
3010
3914
645
7487
129
6581
5242
7744
5546
1140
3302
336
5102
404
652
2
6704
6609
8408
8918
6046
8838
2649
3081
1089
7279
1661
5086
8508
1732
330
2493
4335
9206
4260
9695
7907
1961
4727
6221
6299
1053
9682
8114
6566
9648
4259
3497
8278
8763
7703
4420
7540
9659
4666
4172
1265
7563
6397
2850
4920
156
9236
3814
810
808
6000
5895
6144
956
2094
4742
1882
2186
2619
4992
9156
4534
6515
1441
3019
8164
6808
9744
4028
5910
4953
4676
4539
88
8430
344
5564
1877
1301
6142
1817
5867
7304
5757
3648
8363
7353
7321
6668
2961
2538
5353
7039
9674
5016
6730
1047
4956
9830
6755
3348
9491
9785
4899
5855
1324
1355
6055
2525
1750
9178
4
885
6476
3175
3288
7229
758
7792
4656
811
9486
3075
1067
3372
9599
7637
4865
5071
1699
9296
607
2047
4545
2794
2326
6082
2405
9901
2323
7007
1297
4795
4918
3783
2533
4468
562
6498
1727
9501
289
7163
5174
5944
3861
6415
8718
1527
6255
3686
6490
984
826
2453
8570
7957
6339
3681
849
7206
4824
857
5469
7648
9514
4690
8157
7284
839
5131
7074
8367
3344
2198
9007
3443
6873
8600
8932
5910
7363
878
3645
8636
517
312
3969
2464
5212
4575
8128
6880
5649
4521
4676
9432
1694
7525
6430
9171
8258
1433
687
1124
6612
8123
7640
8627
3446
5126
1084
7739
4748
4938
9842
3946
7211
6832
7130
9201
720
5692
2071
6263
7002
193
2718
8822
7522
9575
1749
9347
2170
9761
7652
5930
190
2520
2024
2394
2672
5342
9017
86
3491
389
2131
710
4679
729
2220
4862
395
7229
8450
2565
9362
4424
4122
6419
5405
8817
1105
3871
3377
1737
5568
4987
7286
3912
3756
4690
4807
4735
6528
5378
6675
1985
2771
6613
8061
2007
4143
6792
7354
6886
8951
4941
1311
5087
6567
5765
8398
5604
6989
3855
4237
5145
6709
1754
4820
7144
3424
767
6973
7530
54
5660
700
3072
5890
7377
1653
7509
8358
3397
4674
4312
6517
6490
2785
627
3676
2198
7344
7991
6291
9203
7745
2673
1140
1529
5276
1016
1792
916
8583
3375
9819
9823
6831
3291
4240
8238
9197
9190
4112
889
7246
3592
9180
9925
8628
218
8969
4192
3468
1225
3422
8982
1238
851
7914
8027
1931
4360
2101
636
5716
7441
4813
1298
4492
6693
9658
9494
6387
5437
3001
8154
3878
5402
1956
4153
3492
1215
2901
5057
2047
7600
7448
7358
9953
837
8584
5980
5377
6212
6307
4836
7089
3476
5173
9805
8778
7881
5432
1934
559
9475
7804
8031
8223
5268
5103
5836
8895
3760
4535
715
1459
7043
8588
8115
9993
7455
1345
3655
8109
3678
4116
175
9129
8164
1065
402
228
2151
5374
5610
5783
966
4497
2572
9795
9417
9134
4684
5734
2748
7084
1616
1676
5592
3376
45
4887
7057
9812
1323
6536
1777
3825
6881
5358
7629
8901
59
4203
4700
5608
6744
8386
8925
4931
492
2545
6015
8320
575
8320
6661
7920
5360
6593
2499
8498
3537
4787
1019
5514
3171
2339
4050
9074
4006
7141
7616
7214
2165
516
9075
481
1034
7140
340
3230
2751
660
2883
7499
8872
8736
9236
3003
9875
3856
8464
287
2858
9130
5363
5271
3183
9185
2436
4405
4335
9850
925
3351
4928
8800
6154
59
9244
6179
6886
8220
6252
9269
5746
2877
1904
3520
6642
4434
3102
1047
9198
150
8677
7329
4355
3035
5152
3804
7297
1848
4703
5935
8895
2900
9735
9532
2570
71
2582
9176
3758
3695
6969
243
4034
3589
3383
2486
3366
9663
2542
8001
1302
3288
652
774
4673
7599
4445
3119
4907
5440
8881
5038
3517
317
374
2846
3141
2371
949
6570
1852
3926
7288
5503
3180
8434
3294
766
9651
2665
437
7634
9305
6701
4633
5606
2248
8960
4858
4971
5626
9462
4268
8318
4813
1931
6726
3716
3215
537
9344
995
8714
5971
6149
7375
6000
5148
7594
6239
4304
3679
3468
2241
5002
1247
5732
6815
5684
4767
597
4181
7512
5977
944
2389
9657
8970
689
1249
1708
9577
7550
9113
3320
9441
8920
3334
551
7257
9606
7099
1366
8619
666
1947
5994
2026
3315
3566
6199
9910
8032
8447
9940
5163
3483
2736
5027
3759
7718
7030
4459
6344
4531
4726
6128
4355
8921
5560
2326
2398
6263
8427
5161
3497
2815
8893
5311
8997
6395
7630
5654
7122
5050
1797
1545
9102
9173
8157
5958
6184
8306
6792
9539
2576
2640
5021
4087
5940
5818
1639
3105
7754
1239
3801
3646
9605
3286
6442
2348
4589
7425
6029
7364
87
1375
7336
1294
2733
3181
7025
5181
763
9601
6142
4091
9471
8887
2585
857
7793
4806
9371
3178
4756
4525
7899
5882
1248
8151
1939
5816
2731
5809
1369
8759
2276
9428
9452
1200
5303
3727
1353
2758
8792
6457
2341
8153
5097
9709
4174
717
701
5584
4554
9783
8053
2850
2607
5561
3476
1453
45
4582
1241
1209
2450
4954
8232
7383
1814
43
9435
1384
5553
4066
3452
6612
4386
8298
2183
9746
785
1539
3977
1221
5114
7146
1254
1585
705
9425
6820
3890
7724
3850
3681
6771
1516
7582
4007
7387
9920
7714
7895
4130
1281
9316
30
488
6330
1441
8464
4309
3378
3729
668
8506
605
19
6095
5303
3699
6646
6677
2388
3223
5545
3660
1703
384
6681
5095
6803
4291
4795
9826
3070
3643
9846
9940
5797
7115
766
5254
9264
961
2511
511
3995
3181
5175
6166
1497
1487
8703
3688
3273
1036
5506
907
5736
5656
8327
104
9649
6345
1661
17
8582
3903
7597
4862
759
79
297
8188
2932
1391
7413
1427
712
5033
9664
8521
5208
514
3598
5315
5588
1107
6552
2033
8136
8938
4203
141
8788
662
5605
2918
9299
2493
1929
91
5583
313
5407
1417
1189
515
755
1882
3623
4079
195
702
5991
9805
4895
9135
2746
6345
4429
7475
7351
5564
6725
1820
5876
156
9399
2270
5786
4495
2127
8218
3104
9573
2938
4895
5107
2181
4125
5072
352
4670
8410
4057
8742
3500
4149
8982
5766
6469
171
2954
8064
4453
2740
19
3587
3586
5541
1033
1115
8485
6095
9127
1952
1977
7598
6418
6867
0
4027
565
2219
9356
7122
2680
7153
2668
3077
2375
6007
417
6503
9316
4323
9173
154
8650
6832
2918
1307
1520
6639
3092
3956
1867
8574
9282
2105
6765
5902
7730
2115
5766
2442
9605
734
8707
7330
59
2866
919
508
3166
5026
698
1981
6778
4804
2778
1822
8947
9586
3948
8693
2506
3925
9127
5400
5255
4106
7870
562
6311
6472
8276
8302
737
6874
4717
8438
1446
1319
6772
52
387
1011
3473
8066
3258
9885
1796
4478
9326
4942
6955
8144
8166
7072
9935
5680
1607
3307
2075
5953
4995
357
4197
6693
6749
2396
1244
9904
86
4340
375
7627
2813
3896
8305
1494
451
1060
2141
5370
2310
3392
1236
1368
9517
131
135
3664
6938
9037
6831
8139
9244
818
5057
30
6814
6779
1316
862
8641
1891
4392
4986
4566
9327
5331
4270
8766
8440
5228
546
1165
6704
3643
1603
9120
2828
7176
6617
2260
7580
2965
1048
7509
2236
8383
1994
8838
8275
4680
3672
9744
1278
6728
418
9000
6250
6802
189
4800
5865
4897
8498
3809
6284
6973
2539
7175
3454
909
3986
9603
4698
8602
1061
8926
3343
7477
2330
943
3336
5431
491
3760
1556
802
9887
9976
3225
2602
2870
6026
6987
1816
6395
2682
4467
7238
1224
5262
5844
4819
5384
7365
693
4068
5045
2676
5667
1491
5656
8773
4471
9245
1464
433
4405
4737
2253
5482
7086
2563
3950
851
8039
7960
2616
2882
2206
8378
4459
6105
6252
7068
5099
8517
46
3125
3067
7487
5757
7210
4308
1733
6946
4097
1554
7741
352
5961
8276
9729
4984
5741
8175
3280
868
4533
9326
2732
1452
2163
469
7288
7032
9551
2520
7403
4146
2947
387
1280
1670
4766
9725
9876
8254
2216
3904
3942
6406
4874
2529
6245
101
4729
1120
510
8892
1819
7648
5513
3799
334
6034
3593
6740
7019
4700
7395
1576
4151
3595
7405
5574
6996
8059
218
6016
8299
5026
8651
628
5383
6326
6577
9633
4224
7187
2302
8430
2009
8511
2327
5298
4874
7480
1335
8732
6131
3135
1234
7515
6509
2365
2254
1279
5124
671
3104
6670
902
4494
592
6792
8996
4884
8415
4008
9456
3960
2516
9832
2397
8964
9567
5640
1268
2106
700
9515
6724
1486
9885
5164
3791
1136
4118
3017
4071
5298
4509
3553
4082
5632
7528
7515
7919
5534
6302
9989
9065
7327
9275
2170
618
1402
5117
7545
2798
6614
11
3018
9970
3589
9945
9416
4609
5427
3001
7860
765
5397
9936
4158
9451
8963
5750
6765
1435
2052
7721
5733
5804
710
450
9397
2210
7714
4546
2389
6018
6573
219
7457
5286
1490
3582
493
5687
8112
2905
2491
2533
8441
9224
3667
7390
5117
2719
1655
5651
8352
6110
746
8893
4277
7214
9260
3138
548
7205
6894
881
611
1842
4192
5178
2479
8871
7960
5380
5257
1078
3322
9146
5229
3200
7362
1486
6782
2006
7093
4994
2890
6737
7665
463
9472
8563
1008
4276
4322
7354
5138
907
6010
1610
1921
6599
5032
8488
4911
6245
4759
6274
394
7274
2787
1600
3664
1077
9852
7773
6355
8542
112
1900
7990
3874
4176
3728
5706
3915
7863
3683
1058
7902
5939
2415
3135
3618
1279
762
6454
8294
7095
848
235
6616
6342
390
7675
7872
4899
9931
4424
6548
998
6596
795
4110
3620
8046
2422
1303
2782
996
8381
1075
5215
2491
1335
372
8464
45
9797
9089
1319
8061
1446
9263
1664
1373
7531
3786
6053
7833
9015
7931
9259
4510
6904
9343
1620
9024
9998
3232
8339
5150
5511
6099
2466
9160
1400
3851
9055
7303
9407
4854
133
5334
5228
2936
5149
1531
2446
2246
515
8636
5250
4949
1980
449
1816
705
5587
1991
8752
9440
46
6565
750
6168
2550
5347
6797
2504
9972
3680
4730
8749
8426
4161
7798
3924
9281
3967
4193
88
6578
7752
2716
9703
9900
562
4118
2016
7344
695
8264
7063
8551
9967
4807
3568
4584
9059
386
9801
4734
9942
2273
6835
3905
6500
6522
7819
2651
7892
1423
1619
7797
8663
2861
2294
3848
1047
6268
1987
1228
4780
5160
9277
5415
7667
198
8458
9353
4229
9339
221
3581
4392
5354
6636
5478
5881
5797
3400
4039
6299
9364
9451
9272
6644
9265
9887
7105
2513
9720
3537
2791
8398
8572
9953
4781
2996
1419
6238
6301
8063
8465
8422
8552
1201
8038
3405
3308
6225
6815
7966
5249
2868
7948
4929
5415
5708
5
8771
8401
311
1353
6840
4508
5802
7430
5182
5819
5401
1854
2482
4461
9559
7098
5975
7833
942
899
8070
8606
5860
6578
880
5697
1754
8287
9923
450
3643
4537
9073
2990
2648
7836
5990
6710
1625
3913
2750
3771
2856
7586
7907
4370
4332
3504
5690
5769
1972
7095
4473
4809
1935
164
2541
3732
473
1142
2754
7515
7507
4731
2175
863
2780
9492
1813
1722
1108
9265
6208
7028
8148
4299
5750
8273
8671
6509
1365
8249
2596
4154
8478
6547
63
4264
1055
2483
5295
2258
6237
482
1159
5235
6263
8124
5410
7043
1589
4840
1691
3967
4660
2706
887
7444
6660
7635
4414
4267
5060
3964
9777
4505
4918
3353
6252
5628
799
8516
8436
9329
6427
8850
3028
5725
5869
2913
8035
7625
2862
1627
4919
6524
6557
8629
9493
5771
5660
2619
7604
3419
8069
1027
7197
2273
705
6653
317
2910
1871
9782
6243
3073
6404
2362
7540
5810
9678
5162
1575
3746
9600
6788
1405
3432
9044
3252
7948
6288
3859
481
9968
8180
911
5016
1259
5399
1653
755
5020
9215
2596
5125
5753
3080
5384
1845
120
4194
1088
3683
6093
497
1043
3857
3819
1281
9622
3764
3228
7452
8705
4028
9050
1390
9814
8062
2161
1387
1103
2141
4156
8923
142
2359
1150
4475
1034
8324
8048
7198
3132
3753
5200
176
4388
9470
7136
7054
1196
9978
5776
7888
7526
7567
509
8568
6074
4363
3265
7321
9684
8732
3091
8947
9526
7169
355
8684
2707
9344
246
1297
5715
6029
4320
4952
8828
8874
7002
344
926
5107
190
1124
6365
6268
1396
2574
1850
2582
8400
6671
5059
726
7514
4399
662
6253
649
7218
9114
8452
4346
1852
9732
4478
2172
1497
3247
5557
9739
7200
7360
2921
6395
4576
8542
1966
2581
3258
5773
7781
6834
125
943
3574
6238
4988
8514
9920
4289
2574
8224
9784
1229
2473
760
8337
1392
1886
4095
9898
9327
6292
2842
1200
9311
2137
4331
2938
5857
8696
3671
7391
1444
1333
1618
4221
909
6157
8240
7184
2982
3326
1267
7165
8975
7576
1692
3921
3815
204
573
695
9163
5874
8453
541
7283
9742
4263
4100
657
5575
4063
5593
8903
833
8339
9895
855
6539
7428
5234
3646
6911
6915
6000
5024
5676
2224
1734
445
409
9122
5652
8122
2975
8228
5570
2880
1076
6937
1166
1894
4139
6526
7407
9262
5673
8261
8142
9236
1796
3066
7275
2775
5338
7048
2251
8958
2452
5516
1606
7517
2528
3655
247
6453
8410
7471
5927
2604
2769
7015
9778
9601
6261
3340
9507
384
9508
6738
9351
7415
4082
2498
8648
7342
1847
2877
2783
5926
5976
6611
427
5560
5331
3648
9366
483
6278
953
852
8202
2334
5537
6467
4780
3288
7673
6513
1998
7541
1867
9449
5714
6165
4191
3435
30
5006
2904
4606
5533
4687
0
6628
6157
6588
4218
4270
2613
3974
9023
4105
8555
5886
1148
5080
8544
6030
3867
4054
4173
6363
785
8385
4109
7162
4712
9394
1140
213
9335
5476
3373
6347
5318
3514
2333
8909
310
8192
9069
3403
3900
8023
8517
7761
894
9828
5016
9110
4890
4000
1138
8850
432
9170
3902
1615
2518
8994
1875
4823
3130
2399
4638
3546
731
2207
567
7634
2747
9635
5719
5675
4984
769
2462
2761
9867
6348
6267
4884
4378
2029
5322
5335
4338
4523
5914
6147
9612
718
6390
1315
6317
4246
273
1500
3385
4970
7029
8687
9260
7382
6363
5255
8280
5463
3865
9663
6707
1141
1747
6170
2726
6990
445
1100
7077
9302
9208
6208
6292
4419
8022
2029
3244
4403
9357
738
496
961
9376
4896
9318
7580
5623
6995
5666
66
7055
8874
658
6251
9439
8470
8970
220
8589
9326
3800
9173
4423
4082
5762
821
2395
4841
9359
4333
2011
3876
6105
3127
9167
5745
1765
6851
6851
5146
1367
3449
5433
7010
2247
333
5549
40
4979
9551
3058
3023
5814
30
6937
1322
6538
5293
9134
8497
5185
782
7635
1332
8055
3178
2768
7530
7083
3694
6705
2119
3368
3442
7959
351
3739
7412
1834
5428
5271
2354
9861
9808
1275
8987
8061
6075
6189
7844
9207
6471
7717
8354
9960
584
5813
4100
8955
9068
7564
8018
2956
1285
2845
939
9654
2372
2070
6586
7583
9126
3458
3705
3225
2831
921
7827
57
9067
5117
6693
1341
9239
4486
234
4402
5014
3482
7375
4537
9639
8457
2766
7863
7252
9397
8575
6962
335
9332
5689
4004
9603
261
81
3012
4011
5128
7129
9663
7985
4042
9888
3951
871
6677
3717
6798
2611
6537
4640
8890
4695
2048
7943
668
692
5841
5973
3433
2345
865
9722
9734
9427
2689
1737
8977
4405
7221
390
9885
6352
7711
6551
5596
8569
8814
6992
574
5679
1776
4350
3798
4692
6799
9308
7555
2317
9412
2319
8170
9155
3695
7317
7120
4320
153
4524
8181
4939
4739
2392
5390
6146
4754
2537
6983
5496
2347
2099
1878
8848
5398
7753
568
6514
5923
5042
2627
3380
4182
6659
4993
4901
2220
730
2656
393
9430
1275
8415
4290
8810
5635
940
9383
8960
7651
9937
4262
2325
2058
9970
7312
441
9321
3756
5941
6749
606
8397
5111
1896
4801
756
8079
7399
488
3926
4024
9880
6589
6065
1071
3684
7588
37
9763
6813
1184
7553
8271
5104
8365
1055
2124
6689
7681
4460
2898
6974
6714
3644
8824
2878
3303
2393
4009
4878
2860
1984
8472
3725
5913
4381
5735
5993
8898
3627
2853
9283
3993
9128
5564
3053
125
6
3530
3745
8632
1390
9717
6028
1027
7050
3166
2945
7241
8193
380
5194
6027
4884
3953
9199
9081
4546
9191
3984
5320
6131
7790
4054
1607
3615
2981
7586
8080
5770
2752
3297
8862
263
6246
1469
2267
2444
2698
8862
1215
2790
8751
705
3247
7658
3255
9108
5174
6364
3972
5579
814
9546
8425
2501
3599
5663
4421
7412
4069
5579
4865
1470
5440
7083
6331
5763
8638
2483
6931
6637
1848
328
2768
2529
7379
7085
806
3948
359
3872
2411
1715
1798
7173
2482
9316
1838
3744
7870
6604
8022
5285
4793
5635
7925
7281
5264
6164
1327
7491
469
2691
9433
7334
3731
485
6777
5896
5121
6514
4856
472
7053
196
3167
3149
9672
8267
4600
7014
3925
4893
4613
327
8614
6562
5535
7133
4604
98
1820
4642
2620
2867
3403
9720
2281
4463
3441
1996
2538
5942
8623
1356
1747
7550
8232
4597
2467
4775
7609
6997
1563
4312
3566
5575
8077
9105
8720
7168
4950
9644
1291
5023
4693
213
7852
4185
6792
3447
868
5208
4825
2604
4476
7983
6270
3257
8579
1064
8329
937
4665
9829
2489
4822
3079
8308
9301
7828
1642
3176
5742
6273
7045
2894
4650
3600
6662
1534
9697
4046
7804
9020
3907
2400
2172
8958
9836
5582
9304
4820
526
7656
8838
4013
4978
1462
2533
9871
7134
9543
4884
8964
1804
7691
9465
8552
5558
1581
3333
2670
6594
7045
1366
4283
3132
5644
5921
88
2650
4121
8471
3718
8523
6822
2650
8086
7434
3032
7915
3187
1066
6791
4399
154
9162
8840
7215
6215
2935
3620
3399
8254
2249
6634
8225
3480
6290
4555
880
9333
5540
2444
7221
3013
1072
1165
441
4982
5041
1379
1117
2526
3666
145
1604
9803
2645
1212
5120
4292
8429
9706
7153
9029
721
217
1469
1888
8596
9169
1795
2878
2152
8581
7647
8621
9570
1386
9081
7996
8399
2233
1174
1555
2502
873
4588
2104
5030
8422
835
5078
9435
6588
904
5834
5290
8191
2291
854
9696
8552
6385
5871
9584
8239
373
5084
2497
2982
233
1258
2130
7123
5892
6195
8531
5598
6526
9848
5628
9365
6858
174
8334
6716
3442
5564
7676
1812
3330
1378
9095
8227
8300
9847
5847
5302
1971
4262
499
9504
9606
2047
8188
9576
2948
2311
695
4709
7302
9692
1664
2443
5226
330
1693
6211
7537
2867
4796
4809
7407
685
9651
8854
2163
3903
8822
6045
347
3228
3626
2263
9348
6124
9758
4810
1985
8757
3768
1131
4868
2967
4509
3637
9713
6651
3000
7969
8153
9636
7765
9104
9466
5689
2096
8920
2395
9334
7413
9045
3488
4649
4361
4074
6065
9400
3094
9102
572
6882
4225
8779
9099
3665
9940
4440
6175
6013
9140
5511
902
853
7891
710
5463
4522
2797
3658
4027
837
2415
2651
1344
4722
7642
219
8605
435
7572
313
3556
3898
7397
1271
5411
8985
4
5800
5748
7656
2745
6382
193
1901
8143
2635
6757
3650
8610
1543
6602
9435
5075
9734
4467
1574
7435
4376
6022
9721
5834
5740
8441
8827
1954
7004
3455
6620
5299
6477
4518
6996
7910
6370
8092
6032
2457
9442
6579
5007
3461
4955
1824
6029
3710
4121
8823
7663
6803
3836
1549
5628
9778
6027
1822
7004
7940
1365
9947
1138
9179
137
8350
2132
7025
9606
1525
8704
1641
8434
9116
7993
7797
1014
6260
879
3915
2412
5117
7833
8181
5792
9816
1463
4927
8889
7218
1882
4548
1087
8092
1091
9495
5440
5827
3323
6604
9691
9004
4104
2595
118
6021
8369
4720
3556
7831
8763
9766
943
3089
5527
6248
2113
2957
3387
320
6887
7204
8135
2387
9642
4156
553
342
8024
8498
2356
5187
2936
4274
4223
3408
1013
5238
8062
9770
1447
6742
1371
1058
8454
2116
3604
7998
2564
4843
7381
2483
2439
3002
9716
2487
868
1716
2952
5962
5468
8027
6695
5057
5475
3576
6829
6668
8865
2118
5235
6875
4894
3617
8873
145
5833
7076
3932
7526
551
2554
7777
3181
1116
9872
2747
9934
4558
1736
2539
9296
2285
2100
4301
3419
46
6313
5583
4878
5286
6936
9133
445
9608
506
7588
8821
4128
9571
6653
3792
7783
5425
5411
2913
249
3514
3941
5602
828
6895
2110
7128
9579
5938
4589
2794
9315
5453
98
9519
1492
9054
2240
3614
3421
7331
3573
610
2283
3925
5805
4987
5082
8747
1513
6860
6689
1388
3169
6532
2372
9980
4049
8390
4826
2004
866
3669
5917
4794
9506
8674
9473
7134
2299
8729
3185
1796
9492
2918
9941
3331
3318
6903
1089
7123
2045
831
4425
7728
6105
7927
2283
3565
7146
1511
5005
3849
8788
1416
6464
9903
4692
7489
4419
7130
5513
7948
6448
2784
3675
4892
1896
251
6591
9041
6662
7146
7301
7703
9958
35
9244
8188
8688
1578
6391
5907
9987
787
3723
9335
3007
8075
6453
37
8638
5829
2483
3959
1609
4097
4383
1641
4053
1212
6030
2032
6974
8105
4849
7859
6548
1085
1457
6429
658
6503
8800
2840
739
9606
7960
5660
9060
4339
1885
3820
3797
6553
402
832
4662
3341
6093
5860
5651
7603
4135
7476
5547
4358
8932
1882
5937
5864
2787
1921
6617
24
9379
2135
7029
9642
3219
2002
6137
8722
2580
9713
9326
2209
8234
420
7702
4017
3196
3206
4991
5596
777
3054
2368
1323
7292
6380
673
6077
9723
3195
1552
9963
7203
3772
7174
8267
3803
5019
121
4091
9723
6929
5022
4421
8149
3338
6123
8512
4180
1920
2668
9580
6930
1020
9247
6324
9767
5705
2349
6839
1328
59
8999
9385
8161
9363
5006
4461
3246
9434
214
8176
3085
900
5873
3848
8031
7946
3174
3954
256
2161
1897
7803
526
1972
3033
6182
4525
849
8500
8098
2669
3282
2762
9663
7929
5637
6260
8786
8331
1661
5265
4745
1706
4491
6495
6029
5147
5398
8292
1820
2530
8395
6582
9166
8162
1196
8859
6189
6329
8823
9936
2396
934
2115
5507
9802
8137
6209
5918
2394
1685
4388
5623
8595
6896
7152
6097
6034
5477
7003
1035
9127
2557
6679
5567
4274
6700
3595
1501
6733
6777
71
2456
9507
1725
2868
3811
9590
8984
6692
7892
8937
9480
5897
135
8142
2772
7987
2270
1009
5098
2824
712
9325
7788
809
9839
4254
6548
1232
3102
4541
4708
9184
5617
1613
1931
6115
6869
4027
3341
6506
7050
8784
9111
2098
9646
6659
6544
7425
1502
8713
1325
492
1634
3953
9359
3130
1719
916
3029
9556
3041
7752
3589
3351
4228
296
280
8521
6210
6656
1117
8243
7668
8591
5774
1927
214
5689
1162
3180
7710
9123
9730
4389
3216
4216
7549
1663
2254
8801
4395
5952
998
3784
3465
9297
5195
5760
7869
9350
6378
8022
1214
4845
7595
3082
2823
3043
8179
7432
2916
6030
9754
9848
1846
3918
8022
9200
135
12
2746
8616
6267
7409
2261
5165
7244
3883
5126
6476
6732
4454
7819
1812
6801
9687
7908
4884
6793
133
1392
4506
3484
4821
5884
8365
6198
1149
1938
9546
1275
5994
5625
7857
6603
7761
1754
3804
2583
2430
5837
8940
7916
1703
700
8461
8210
7942
3046
2158
6009
3137
2406
1
8620
8239
5132
1445
1524
3896
8966
6095
1945
5580
5200
737
8829
9962
5208
9040
7933
4104
2300
4363
4296
2452
6590
1781
4121
7423
155
8256
8102
9779
3536
8138
3588
5624
9236
8363
2629
308
2279
8687
3463
9741
6994
2335
6502
9962
9632
8247
2733
4006
4225
1905
837
8043
5704
6168
1649
3351
7324
4101
3741
710
7992
2166
2043
7062
7149
3205
725
6844
6410
7624
1824
3612
900
4554
5457
4254
5278
4159
7791
1907
5522
4095
5553
1631
7301
5545
9919
3068
6714
9277
2984
8178
4946
2752
1749
4828
292
9440
2812
6426
7521
5889
7595
6601
80
7224
7142
1149
711
7394
8072
3165
6310
1833
5188
3896
6612
412
9761
1604
3285
7656
129
7133
4639
3646
8666
8147
2805
628
3962
5837
1346
1364
4386
9632
6499
8952
1550
76
8402
8770
2357
9319
1205
9819
1868
3112
7564
7852
8216
9879
9679
1208
3141
9864
5759
462
1961
6434
8557
8995
8343
82
3432
2234
1818
4945
7447
5556
7396
7660
8861
9684
3202
4515
5299
810
5928
4820
1777
5553
582
4952
2412
4082
6158
137
8223
4521
3872
6037
6990
5116
1519
9406
426
2275
5886
8970
8000
6922
5665
2008
455
555
1018
9995
8005
8626
4565
4949
4534
7140
4656
3004
8412
3390
7670
9349
6076
1680
6722
2925
1683
1359
669
3745
8164
3796
4088
3024
4923
6957
6820
4855
9888
8574
4497
1856
3064
6162
2131
9596
9956
8923
1502
9849
459
8515
993
7035
4604
6537
2893
6319
199
2739
324
9095
9885
7272
1830
4209
4537
1541
25
7576
320
9801
3116
9837
8893
5814
6284
9913
9548
7125
2969
2760
9857
820
3286
9649
2802
7053
8419
8386
4064
500
4655
7148
8250
5401
1970
5792
4332
7922
5059
8414
8897
3925
9529
657
5399
1155
8141
8789
252
2980
6770
3074
9769
7564
9238
9065
3985
2180
1407
7484
3121
1639
3512
9819
5145
5967
1587
3491
3844
492
5581
1626
2066
4555
3863
5932
1291
2628
4250
1646
8911
9629
8133
1084
3730
1581
7378
685
6163
2904
1806
2151
6514
7574
5292
7257
412
9709
5512
9431
9567
4649
4945
9760
7398
5143
1007
5214
3701
3305
7774
1357
7930
9760
8573
3491
3506
2428
6089
3564
8588
902
7328
939
8685
3430
5112
4491
9262
6605
5519
1581
7116
4819
2079
4261
4684
8372
3685
8586
573
2164
6984
2858
5129
448
4220
6753
9001
1801
3750
7983
3619
1947
842
8665
7321
4005
1074
3968
31
6515
5952
7095
7785
6192
4241
3111
7681
4312
8807
5134
8743
7503
2990
6424
3917
4470
5809
8236
9209
8358
5490
7460
2855
7536
7962
5168
3976
3413
6939
678
7297
9717
8554
4057
6211
9889
5072
8936
6207
1109
9072
4689
2993
8616
9240
6115
8956
4417
4747
2851
8196
2838
4759
1672
1025
8491
4239
249
8230
9072
9135
4267
7372
8128
7836
9026
8948
8932
213
4028
9398
6872
2028
8099
9286
801
4467
4239
8296
1846
6211
9558
8666
4088
2482
4459
4957
6881
3032
7719
5649
4822
706
7135
1974
4804
7316
4864
779
213
7166
24
4204
718
3453
1323
809
6659
2386
224
4024
0
1953
6383
2860
9576
5601
3284
5646
3376
4068
2066
5900
2493
8379
4575
6166
4893
6125
4482
3484
9602
3459
8082
4679
6187
5353
7947
635
1159
3650
8298
4495
2807
3695
5649
2869
4323
4274
2397
9202
4032
9218
7402
6145
5100
4123
1711
2339
8877
5156
5915
534
7904
6740
4422
6541
3870
1703
6672
4223
7653
2648
4486
9726
5769
7571
3093
8797
2729
1705
1842
618
3727
5279
9451
383
6056
1936
9579
2064
3642
5607
1757
6002
7734
7764
6590
6067
9273
9108
8998
2619
7601
8174
1548
1383
4731
7676
375
7528
1030
2913
9609
7172
3313
5297
6806
2625
7288
4038
484
1933
2123
4608
581
2046
891
8484
1992
8005
980
7025
9524
3621
2706
9222
3016
5553
3730
8068
5651
8380
1561
2051
1033
728
5997
4584
2688
2437
957
3965
8778
5234
8623
7064
496
2992
7593
9502
492
6247
5684
2370
6547
4004
3388
5988
4465
4091
2280
1253
8895
9220
8386
2104
372
72
3575
9852
6048
6306
5795
9554
7047
7015
8247
4289
4998
5641
8726
23
7959
4227
7575
9404
2696
9190
5503
7029
7339
9
118
8597
157
9704
5070
9558
6847
6519
6692
424
9417
7740
3454
4185
451
6129
5322
9531
5757
9098
989
8824
5364
2256
3293
4667
1644
8982
9407
1182
4568
6545
2512
6038
6188
7198
9397
7343
1945
8688
7442
8478
8949
8302
605
219
773
3390
8953
6566
3867
5971
1272
8240
9020
1294
3232
7900
6410
402
7913
7865
7111
5509
5855
2872
5228
7416
7997
3253
6731
7979
7586
7068
1656
2510
9874
7062
1650
3074
3894
8253
29
2841
7314
8596
5273
4271
7018
4893
3965
1497
932
1543
774
9576
1367
3439
2446
7733
4990
3357
5393
5699
9834
5887
8385
4204
6584
6509
1419
6170
6249
3336
6508
9660
7836
4270
8195
7258
7599
956
397
3103
9288
5234
7047
6042
6293
2080
1143
6435
4615
3917
8083
537
2860
4329
3006
1426
211
1068
7687
508
3473
7794
5247
7595
5035
1114
1740
7097
5244
5188
133
4033
2959
2289
6411
4600
8840
2342
7910
4503
5366
4984
1555
2331
5252
5970
6799
3507
1263
6768
7047
6530
3269
9889
9629
1493
9986
9452
1007
5178
340
4045
1191
9427
3783
4049
7577
570
7917
8406
2586
7868
3158
3183
5142
8489
6239
2915
2342
9064
4315
8232
5833
8475
8140
3603
764
3070
2660
4918
4613
9387
1334
2732
4163
1320
3793
2127
8548
1202
8392
6229
5589
2857
4181
9178
3372
85
4746
1140
5254
7070
7109
1943
863
2107
8211
2715
1286
180
3285
4507
7910
2999
3792
3198
6533
425
9019
3821
4695
4111
4367
1140
671
8085
2643
2976
4293
8962
230
679
8323
1519
9663
7542
2278
9391
1868
2056
3109
1077
841
8367
7917
3885
8319
2590
9064
983
2644
2946
1065
925
6444
1142
2703
5969
1272
2777
9464
5235
8421
2324
9950
2606
6183
6390
3335
6250
920
7142
8557
6962
712
3618
3270
6000
3222
6785
9766
53
3911
3310
6317
7283
9613
7398
5075
8521
4839
6309
8119
9091
2592
7873
2655
8517
8417
5311
7701
1928
9254
2814
62
5502
4389
4102
212
2826
7872
6702
2746
4486
3010
9410
1324
5111
6006
2666
2992
8785
1314
4814
1411
4610
9023
9465
4370
2838
962
4752
7583
7911
9084
7838
798
1097
3247
814
2894
5510
7185
2249
648
8136
3563
3632
6080
3181
6549
7544
2510
5750
2318
8915
613
4439
1402
5452
6479
4923
9732
7374
1864
3119
9119
4835
5401
5172
8612
226
1863
5192
9772
7482
1599
9065
4165
3274
1047
5390
3385
1188
6289
3417
2242
1832
5592
168
7224
6358
9694
7795
4335
7970
5777
9811
384
7528
9017
8727
8231
907
4569
6322
5680
7318
5978
4836
7315
1547
274
8127
4404
1089
1538
8544
1084
8446
877
7286
9242
5233
7947
2253
532
4068
857
1801
1704
1788
8680
6637
4257
2319
7158
2477
6618
9966
7737
4923
5853
756
2852
5676
6084
1566
3390
3245
6432
7233
8726
1938
6650
1730
9484
2998
2960
2316
5790
1611
6461
4177
3132
5527
2866
3636
3870
2084
3930
9060
1925
1118
709
5954
1433
8486
2380
2270
6168
8965
677
7611
5368
4470
3062
6742
9986
2527
2834
4160
9517
4302
4175
6125
8462
1676
7623
7325
2810
2447
7696
1306
9315
7372
5308
7607
1229
696
296
998
617
689
6147
6825
934
8850
8808
8661
2465
6124
3650
1343
9249
9769
9542
7622
6942
4583
7492
9757
862
5055
9460
3720
1269
9371
8295
7996
9161
5454
5513
9289
2230
1836
3542
8828
8154
7350
5191
9611
2867
8962
4860
6685
8797
6352
2056
9545
7829
7686
664
6645
3204
539
135
5562
1228
2427
5555
1562
554
811
9500
7010
611
4361
9112
7413
6226
714
9467
9592
9392
7880
6889
1900
195
2775
4923
4916
7315
8749
167
1475
4789
8867
6085
1691
1700
7979
7600
5727
1795
3628
9057
2055
9462
7849
6074
4436
7240
4642
3319
7115
8218
1072
7252
5323
3649
8235
5367
8453
7503
639
4246
1805
644
8025
2221
1743
8275
7421
5712
8247
3113
3739
7797
5764
8823
4834
2438
2345
6700
487
7676
2672
5430
3051
3256
3717
1615
761
8041
3465
2611
9147
8224
1156
9381
7251
1411
1437
5627
4330
6160
9818
8930
5072
4001
4479
3275
1488
6500
8815
5796
3022
1752
7015
2962
1574
6374
7592
4768
8504
127
7513
9380
2246
5635
3966
5515
6641
6382
1571
3423
1001
6718
2369
4327
7857
3741
358
9050
8776
441
127
4260
9226
7669
9589
7394
1208
8193
7807
877
3818
6668
7123
4202
8646
438
6684
9436
35
8964
6633
5106
4929
5392
4795
6304
9382
2688
5104
7832
6016
8542
5992
8062
0
3252
153
4577
6045
6571
4306
8447
8574
694
9604
4333
9594
8167
5680
7419
7057
921
9015
9812
3807
5021
9331
3833
2873
3285
8012
8519
3088
9975
4860
5275
676
9061
4202
5393
284
2106
3391
3463
4657
8186
6531
4235
5787
462
6709
1215
7008
7685
774
5095
9527
6179
4254
4979
3921
6320
1703
2759
8558
5787
5359
8598
5833
4329
3657
533
3964
286
7134
4950
7529
5551
5155
5621
8489
5096
8046
2411
6576
6797
1511
5403
9201
9765
5747
4496
4806
9222
1472
3964
403
632
4904
8870
2826
7933
8401
1458
6805
6176
7250
6721
550
5823
7565
3975
1024
8632
6490
8824
8273
9292
6182
1761
4275
9956
9397
6068
8581
9160
5726
4742
8814
3170
4547
6896
647
6284
2795
555
6695
6588
5605
400
9547
4789
4852
3377
2199
1772
3472
6173
2731
2647
5690
1110
4449
3143
4594
2870
8536
2333
2876
7644
449
2507
7906
7380
1275
668
3328
4739
5837
5934
2129
1685
3686
5782
2214
9485
5104
6019
3868
6809
5688
9552
2010
6167
7479
3437
2446
7503
1690
9925
2019
4362
3711
7961
9951
7039
6883
7472
2102
1531
8443
8732
336
6796
517
4005
7424
8667
929
5109
7766
2516
8464
6067
1956
896
496
1739
9900
7838
8222
5824
3049
5912
3915
7767
7973
5725
5831
5174
2602
7631
3917
2337
8365
6955
9216
5214
5649
3473
6013
3779
6574
6580
2158
9502
5897
7643
6005
9054
6542
5143
7571
4263
3308
2618
5683
4424
2881
2750
6031
1698
2836
5754
2506
134
8599
6127
7701
5000
1680
5282
6089
6426
1825
4442
9249
6468
3753
4412
1870
329
9719
6776
8632
7458
60
9654
9028
5747
1272
4791
2332
2899
7442
4314
943
820
4074
2024
903
9769
9942
1004
7374
1259
9053
1144
2437
8866
3368
9215
671
8468
879
5701
1979
6059
7122
5048
73
8945
7099
1954
3728
6888
2949
3190
8984
7511
3499
8429
2394
1728
3508
2100
387
8715
9401
7372
8404
8916
7216
162
2378
2056
4120
3863
2019
1740
2335
4883
3697
9026
1951
1958
2670
7988
7275
486
8309
5863
2159
4926
5366
4939
6821
8943
4960
8778
5314
3263
6657
9750
6643
1157
1729
6937
9575
1671
2768
9086
1170
7244
5176
8616
4731
3367
9777
1550
9430
2399
1439
8915
9062
2541
6756
2289
4795
7439
5235
5177
8903
3240
6425
9071
8225
3947
2383
793
229
5733
8412
5604
7717
9223
4692
4914
9749
6750
207
3453
9165
3409
9348
2915
1824
7741
687
4101
4400
9439
2141
2136
6436
7591
182
7930
819
6104
390
784
984
8983
1321
3697
3986
5835
1198
9838
7849
1842
2539
8045
7232
1782
6011
5493
3892
3510
7247
484
3259
8281
6393
790
3592
6275
9168
126
9041
6762
4095
3645
6360
9422
2468
182
2088
5651
8928
5988
6543
848
6252
2558
6899
4095
4904
4653
1580
4688
4038
7308
8857
9906
7524
2703
2589
531
104
7711
6667
1071
797
1087
7746
8894
1685
7809
9314
5828
3405
8240
4581
1258
3940
2410
2029
3835
3890
9496
1371
4514
8546
4352
2724
6786
4787
6453
1898
9765
7592
1557
5546
1217
9321
5471
51
5164
4811
8004
2410
7095
5338
5751
1283
5797
2726
7599
5965
5113
673
8754
6640
608
6339
2152
2525
6445
8363
959
4107
5231
5910
9549
8236
1848
2694
3364
1936
8469
2359
6864
9024
5886
7085
4276
9175
2795
3069
6926
4059
7188
488
6785
9091
8838
4917
4937
4877
7169
2945
3606
6801
3851
3897
7179
1184
5789
7514
9434
3103
9361
5662
7496
2753
3808
9730
753
3523
2063
2976
9730
3375
1436
6900
6918
4742
9125
457
9398
6931
7756
8487
4767
5523
8753
62
5172
1989
9906
3091
3385
5280
3634
3823
4697
1526
2992
4031
5283
9107
4163
1414
2813
4192
3215
230
5365
6951
6978
2436
2058
5332
8116
2503
5347
874
894
1973
4000
3745
4557
8764
3616
8971
9590
4450
9740
7612
2202
5392
1750
5094
5174
290
2768
6341
5673
574
2307
8522
4697
8221
5010
7470
1033
8053
7163
1130
8476
3823
631
1018
31
1537
4549
5398
7797
3842
4602
8764
489
7752
4749
1585
685
6964
157
7825
9735
9005
5200
320
9665
5477
9048
6336
3753
6146
7938
1536
7286
8609
9136
8378
4761
731
5063
3636
5740
7369
8543
1831
5972
3542
8032
6944
3472
3425
6784
4068
7895
9338
1395
9470
8622
311
1353
4553
2489
8213
1644
1651
5903
3065
1478
1880
8615
6370
6824
9954
1901
6521
2084
2366
461
3369
4347
6122
7444
2103
2864
328
9362
3869
3641
7948
7214
9665
9756
4450
9378
509
1147
7527
5725
6892
5927
2907
2064
6152
8329
7101
6601
6830
2167
1374
7253
9028
9009
5253
5963
5230
7109
386
5349
1316
2288
2033
9423
3530
4665
8949
6614
2373
575
1391
5373
4557
6640
3568
7441
1439
4058
1291
3774
5762
3727
2532
1701
2266
694
8186
656
4503
8486
4147
3400
761
2178
4409
4604
3894
3483
8533
1487
9379
487
4227
6254
776
6001
2696
2388
5440
7811
4523
1172
5817
6611
9586
7588
9756
332
7157
2836
6479
8293
2110
3886
6428
7991
4612
2378
2231
8964
3547
7955
5524
9804
4394
5275
9499
6277
925
6265
7997
5798
5215
6691
3962
2975
7582
4149
2592
6820
4847
3561
6326
5697
5008
1086
8376
340
9825
2785
1389
317
156
6476
4264
6567
5647
6013
2217
4311
8089
3478
9406
891
4838
681
3077
5419
9923
3453
408
462
9786
5411
4116
9985
1629
9826
4795
3308
6898
9158
6452
8140
4876
7679
5641
8739
2427
7394
7327
1569
1932
8280
8730
1369
4154
5435
859
4327
8008
2957
416
6372
2376
926
531
4745
2360
4278
4938
5820
1217
8908
7412
8931
7026
1266
6014
7158
5039
4338
2992
2528
6125
8838
8530
1505
6680
2747
5830
6193
8967
468
5300
3941
8741
79
5763
3950
7148
896
6378
8148
2456
1507
352
3023
868
9799
4342
2888
9420
3701
9287
3670
9964
7888
247
3538
2396
9026
8064
9613
8448
8744
6853
748
3608
3471
189
6947
5502
2064
9
4142
7959
4844
72
4618
8485
5506
637
6880
8404
2942
6773
5266
1180
1629
3976
853
9831
2225
1553
8122
2832
6765
9700
3711
4653
9603
9415
7396
9610
7395
7385
7355
3691
5145
5710
5120
7815
5629
5052
6890
8388
1183
1208
5505
1971
1587
9568
1978
9495
9336
7115
3277
511
1887
1310
1193
5143
6361
9964
8882
6091
3240
7270
1008
5557
9418
1574
6035
5919
8855
3038
4202
7173
4663
9733
1648
5557
4194
1740
3066
35
7436
7901
273
279
4107
6844
1804
3834
4516
9977
1454
5665
6169
799
5148
3913
199
9948
2553
12
3532
6059
639
6298
2913
6103
5847
2153
9662
5636
948
4621
6897
8846
8654
5339
6996
728
1449
2573
9770
2200
1402
8878
1584
8536
1003
3864
4585
7734
5357
4246
9186
3054
6502
1377
7261
3975
7366
8004
996
9650
4171
8879
9028
6832
8767
7323
2144
9809
6916
9470
8498
9979
241
1331
4656
1761
4714
4376
5100
1982
7568
1927
279
6702
5434
3843
2343
7277
8077
3020
3362
3445
1576
120
8028
2523
9850
4751
9768
3680
1720
4776
818
5886
5747
9207
2812
5170
6720
5500
9261
2989
2904
9014
2081
2244
8600
2325
1398
4924
4979
4867
1731
3895
6108
5053
8402
121
3303
2133
1910
9962
4607
1419
262
2791
1109
4392
954
6226
1030
7172
556
2576
3759
372
540
2562
8038
5784
3922
7524
3352
4844
8700
6852
3044
6922
9778
693
804
2691
1867
4587
3589
9298
8382
1484
8751
9289
1135
4207
1371
5172
3894
7806
4311
9155
136
5735
4512
5840
2083
7518
8210
4386
6610
9763
2719
3410
9747
4186
4614
260
5422
8339
5305
5968
8986
4460
1990
9056
3810
8748
4649
9715
6152
8180
950
893
2541
3889
6786
4043
6180
4963
607
4349
6376
9203
2688
8618
8764
5341
9542
6948
9593
1110
9749
5554
2501
8342
168
5676
3744
5456
2029
3334
2869
8495
8233
8430
8813
1825
868
5858
7400
570
4079
458
7731
955
9592
9783
1771
3371
291
8469
9205
7700
121
5041
8430
5395
8391
4199
3720
1109
298
724
2933
7273
1480
7881
969
4257
9805
6938
4472
3684
9548
9022
7031
9291
7822
1545
8750
385
3904
373
5164
3560
4128
5168
8374
3191
0
3418
3433
6669
2137
6290
272
3355
7524
458
9475
1710
8813
7514
3566
3352
3996
5521
8152
1098
8010
9139
7572
6846
5448
3334
7205
9924
5559
9373
3144
6311
9506
7777
4257
6387
3505
7802
1546
3257
8750
3675
1766
7364
2069
7039
1572
6390
6807
1811
9563
8607
7015
7275
5181
861
5845
6587
1220
8803
9085
347
7795
8151
7314
3164
2203
1035
3256
7178
9847
6193
3975
4895
2348
4334
7372
207
4776
8409
1762
814
3117
3748
9809
4536
9295
2231
2596
3396
541
6917
6582
2743
4171
8402
5880
3615
50
8905
4835
536
3133
9628
1964
3369
4632
2120
4927
846
3488
5637
1811
2811
7040
8271
7230
4047
8341
2777
3868
9972
8439
9859
6637
2930
9611
1231
724
3946
8454
3756
157
5871
3574
1226
7680
3489
1783
6440
9904
7175
7303
1750
9907
4903
5106
3771
5702
5900
1172
1833
5274
7272
5036
4862
2097
3274
2990
9033
3758
3400
1396
981
2392
9732
5479
5940
9236
5814
590
3740
2263
1901
2873
6693
2669
6688
9951
1733
7823
5840
5528
4824
2774
6620
8482
2885
834
8711
9128
4406
498
2750
2681
6503
5779
6322
9357
175
9424
9166
4534
9888
5309
7431
9570
3373
4399
8343
2193
5408
3322
1257
1210
7917
7872
6571
8206
5771
1249
2594
5105
525
6685
6183
3241
9513
9219
6369
913
6346
7330
9776
2308
8657
1306
5640
9514
5342
7050
5108
8486
2490
6518
3720
1084
9240
1539
4763
8631
9207
8115
3586
8925
6830
4060
4008
3202
9125
4190
57
4154
8029
7429
5846
8077
3546
8948
2552
6611
2231
7057
2864
8721
6141
4108
2615
4007
2965
5099
4000
7973
4455
7737
1706
8231
3744
850
5478
4597
7297
2437
388
1152
6993
954
456
5060
671
5642
7538
292
8987
8152
6399
2150
5250
4864
2784
2721
1444
1
237
4026
189
2083
9699
292
5723
7615
4332
2695
3469
7955
9313
9794
6668
1712
1728
5186
3651
7555
3335
7322
7561
3708
8986
6302
1338
9556
2980
8880
8065
2757
3152
7295
2200
6362
962
4909
1255
163
9336
3055
1309
4842
6822
1031
8838
6605
5481
3538
3135
7597
9070
3889
6665
2914
6464
6480
3097
3396
8954
6167
4635
5452
4630
712
4803
