8771
2366
8484
1539
7913
3787
3476
9759
3988
4326
8783
5709
7246
1856
3025
2105
2561
9215
1760
710
735
7108
3341
5565
7455
9584
621
3493
5523
7371
6425
6654
2872
3289
5695
1109
9705
8486
3050
6622
2002
5716
8110
5897
502
5965
4010
3509
1776
1791
2044
6209
6905
5834
9592
1663
9025
2919
4083
8329
3165
9983
4236
6617
7900
2129
2836
3957
6161
1915
2399
4074
6165
5137
8708
5018
8997
7443
5062
1490
5573
7111
1717
3732
5327
216
9748
7038
3696
4031
2083
6786
4402
4720
3456
2018
1480
1493
7996
8373
3128
53
7348
9861
9392
7969
44
1767
7125
4573
2665
1582
7857
2593
2756
6053
8266
504
1289
7684
2380
5798
260
2129
9831
5613
9672
1444
1680
6689
3538
7504
9447
6688
8361
5520
9763
1856
4339
7358
171
7980
9912
9122
1365
501
8928
1809
1964
7403
3752
975
203
311
5992
7329
9793
5218
29
3778
8297
8599
86
435
1035
5161
2134
1168
4231
7235
6290
6410
6164
3931
7512
4400
5886
1137
764
9330
6684
7862
9479
4277
2937
2562
7300
9135
695
1032
5726
4544
1826
561
9060
1572
7893
9476
8087
6203
8366
7760
7577
4728
1112
7342
4811
6272
2799
1592
1443
8655
4454
698
7094
434
9119
5809
7498
8472
7861
2999
472
3199
1509
1745
4583
5603
4870
5940
6506
6409
3049
4560
963
8924
284
4751
3164
5594
7751
1027
6336
9102
9588
7071
89
1128
3467
8626
2452
2084
1977
9615
8342
5366
7288
4378
3219
9367
2759
9208
1402
6858
5086
5033
5605
9894
9734
8170
149
4368
2644
1904
721
6834
6663
1369
3610
4437
1655
3455
2135
6244
3488
4421
4431
3434
6218
5596
1636
5906
1531
3797
2835
8542
9625
9477
4016
4555
1465
195
1393
5297
8476
8083
9440
73
8894
1507
8703
5918
767
8782
7711
9303
7072
5158
3370
664
601
2171
3675
4137
6533
4243
2837
8846
9068
2178
7208
7185
7353
9055
2971
1460
2062
6838
7767
5404
4981
4358
4540
4710
6893
5717
5139
2749
6086
3532
1470
4467
6107
3351
3953
9294
6519
7255
8763
4233
5246
593
1005
6715
4299
1517
8565
1711
5810
6251
7241
233
7390
7965
5682
6243
7630
8965
7244
816
9104
87
2760
5536
708
2741
1078
4001
5102
3677
4940
4806
8075
3534
158
4388
3352
7824
411
5375
7152
3427
6939
9835
6290
1236
7076
8141
7668
7709
1663
7554
10
7946
5129
5158
7833
5469
6006
1557
439
4564
6609
2132
1311
2434
2158
3856
7807
1294
2891
9805
8554
1868
3664
5676
3148
2924
9245
9472
5665
2936
6332
7392
2013
7385
4796
128
8404
4999
6554
7883
1818
8854
4936
2587
6818
4806
8524
3855
9078
3219
334
6374
4818
1857
9000
8141
4282
9452
2010
4908
6223
6534
5891
7502
8231
9216
118
3925
7638
2029
5452
2808
4740
5008
7987
9699
6932
1076
8858
8342
4400
5389
393
2445
2602
9958
2574
156
8385
6654
5846
8951
2988
1645
1659
5283
2962
7434
4356
7602
4687
4598
6217
7049
7767
7526
1634
9810
3869
9300
1209
3205
594
3668
508
833
6141
3446
4900
8273
6641
9962
5539
984
6182
6500
9819
3094
3348
2704
6737
9497
6720
1255
3654
9801
9172
3344
4678
5075
8323
2764
6287
9084
5444
2640
8357
9320
1137
825
9142
9516
2534
6082
960
4725
9058
5232
866
1267
7707
8539
6461
1164
2563
1711
6485
9338
13
706
1660
2796
8767
9824
9949
3877
3675
6455
5540
3541
8143
498
1956
2522
3562
7221
6963
638
295
8929
742
3939
2478
3410
7368
9784
6302
5122
6521
3732
6155
9018
9306
430
9165
6345
748
2710
6132
7083
1049
2603
9692
7324
3124
7208
6583
3939
7602
5341
4748
5847
9043
1083
9964
7721
318
5356
2455
165
7574
8553
9933
1807
7386
9124
1192
1526
3357
7217
6472
4253
4505
3211
7879
8138
4247
5153
286
160
3201
2363
7519
1180
8984
308
9974
8223
466
1443
6027
5391
254
5966
9509
2496
2670
7884
9938
3999
6016
5056
581
385
8868
494
1341
5831
3203
1825
3473
5164
5070
2294
6964
5210
1033
8753
2823
7078
9150
2968
1059
1913
1189
1081
3998
8539
3702
5383
5468
6362
5215
6287
4144
8144
1781
7134
2311
8489
8967
4143
5019
8641
7970
862
321
7960
9001
4298
1463
3916
5061
2860
4849
3047
3997
8668
9195
7787
6496
2801
2128
7820
6356
7111
9948
8782
8149
8820
3429
3898
6442
4334
8110
5007
7949
2418
3943
327
759
6038
9537
9404
3919
1551
1301
2355
1438
1097
4147
3113
7939
4523
1993
6165
2014
7198
2284
858
913
1538
9810
180
869
7565
7474
727
4749
9841
5097
1578
4724
8868
7027
457
3263
2724
3900
4804
5810
7593
7343
7052
4673
315
5959
1918
2340
1945
2993
750
133
3084
9413
9220
6227
9357
8535
6354
4077
573
7606
1596
6000
2568
8388
9071
7495
1535
2901
9289
3298
7479
5048
3320
4195
2758
5507
553
1606
5555
8386
2803
6848
4346
1445
1640
9454
7806
4230
3906
4189
7545
727
5236
9986
5747
1052
2105
1926
6887
4422
805
9043
3703
7452
2653
8036
6093
5025
3468
3849
7981
4748
8521
2187
4802
4747
1653
1122
6748
9616
9689
7305
8994
5100
5752
6752
9811
3333
8447
1706
3401
8626
4718
1133
7581
3759
3145
6893
8791
3603
3361
2781
761
56
6207
2797
2206
3048
5184
999
9398
982
5178
7271
4733
3499
48
8603
1700
5901
8224
2759
6577
1761
448
9355
30
7388
4606
1043
1602
4759
2330
3145
6254
6908
6543
8938
8892
2954
4546
6763
8149
7448
2308
2418
3448
7446
6399
4081
3710
4541
5192
2890
5378
602
6203
8999
9608
6852
2766
4818
8442
4140
9396
4638
8652
2033
1017
7825
6955
1110
9710
8746
1354
1461
4610
9129
9453
8029
5906
2584
988
524
7332
7060
9566
9439
7766
5652
705
7544
9330
2040
188
9728
8320
4008
8052
7669
3766
1415
6428
8574
7125
2599
4831
6446
1535
3917
5991
7074
9545
1578
945
182
3829
7917
6807
2335
5072
9212
4267
5365
7120
9411
1780
7669
8557
1626
3140
601
1076
1784
4263
4491
6155
2414
3399
4733
2229
3119
7903
3848
9660
3630
7998
7751
1094
6
5898
402
7201
5716
2596
4553
7148
1063
1454
7713
819
7161
7888
9909
776
5389
5997
7761
7314
6454
4026
1415
4518
2074
106
1952
1308
418
5704
3489
1413
4028
6575
8551
5728
2737
3400
5359
9187
9709
7342
5092
959
5685
3913
5067
5231
7994
3072
4270
7633
237
437
4639
5979
4483
5884
5126
5610
644
3245
6729
5358
7965
6300
6790
586
9336
4181
8038
1989
637
8573
7604
9111
8933
455
8833
8160
5038
6721
3313
7346
1433
5855
1176
3591
1935
2571
1245
6853
8273
9748
8542
6464
613
9734
2994
9385
7122
4481
5894
3813
5033
2281
6995
1663
2832
5528
7046
4027
7051
6966
572
3923
9931
9383
3924
2109
5124
3199
8650
6764
2935
1184
3715
888
30
1140
8498
9199
7461
9448
1037
556
826
9499
2312
9152
8859
9512
758
6407
5525
7217
9802
1307
9176
4619
6532
1229
5809
885
4260
3923
5830
9129
877
3848
8566
6107
1633
1692
7029
7847
6566
7603
5928
15
3096
431
7071
4772
3249
5612
2440
2243
1239
5718
1382
2408
1712
5410
4607
7269
3389
6575
5187
7114
4726
1697
8621
8464
586
2752
7878
9066
9378
7678
651
2199
5378
9160
1522
6101
4158
1037
7635
8648
1482
3587
7889
5159
2466
6157
4394
6222
7085
9759
4457
9990
2415
8814
5289
1398
1809
8606
4186
496
7733
3374
2864
3560
5066
9183
7029
2551
3888
8506
3111
2352
8939
6538
5631
1138
3807
3462
5997
4428
8357
1655
1980
9618
3221
661
9783
6564
3871
124
4291
5551
6851
7138
914
8107
722
4329
93
3282
9128
1843
2334
8579
6648
2105
1050
5876
3182
4150
7590
8347
2608
9758
2139
6077
1393
3246
339
4405
9399
465
8680
3763
4214
7559
5501
1801
5624
7523
415
9478
3368
2715
5299
6514
9321
3401
2969
1115
9610
3907
3381
9720
2533
5943
2942
7093
4999
4836
6714
7476
3989
5688
3883
8663
3163
8570
4364
9088
6603
9249
252
5659
3735
8111
4978
9893
4458
5624
6756
7991
276
9223
4794
5492
7083
8959
1230
8271
4617
8408
6801
787
809
2939
5489
7680
8831
6636
3351
750
9037
3881
4512
361
3654
7722
5985
4421
964
3048
2634
9375
8080
8722
7200
4765
893
8391
1579
4203
7339
6093
4471
8195
2448
9465
4850
795
2622
7298
1062
7821
2272
6006
8954
6395
4711
4432
1837
9361
2974
6809
7306
1568
5773
7425
2706
2086
5739
723
6786
439
5056
9148
3410
2944
9409
6316
7913
4189
2872
5189
1799
3666
1986
4812
7102
2074
9767
804
54
6461
6554
2218
1228
530
8787
2902
2422
5022
6758
2763
5056
1898
511
622
2765
3124
2595
6010
6985
8394
6519
7647
6489
7785
5009
3639
9582
960
323
632
2319
4934
669
325
3885
2838
7919
2879
4157
6507
3894
2890
7431
109
132
9900
3155
1363
2047
3977
9478
3757
3819
1659
9941
8906
5728
3443
5520
5147
3319
1461
4699
6125
444
122
1228
185
6736
9927
5205
9715
1853
478
4500
3628
216
6380
7652
5108
483
8219
8913
6345
1153
8561
1115
9010
383
4979
7109
4475
7358
9009
3187
2433
8191
1305
9665
10
8672
2969
4626
2120
8772
9763
1904
3340
7158
6312
8689
9348
5790
412
4663
5100
2547
8354
4971
1882
9006
2218
9801
1757
2817
729
2356
2844
7290
2067
5437
8911
6715
7642
6436
7514
3592
6793
7572
1390
6657
7774
1851
4071
6289
7761
8685
6946
4345
8087
9885
9836
6333
7782
1003
6453
3167
2868
9302
8043
7406
9060
6049
5091
875
9778
2632
8148
3975
7149
1507
5754
781
3581
5225
1231
366
5730
5468
5056
2044
5409
8498
9203
2182
5600
2577
8932
6638
9983
4346
723
7490
9529
3983
7596
1725
6760
3195
6510
5128
537
2971
7195
6580
4130
9055
2752
2557
9772
6086
7436
7400
4246
5998
1996
561
6846
2908
5274
7201
3699
1509
3991
2803
783
8263
1251
9597
7628
9506
3606
2534
8958
9927
1506
2438
1303
2622
8051
6545
9825
6375
6866
3896
6909
3323
3244
3530
1987
7035
4878
3851
7921
9309
1428
9027
8980
4392
5796
5866
7803
3154
4928
265
2480
4902
8442
4318
4491
9558
9258
4223
4856
8729
7376
7324
4643
94
5893
7460
5019
7721
7610
592
4628
9754
4613
9648
8499
2479
3457
6911
6826
2185
8741
6670
1447
6600
1416
2007
4881
8926
9038
2428
7777
654
8995
9192
1933
4104
4384
8885
8498
8336
847
82
5544
4335
5637
2726
288
8793
5818
2012
6100
2346
7397
2671
9987
705
5877
8042
8678
3886
2578
6092
8682
5181
2815
3974
759
5420
7715
4395
8095
4572
8412
8489
1337
8659
1126
7111
963
8690
1718
6087
3107
7026
6327
5430
3256
6323
9205
1227
8227
6341
206
4612
5757
4754
1400
362
1520
1663
1966
4868
1077
1423
3916
1528
3934
8908
1333
1328
9579
8765
7078
9988
2168
6490
2985
1655
8854
7384
717
4435
6215
6487
6168
1753
4366
3800
2731
6583
7258
763
5590
9300
6723
6850
5009
1684
3109
4799
1496
4347
4990
7876
1648
9461
9262
217
2443
9266
1769
9744
1508
4136
945
7531
8652
4589
5255
2162
7161
133
6176
4750
4069
8815
3175
7778
3265
5317
1481
1301
8546
4054
5888
6369
9445
8338
4839
6706
2491
4148
1356
3464
4813
7514
9255
1454
8355
9191
8197
419
6428
946
7637
1362
8171
239
3806
2832
6285
1484
6952
7126
7785
468
1197
7453
8247
4575
8086
313
9750
8548
9671
3013
8777
2712
9936
6555
9560
1721
9423
4074
7120
1061
4872
7599
6416
4526
8198
9205
4531
2007
421
1007
7196
4230
5678
4345
6316
1801
3206
3779
1105
7883
669
7880
1274
4624
2585
5458
303
7251
3271
4564
2060
2877
5
6724
5595
3597
1036
3721
6376
8880
5781
7742
8127
8664
5816
4546
7033
5590
238
7758
8514
5643
2968
9236
391
6991
6325
1792
1941
2740
8902
7280
8736
5856
8946
4318
4224
8953
8749
2718
765
9485
7402
2224
2102
2927
9753
2610
8807
8038
8425
4712
7012
5513
6050
6416
9909
769
6333
8603
7272
9244
1780
3636
9978
8501
9006
2270
9718
1498
322
8079
6841
7520
6993
9028
8241
744
7134
7464
7238
3715
2984
3902
4314
4190
267
3223
9805
2529
4409
3455
2620
145
5445
1520
7705
3765
2246
3600
3920
7482
2891
7309
7716
345
7870
9492
8519
7021
8175
9164
3635
8869
1365
3557
6260
7877
9321
5787
8233
5783
2464
7189
7089
6866
5459
6695
2074
5473
1323
4475
8497
3533
3543
9756
823
5674
6186
3969
6319
775
4703
2783
4353
5244
9820
3751
8780
1888
5259
9827
4444
6458
5367
8137
5017
5702
220
849
4886
1175
7417
3046
5698
3700
667
101
5325
1609
2734
586
1691
5352
9468
7458
1080
9680
2835
1844
7046
1707
7914
186
213
1495
31
2039
8165
5406
4738
5121
5454
5336
9083
5143
3357
1656
7085
653
4577
9718
8425
7171
9153
4673
8136
9091
6989
7909
7057
5336
2866
8375
3802
3178
3261
7231
2832
4202
3669
8627
1936
9919
6870
7613
5132
6354
6269
4324
4100
9423
2595
2182
7267
7328
3282
742
1032
5539
3359
939
5049
256
8348
9401
2254
7078
1533
5904
1882
6125
8823
2882
6984
5949
7782
8505
300
1540
9541
1781
2822
2664
3808
7634
2741
683
1108
6474
9895
2518
6199
7293
843
2729
3578
1679
1571
7469
5358
8054
4820
364
2442
7974
599
9712
5198
1317
9546
4777
441
9491
5998
1577
8117
2384
6447
714
6660
1570
5969
5059
6008
9364
9926
1530
2039
4254
2371
6102
6934
2831
6181
1487
6961
2457
222
5834
7034
3028
5485
9791
6927
5118
2076
6707
1294
9265
4612
1193
5232
856
808
3787
2084
9761
4355
3078
8047
9068
7673
943
8945
3444
7842
7610
3309
4511
4616
5659
2162
613
3679
3631
6085
6178
8131
890
7287
3219
236
2774
9642
1178
870
6078
2022
2393
9402
7199
8102
7143
7786
7966
5355
4541
845
3483
7275
4466
3397
6783
4648
8952
9031
4619
7176
7177
7702
5906
1629
3465
5790
4828
8831
4898
1301
7767
2574
1764
5587
916
5108
7416
7557
5018
2826
5713
8276
1544
5332
4647
3614
2821
9821
3453
8125
689
2147
6251
8901
4845
4691
3496
5569
4636
1353
2957
9134
456
3239
3078
909
5510
8878
2481
1674
7231
1395
4012
1792
1463
8901
6157
574
6981
9850
2968
5007
5378
6772
611
5620
6322
2863
741
6224
1612
1846
2920
3665
9868
6578
7819
8305
2254
3738
8103
3942
7340
1778
894
9294
8134
4458
7437
5944
8534
2921
8588
4786
8384
7950
3756
3683
2628
7457
4586
2647
8137
6257
62
5384
8474
347
1923
4885
1081
7852
8319
3243
1746
9026
7667
3600
5878
1316
7486
1864
5425
4797
7689
8690
3258
8134
5280
1918
2821
4135
5676
4796
9151
5456
5805
1082
1716
5509
820
7786
2535
2552
4862
682
4602
5344
3039
9357
283
156
7805
1311
9971
2722
7222
3340
8567
1371
2125
339
5066
4
2063
6946
2175
3523
4092
6290
3220
6584
1883
369
496
9699
9329
2872
9934
7007
4088
7914
5094
5922
1635
2665
6330
4365
4825
6429
8234
2465
2514
344
3384
480
2719
2530
489
7916
8507
1078
1251
6749
6137
3699
8272
7436
814
271
3393
4349
3405
1560
7283
4210
5244
9143
8369
9397
615
7809
8697
7663
8055
755
4069
1539
6985
15
6980
6799
2383
2018
8500
3009
6662
8345
9785
7936
4393
8894
3550
4553
3036
3884
9059
954
3060
9173
5235
3575
4160
1091
7300
697
2380
3588
8693
5381
9629
6733
451
799
3290
6593
1966
1387
3060
4274
7547
6899
9358
433
5004
1721
4258
4144
4627
4171
1695
3114
8478
7811
4780
3404
2638
1291
4717
7802
628
3074
9651
4404
8306
7659
8443
2751
1262
6442
1918
7671
7894
8786
1625
8336
4217
3726
6086
5579
6438
8236
8961
4522
3685
6514
8254
2639
6018
9886
3955
674
6670
5257
3646
4473
7247
4953
2127
7344
3277
1507
2881
8185
2252
4024
5220
9692
6186
6444
9187
8912
5205
9138
1364
2391
4113
5129
718
1791
9405
5804
6732
1376
2486
1244
1001
2636
5140
7151
1088
9263
1599
8741
2301
4931
5355
776
2270
9661
1293
8562
6452
9574
698
5043
5469
7531
3892
1254
360
2118
4235
335
7939
7473
4774
1504
5698
1007
3022
2583
4551
9034
5355
9923
7312
6463
6836
6433
7035
3337
2858
1056
497
842
9351
7157
678
7443
5775
3469
8744
3885
6791
8969
5027
1264
801
4827
156
3851
5077
1262
6639
8710
4010
7417
4219
775
7730
9005
695
7459
4218
7022
9259
3178
9837
7097
8121
7617
826
8254
5232
9552
3839
666
2242
6386
4895
6048
5661
2009
6277
3184
8259
1596
4417
1787
6831
1934
2938
9902
9712
6769
2774
1284
9666
9768
9709
1849
1427
3704
6705
2538
3024
6823
6030
7086
4870
3344
5174
7832
5879
1682
3343
8685
1182
1034
8763
7663
8761
8049
265
6187
4678
923
8541
8462
6777
2555
999
2474
6676
3046
4621
1956
5303
3738
159
1436
5565
7330
6917
3487
6759
5105
4023
8030
3426
4088
102
8632
1005
2046
3087
3377
3439
517
7860
2101
8281
7567
309
2315
2345
2700
1156
2832
7061
1386
3382
7443
874
7326
2097
1430
1131
6777
9428
9572
6900
511
5036
2688
2452
2366
1468
4630
9958
1243
8517
4785
5877
8058
3154
7998
7021
4602
1142
4058
3949
1190
968
2039
706
2658
7757
3678
9948
1657
2245
6661
1089
8287
5201
7769
2531
7620
9862
9978
1232
6526
2874
5818
2869
8596
1566
2816
4171
4099
4409
6529
5635
5369
5623
5709
9542
2997
1982
9794
4608
7789
4681
8301
8997
1856
3696
7590
2857
5385
5466
9401
4740
1163
2826
7423
8316
5150
9169
2109
1092
4941
9506
5848
7247
5716
1025
5719
2664
9491
8227
9534
5638
67
5369
3442
1844
4572
6820
1013
4900
3975
9959
8786
8633
5008
1789
4472
2543
8200
7393
4392
3827
9872
8702
9667
8283
8832
1053
3281
830
7976
4925
3365
7158
5932
3762
4672
5794
9384
5578
3743
8330
8156
7209
7116
4982
719
7215
2239
3927
6553
3175
4463
2097
3834
5706
5765
1365
5702
5159
3011
3519
3539
182
6923
9050
6593
1628
2700
1245
7116
8678
3159
2622
3650
6062
5671
2663
1585
4685
7563
1616
8814
9354
4277
4800
461
1268
3323
225
7996
3306
92
4224
2566
224
4791
7974
285
8066
8388
9090
4514
994
6810
7875
16
1841
8447
7772
35
3102
9780
1016
7595
1395
4705
4184
5904
2123
8588
5325
8305
2475
3248
3810
8585
8934
55
3426
1271
7696
2377
3519
6296
8472
7101
7819
2544
6402
4784
8619
2820
5550
190
4894
3526
9075
6629
1171
5519
606
2069
8162
9477
3063
785
2039
7745
2999
9289
1081
1786
5021
6501
2338
725
6260
4720
9123
4293
6885
1640
9502
7338
9968
2504
2754
2284
8354
283
9510
2305
8884
7906
665
5627
4215
4041
3233
7687
5062
73
9544
7112
3702
6833
7799
9049
7851
4168
7265
4354
7505
6878
8633
8965
2567
823
9509
558
8030
9754
9391
2715
9778
8776
2902
7114
5836
6711
6509
2218
1487
1436
9230
6811
2096
2389
3636
3135
4705
3705
4433
4185
3017
5155
4799
2005
9273
1699
3060
3392
4532
2674
9656
5307
682
6828
7334
4925
3931
685
3213
1139
7659
5046
2867
6069
7647
1822
6868
177
7186
6374
5853
4325
5321
5205
9697
4623
3977
896
7841
4136
3651
3117
7686
8812
1779
3923
6128
5268
5055
8711
9203
4019
491
3293
6526
7970
2287
8729
4358
7450
4831
2882
6205
8158
6821
5330
9985
5476
7130
2710
948
3035
2844
9076
7488
4542
7360
4055
4289
3723
5693
1600
5122
8475
7170
1833
3833
2027
8679
1727
2335
5247
6537
390
9305
768
6911
9528
1990
6448
3937
652
8137
2344
7762
6168
1175
1415
5805
1983
610
8231
4439
635
1756
3230
7760
7730
987
4988
1497
7958
6796
5403
375
5700
6497
2453
9771
6719
7630
7831
2065
7840
9785
5041
3463
2777
712
1001
657
2418
6222
6696
1116
4103
807
5902
8634
6074
3008
9180
8540
7001
4951
5979
3855
2734
1968
2061
9670
8722
1643
9085
4352
2778
6166
6598
849
6714
9767
4982
7017
9985
4330
9079
1735
100
4287
6271
4893
595
3818
3697
3711
8450
9290
5063
2889
3805
1186
729
808
8651
1331
1935
775
7137
2343
8337
7937
4208
5052
1920
6306
8026
2163
8555
2670
5872
4244
3754
8446
5697
7168
9075
4903
7946
5374
5902
3488
1102
3709
7043
5527
9038
4173
8366
8654
2395
8303
4597
7757
5949
8333
684
5542
1898
7390
5684
6286
735
2393
7016
9561
7432
2282
5111
1482
2255
7031
2829
1763
6440
4849
6835
499
8009
6392
7268
3852
3796
9900
275
7568
9646
5996
2497
7363
6483
3532
3004
555
9689
9615
2752
8709
6692
7482
8095
6756
9061
6883
6398
5363
5474
2834
1316
1099
1497
185
7533
5506
122
1832
2489
834
2118
9448
9914
1435
9784
7747
4998
8722
4027
2273
2073
6824
2097
8126
3806
527
8297
511
4790
6913
3502
4911
2093
6811
4680
1397
5865
6298
5999
7498
433
7857
7125
1917
6591
7244
7567
6659
6971
1314
1884
7675
1336
3201
761
4491
9002
3371
6378
7005
7209
9610
7041
5576
7332
7206
7354
3102
6755
8387
1882
8699
2723
6529
1839
4215
9699
179
1535
6562
2959
1637
3540
3476
5028
5826
3574
8892
6050
188
2394
2494
9920
8993
288
823
816
1548
4585
9384
9889
4464
9904
8584
9432
3185
4952
4807
1362
6545
4792
8823
1835
9815
4046
5571
6070
3564
548
1506
3632
8462
7052
6566
5992
9387
8779
3729
6240
1016
3399
8150
5594
2151
6672
8495
1732
4955
4044
1843
873
8767
7529
9504
5395
3570
658
104
4947
4717
4753
7252
1000
3078
5752
1427
7412
3337
2591
44
4405
1223
8567
346
3146
6642
3229
9684
3143
5551
3839
1114
9519
8705
632
4865
932
7547
1171
2422
8728
8674
8781
1522
6262
6147
7150
2515
6399
5245
1082
8394
2364
4000
7437
9650
199
7183
6358
8752
341
974
6961
9396
877
3639
7732
2294
2446
887
494
9864
2166
169
1315
5730
2441
7044
4083
6998
9492
714
3285
7897
4468
5444
8749
5519
1268
981
4665
3748
1188
2419
2080
7754
1713
9384
644
2623
8415
4855
68
5512
4750
1218
6228
2195
2684
1706
7209
3155
3100
9359
9259
9627
7689
9063
4928
5433
4889
2212
1025
1465
6221
6745
8675
9747
8088
3561
4016
3056
6399
1460
8583
4637
645
7772
3146
3249
9215
6554
2834
9561
3771
1510
648
1828
3159
2453
64
2650
4456
5211
7733
6202
3830
8603
9290
8004
2542
6481
4107
9122
7689
4152
6755
1639
776
4622
8981
9916
5916
1678
6218
8334
9378
1464
7693
4711
6097
6846
6587
5634
3497
1366
8600
1188
3726
2381
807
2042
8482
5141
707
2733
2447
3712
1871
9618
4755
9008
1052
8536
3472
148
6733
2777
8992
9398
6823
2365
909
4579
1907
5695
9893
8472
5625
6323
5552
5566
7913
8394
3815
6938
1434
774
971
3484
5887
5665
9592
8074
9956
7089
5793
8051
2161
3349
4632
5822
2195
4328
5557
8441
1132
3903
3234
5011
2839
3974
8086
5548
4066
9188
1095
2658
4721
6533
8713
5959
1806
5507
3511
1158
2773
2835
4623
4817
9901
1842
6311
2276
1690
9730
3371
3585
2836
5374
5806
7531
7540
5959
645
1912
7579
4043
4008
768
5994
3135
3329
5627
4635
8673
4016
6688
816
4399
5667
8297
9279
8416
5109
996
7663
5809
3858
4335
5817
7510
9821
9346
727
1182
8418
5846
4862
1598
3578
8730
8827
3855
8823
6766
8513
683
7641
3016
5713
6682
2768
8436
9707
7509
8251
9123
850
9648
4249
1770
185
9672
4950
8484
3313
3983
4900
3452
254
8170
1826
9218
821
6936
9469
5424
9593
8343
2483
6980
8167
841
8622
9134
4741
1384
9639
3218
2931
9295
4995
5213
7348
1808
8545
9154
8904
339
3452
4529
5782
4189
2762
7543
4856
3549
7615
2770
8039
2827
9530
2506
7165
7269
3602
9343
1050
5816
3742
1928
4344
1682
521
959
3174
6612
1870
9012
8391
315
6519
9253
4890
7953
1197
3978
8079
1078
4278
1192
3769
6868
5178
104
9765
2489
8048
78
8206
9201
8104
3087
6596
1524
185
4100
3668
1802
4368
8243
1679
8602
4379
7724
6307
276
7616
9211
6072
9623
1264
9971
1538
2550
8159
7475
6503
416
1193
685
8564
1791
806
9189
2210
3432
2656
3366
7768
7096
310
6276
6709
6034
9512
5166
2488
7454
3797
9488
4873
8836
4006
8583
7937
8132
1549
4046
3364
2709
7597
3251
609
3683
9678
9888
7796
5189
5513
2874
7619
4249
1442
8975
9312
4988
3261
5503
3037
2992
4987
9048
6619
1705
5812
9728
7784
2223
1252
4078
1883
8610
1
5059
9499
7059
5667
3026
6356
9624
7370
7299
1941
922
1869
623
7394
5030
9270
2948
4870
6045
1008
372
7722
8548
6631
8904
7871
9950
2103
5572
3936
1434
991
9009
4247
6382
9476
2253
9321
235
9147
3412
5622
7687
7106
5697
9835
5188
2333
2754
2952
8303
9207
5837
7601
9629
7337
950
428
6762
5155
6406
7521
1797
3362
506
9930
2860
6375
1011
5554
7017
3627
4635
6897
7596
4749
34
1441
933
9068
2682
7616
9348
2620
5633
2227
5153
1407
4618
9045
8525
1825
2558
5080
2741
5891
3824
4325
6600
5767
6975
8813
1322
7199
5935
4675
4571
8940
5
4879
7302
9509
9494
7694
2472
8789
8172
9177
7729
8279
4776
1452
1757
1965
7029
5191
1069
9555
4155
1704
924
5709
4841
5165
2092
3869
6293
2149
6684
957
7655
6213
1402
9738
1742
9016
2330
4863
2607
3951
7718
4647
6596
8321
991
5523
7056
9356
170
743
3606
5016
4784
8300
3954
1593
4667
4328
5602
8603
2496
6023
2493
6771
623
8562
50
2018
223
8012
2861
6206
6947
203
3985
6277
9113
6520
4174
6569
6812
6936
1978
5940
7351
2638
1428
3101
5783
149
4348
8002
9261
4003
1455
1695
2154
9824
7697
2428
5473
5037
9133
2157
7882
7400
8069
4580
4314
7677
2480
8147
154
9033
1790
5559
4044
6552
9420
7984
7134
6948
6235
73
3664
4858
6944
2943
8748
2290
4123
9289
8822
1746
1095
1775
7803
9821
8057
9950
4569
6847
8786
8106
7669
6201
7847
228
2212
5895
7650
5601
403
9713
5294
8524
8802
9059
8493
3023
455
5125
5832
2024
3554
3191
9325
8408
7937
15
7756
4223
8495
9469
3414
286
8162
8128
2404
7463
7010
6716
731
2852
4639
8521
8885
9108
6451
2571
2973
8743
1328
5033
9495
9444
1015
6761
4551
4477
6876
9439
2291
2197
8139
3427
7106
933
6298
5007
361
673
6655
1029
6012
3739
4394
2979
7384
5032
4305
216
1956
5365
7042
9013
2895
3461
9974
3969
9271
1401
3576
7926
587
7571
4425
8533
4713
1212
1415
7952
2810
1444
2210
2299
2087
298
9020
5756
5050
8035
9376
9519
172
6660
7483
6925
5155
9126
532
3644
959
2329
5736
8960
7096
8728
442
8441
9314
5860
8266
6172
3617
6353
7405
511
3155
4742
6925
2596
4440
4217
8918
1235
2024
4057
7754
3927
87
7499
3377
5586
679
7770
6993
480
5708
3249
5202
3359
9856
578
6442
9190
9768
3203
5901
3819
9254
6971
3770
412
2200
7935
9203
6741
3410
4500
6936
3038
974
6514
8354
1814
2482
2679
5492
5847
9359
6924
4803
9905
9539
3565
2740
3861
7775
9728
1466
8820
8156
3934
4673
3115
3729
2965
3386
2744
8566
252
7070
1207
6313
2164
2385
3341
2224
4627
6707
7088
7711
54
4459
2329
2168
3864
872
8634
5194
5341
8965
3681
3033
8115
4882
7039
1841
5239
8085
9517
9293
2748
7280
9107
9854
3596
3592
7375
1180
9399
1637
3147
3021
4377
1109
8102
9475
2343
947
9864
2092
4751
7549
3224
1286
3389
8173
8197
7281
5346
1499
6984
6542
7189
7795
4962
2773
5352
2474
8572
272
3497
7454
5795
3704
5817
659
8655
7006
6779
7564
9497
4292
8220
7425
4542
5198
4056
7820
6464
5422
5394
94
5833
7899
4652
6605
5831
6582
6146
5329
4122
9869
2374
9592
8595
7296
1753
9520
5469
2729
9518
1191
501
7782
2001
2692
8322
9764
3253
9763
8717
7531
6010
3149
4877
3403
1620
7896
9051
9212
4828
2073
859
1450
3441
9628
1917
8627
8830
7245
3445
4535
2351
3735
5904
4202
9592
8051
5897
1960
8283
6066
3329
6382
6611
6591
3858
9225
4715
5192
5675
3857
468
6257
7901
7445
332
9051
4341
2372
775
9694
934
6008
6318
4181
5180
2274
7245
674
3810
3569
1998
7091
928
8761
8744
4476
4839
6850
5769
2692
3912
3637
1569
9587
4066
6094
5834
8459
3870
541
3710
3524
1184
8588
5132
7321
63
2430
1410
1584
1979
4040
1381
2106
1858
3377
5328
9139
8700
5855
4211
7491
6603
8083
5782
7296
4438
6731
114
9085
6440
8786
6804
3269
9859
8473
5906
2339
3629
1423
4412
2408
5439
4185
712
9872
2256
9463
7728
689
766
6694
9758
8015
6329
6219
6921
3101
2806
7835
2882
3332
2315
2325
5143
3193
7235
8111
2246
3385
7471
2988
5510
7277
1442
1803
2051
2417
7370
5909
5039
4975
9002
9425
8319
9745
9028
8789
6940
3640
1551
2804
9532
5793
8540
1079
93
3114
9042
7519
2636
4145
7216
4343
3218
7777
1184
2480
6572
4526
4167
4504
5730
6897
2795
7906
4330
2889
4005
5397
4165
8446
1171
8606
1833
4666
3456
9716
8737
362
1709
8937
3375
9851
3273
894
7759
4658
6207
542
8561
6547
2216
2414
9473
7047
7074
2635
2997
633
6749
7203
9108
3644
3354
4190
2974
8609
2510
8552
4321
1467
3743
6209
2816
5229
1129
5878
3624
1901
147
9671
6682
3462
6836
7617
6229
8756
9133
4785
7591
820
6718
8103
3613
4506
9829
9730
6497
9083
7920
9149
2148
7655
6221
7093
2804
6007
9597
4244
5918
1195
9011
1096
486
7077
520
5645
6808
5736
7960
4217
9476
7724
960
3500
4749
5639
2596
8310
5400
1398
9381
4540
3980
997
7523
9027
7241
9742
4812
222
9158
4889
8867
6396
1809
5621
7617
6535
3985
4183
2921
760
1122
3703
9673
4423
6695
2720
2344
7165
3411
1287
8844
4519
1813
4470
7116
9488
9553
1493
8404
7066
924
7738
5058
4586
8857
4563
1691
9127
8022
6060
4324
1216
8476
8620
3418
276
1324
3100
2332
4521
7397
7647
6810
7871
6045
4347
4582
7338
8505
8129
6982
2491
5779
5855
9836
3384
8645
5086
5565
2131
1028
3217
9142
7351
6962
7627
6043
3193
1052
6839
8163
6453
9161
3882
9668
3277
927
7186
8541
4510
9981
4353
622
9892
9078
1833
5437
2621
8783
34
1631
6237
7535
200
3492
4180
8504
9459
908
8417
8304
1388
6286
1665
9965
529
3330
1896
6187
6559
2456
1458
6545
1054
2150
6675
2595
9249
8273
5129
2190
3422
4409
1018
5208
1926
8917
8960
390
5487
4772
1468
6278
123
6206
8592
8067
8956
9927
8548
8503
3540
6433
2224
7577
172
9692
6480
8050
6817
1585
9254
1186
5779
6227
4881
6979
5267
6456
8038
1611
4369
1506
700
1786
988
5180
6421
4847
3557
8608
3638
9322
9724
6625
8649
6988
2185
3440
5035
2234
2436
909
3573
3901
5517
281
498
3895
1324
1612
2799
2499
1888
6937
4133
2034
5733
437
6589
4992
3270
1633
4492
8208
7947
9932
1462
9153
7578
7893
4794
1826
1421
5804
9174
3459
7933
6798
6269
706
4681
2525
3523
1945
5808
1138
7434
2786
2491
6615
1255
1747
6851
42
8963
803
6416
5364
5954
5585
8818
1344
6317
3431
6818
972
1078
6083
7762
674
4100
8935
4168
5882
310
744
8110
2547
2400
6808
2497
8676
6662
963
6638
3046
4975
1378
6841
8370
7042
2569
843
683
1888
3337
6208
91
5126
4835
60
1350
5023
1817
2514
2319
7579
969
9732
8218
2693
3869
2963
9146
3087
142
4682
5353
6792
3771
5997
9699
9242
9391
3631
1531
8091
3485
3994
6973
4536
8018
7420
7564
6748
1147
3652
4844
8449
4318
5467
4005
1646
8622
5677
3173
9605
1697
7595
1745
8654
854
3298
1355
8837
360
2107
5631
8185
982
4227
4093
6975
2758
3682
4675
6448
5399
2398
1940
6490
9838
6904
2474
8303
1992
8053
620
3714
458
1926
6394
5889
2248
8318
3681
4719
6065
8726
6387
9039
8021
6658
7466
91
1374
7030
8888
4939
1001
6725
4205
9299
5654
5255
8816
3949
824
3051
6845
2307
1487
1916
7727
9056
7832
8204
4726
4439
1
9956
382
6672
6010
2900
8469
3179
9438
2383
6929
4961
9165
5681
2712
3732
7720
7095
234
6993
9502
9731
3894
3013
1880
4080
7552
6104
8930
8409
2258
3169
2304
4448
4938
1045
6342
7533
3288
2754
6786
5637
4511
8441
6122
1884
3142
5806
9204
3994
1336
736
7969
7732
4937
269
6061
7368
4791
1929
5348
2365
4248
1028
124
3759
2656
4716
742
1666
7390
187
3807
7480
207
3864
5220
5452
6891
9996
938
1746
6899
4935
7073
1521
5200
4572
9510
4669
4984
8973
2741
1358
7405
4421
1388
3483
8317
2362
9227
8425
5063
7537
6604
1149
6929
488
7524
1072
5048
608
476
4795
991
3602
5465
9313
3954
8603
8559
8084
5206
6073
6682
8416
7445
2448
74
5786
2476
1737
7135
4529
768
2513
6682
9361
8331
5924
4591
4711
7047
8437
9620
4375
8496
7946
366
3803
8955
2074
9528
9713
3803
1142
3218
8989
855
8187
3703
4481
413
1738
8596
3311
3473
5947
4026
8478
6919
6103
982
8030
4011
3847
1037
6769
6453
2307
9919
9499
2081
6271
6831
401
2209
7422
725
9625
9294
7692
8506
143
2221
110
4298
5308
9841
6308
902
2549
3919
1888
6883
2852
1092
1498
5701
9956
105
6449
2536
8548
8268
4203
2399
4142
4907
8194
1102
6051
5221
4400
9184
9227
7596
838
5809
3901
9548
5728
6928
145
1405
7370
5580
193
9388
3978
9308
711
1720
769
9520
2844
5156
9958
1875
8017
7710
156
401
1646
5205
4850
7327
9519
2704
7656
5255
253
5688
1799
407
4376
9521
2391
7143
897
8623
2206
4753
928
8885
391
4330
4452
4880
6339
4070
7638
8963
7792
6191
9392
5327
5281
4939
6554
43
6060
7489
1731
8723
9055
5022
9920
361
5143
3323
2765
2815
977
9393
5503
5402
9472
2760
4814
519
2874
4639
6364
3585
7617
1289
7896
5608
1014
9049
4239
7452
588
853
2562
4717
3021
2204
9830
5369
4410
4090
9736
3015
1305
4822
7985
8398
688
3990
5854
2521
124
6034
7168
1421
1124
8146
1106
7765
7125
4312
9346
6094
9083
5312
2226
123
6830
785
2380
7268
2929
9445
6109
8784
4902
3348
2280
2794
3303
9498
4920
7024
3194
1718
7327
4554
3685
1141
3593
4875
1097
2065
8243
98
4743
3641
3931
5992
2595
7861
1568
9902
1609
8586
9591
679
9924
8384
6518
7775
5866
8312
4461
7627
9391
2322
2900
7365
7985
7672
6438
5689
7192
7504
6170
863
1201
6011
4040
1261
9416
6287
198
5441
7929
5018
5414
4608
2126
6648
4629
5300
4622
5817
9009
2785
7604
616
706
2421
741
6566
8007
4923
1423
5878
2709
4105
2415
8727
9478
3913
4343
5257
8358
9578
8113
9019
9697
4373
6907
8291
5238
1337
3042
1137
1067
1375
8495
3385
3259
585
5305
1619
520
2850
8280
5274
4018
2051
2308
1309
2192
3399
7170
716
957
9364
7459
9430
4671
8585
918
6332
5513
2449
1328
6669
1881
285
4811
1333
5609
9030
5468
8892
8608
2724
4737
5508
1298
2839
5000
7646
2064
5598
6098
1839
4167
2326
180
1702
3916
9065
8713
4673
9666
8972
6105
8070
1522
1610
3393
3733
7239
975
5700
3162
7930
8277
2107
8232
4627
1950
8131
1832
3585
3272
4267
9915
6350
9488
2502
9554
104
3108
7417
6544
316
794
9226
9635
6618
6666
3985
9688
9445
1267
406
1089
9898
2936
3908
5889
218
1948
7075
1965
933
6881
1088
6394
4705
6190
1719
2033
9107
3838
3628
4130
3557
9155
2845
7136
9050
2472
1614
7960
7965
8443
2386
2318
2865
3177
17
3414
5580
6613
9336
8156
6033
5452
5610
3435
9705
2832
4930
428
4947
1951
580
5607
7638
6276
7532
742
91
6772
6838
7745
334
9114
4000
2489
4494
8770
3529
1527
6173
8305
6453
2494
4501
5472
8097
8105
3544
9409
7430
6218
7541
1185
3012
6013
7863
6779
4679
6588
5645
9275
3323
8807
9774
1590
7822
6918
1451
3121
8940
935
9302
3402
4255
6642
5498
8086
1105
2165
8179
9426
7197
681
9341
620
204
9148
6102
7986
4626
7715
4090
6940
5882
6897
4981
7645
2719
2911
7649
1178
6653
423
469
6495
6916
4138
6930
6370
514
9776
5674
2513
8409
6218
2077
2641
9465
9154
1386
8674
816
3464
8494
1225
6844
2362
7520
7357
1660
7852
5366
8194
4516
7000
2773
6773
211
2846
3703
6065
2217
9731
7472
4849
2041
1576
8530
9664
4820
2340
8180
3565
1524
8975
361
3188
1928
9244
9650
4553
6618
9573
4709
2662
4410
7480
7997
1409
3445
5303
2429
6618
5450
5320
6456
1085
5992
3644
9184
5267
3831
7855
2536
9320
9672
1800
6669
5540
6639
9584
4845
967
3196
9150
9446
2644
5021
4809
439
4560
3579
7121
6219
9516
9910
1561
8115
6203
2518
9276
7195
8283
60
4383
722
8762
7036
5389
2990
2609
810
2456
4769
3860
458
1462
3422
6300
5874
3812
6063
1183
3205
4623
1688
6710
1636
3020
9410
8110
3685
465
3021
7362
2388
6561
907
8813
8428
684
5608
9632
1818
7830
3750
1122
2351
2358
9058
8448
8138
1815
329
8706
3213
6012
5078
5436
2694
4011
7126
4016
5979
4879
8924
344
9434
7407
1472
3897
554
4609
7871
5189
8203
6430
9364
5375
873
566
4358
9277
3962
961
9972
1869
136
4315
4149
6375
1482
5470
6118
4416
3558
1592
3653
6939
8905
3405
1687
4944
886
5160
7893
3528
3943
5139
502
6782
6648
9703
4563
2128
9653
7848
54
5017
4907
7054
208
5119
3258
5096
2414
5084
8491
3455
1631
6611
2777
2425
6469
7467
8878
9414
8391
8801
3068
6443
7925
4996
3812
7366
9727
1779
906
3990
4763
5709
1537
8635
2032
1850
3196
6567
1685
5790
2745
2809
5037
488
3507
3890
4005
4223
3233
7095
3249
238
9457
1252
1949
8463
9129
5211
1307
5892
5368
635
4177
4500
8692
5922
5073
4141
392
4619
4270
2310
7728
2601
6055
258
1405
7437
1489
9921
3360
5504
8545
3811
740
4524
6252
285
6686
3568
2721
7985
5260
5793
421
2110
8632
536
1795
7585
8816
9863
3830
8614
2824
939
2509
6855
5197
1690
7058
1691
3722
1385
2531
9863
2090
365
3760
4167
9669
4788
7455
6824
1897
6285
7050
1935
2179
3944
1626
868
5642
3903
1104
3497
1674
9930
986
9801
2015
9396
5087
4996
6510
1030
4262
3874
3262
557
20
8266
6776
7627
7915
4028
2408
7006
6717
6539
3888
574
4676
1252
63
6189
6048
9818
281
9033
8189
2159
9379
3959
2152
272
9701
2458
313
867
2022
3175
8672
1621
3924
3360
4092
8014
5987
7076
1088
4668
3213
4447
5912
1440
4720
3835
4932
320
4981
4444
3593
4228
2368
7861
8886
2816
5475
7643
4327
9949
6692
5849
4516
713
1901
3054
7327
6703
2097
8034
3831
3204
7944
3520
8945
4932
8047
711
5552
5865
7526
9993
5886
7578
9582
4443
9253
6063
4473
1276
2539
8344
2749
1139
7976
7364
9930
5199
9538
1666
6507
8229
8222
6946
612
388
6284
8847
8915
3954
4768
4763
2090
8461
2423
6698
9963
6938
1131
7458
3801
1264
2229
821
5495
5487
455
6805
5544
1581
5002
2848
1172
3886
9358
9297
1770
8939
6965
9193
8159
405
7147
519
6507
7776
6253
4288
8715
1277
7400
2991
4068
2080
7864
5242
5999
7401
1451
5125
9933
9478
3303
7334
8952
1920
3590
8204
9102
3126
4927
1024
9972
1938
9298
3396
4116
1710
4314
7718
9233
6166
8089
4266
4181
2010
8780
9092
6021
4115
3297
4369
7487
1840
9259
8681
7102
9813
1567
4586
4185
8048
5185
5589
6350
6375
3019
2130
2782
4468
1126
4288
3087
3732
5892
3766
1388
9036
3152
6942
3140
4498
2183
4987
9828
558
3537
8132
2678
617
6293
4302
143
9727
3533
1184
981
2500
7916
7805
8990
6650
6310
1552
2988
9009
1282
3754
5948
5492
7293
8066
6661
4624
1446
9687
5865
198
5761
5791
2838
4887
9451
2164
8174
6823
4145
3359
199
4707
2785
8888
1119
5347
7951
6490
8188
630
1998
819
9276
9783
2184
7186
3324
8227
7641
5518
8280
3845
5319
783
6738
2125
4967
4103
7198
4145
3377
6164
4864
7922
3554
1240
2706
8404
6946
1313
6673
4956
1499
5234
8199
4942
6515
3055
2702
2264
8840
9947
9182
8626
5078
6354
9387
2002
2149
8994
379
3847
9291
4042
7252
5833
5954
1353
6228
943
4480
4919
1280
6327
8845
3324
2346
85
2583
1795
5609
1912
1400
4934
5304
3430
6982
6237
2843
7200
1853
704
6255
7952
934
2825
5664
7456
7981
2366
8987
5161
6826
1759
7784
3921
8666
2855
9781
1754
4008
9302
9418
353
3384
8467
2447
4357
8737
3822
8851
9717
8510
9028
9089
3775
8664
3328
5393
6019
7660
4889
2103
217
2808
447
5085
9640
7149
1383
4764
4127
6456
1089
3192
2551
1285
5901
4567
2466
378
1307
8718
4159
3515
9270
6651
7797
2669
4009
5256
5338
7461
3762
4094
9118
7199
9201
7545
2937
3381
2806
7207
7354
9057
4723
3261
7421
5836
6538
2489
2763
8760
2926
5640
6352
6170
7943
6702
3538
3796
7287
6970
3140
6127
9425
6665
2693
6995
4073
5351
2084
8355
1630
9084
7572
4100
1364
5101
8791
6009
9229
1961
6131
1519
2493
6577
4534
8121
7741
2948
9255
2498
4007
9140
6093
5835
4066
1227
9631
8058
567
426
1762
1186
404
4407
7129
3842
8068
2252
4805
2841
7910
7528
4567
5326
839
1621
3633
2848
2130
4572
9253
1125
6095
9586
4347
2490
2991
1736
33
137
5469
733
5441
8803
199
4944
1114
8085
9447
692
53
5489
8142
6414
4587
6478
4573
767
4995
2445
7593
6783
5927
5995
1172
636
5090
818
59
4639
850
6331
2219
4668
7371
7177
2087
5763
5126
5894
506
5548
3400
1437
4519
3764
2983
9681
4998
7869
7917
2223
6740
7587
2544
8686
4805
9446
7630
9562
9854
296
8025
4808
9842
3721
3269
3473
9043
7409
4391
8809
5640
9101
1938
2044
3383
4489
1475
7407
7653
5409
5820
2190
6722
8627
9590
4631
2124
8685
2372
2640
8133
5564
6040
210
7522
8592
1595
797
494
9509
638
7588
3478
9108
6582
7639
5649
499
5303
315
7970
222
1908
4444
4475
5835
8085
1214
4130
8638
1349
358
5037
1750
675
76
3060
1728
4522
4790
2893
678
6913
8144
4771
8231
8712
7614
2044
1951
8982
1625
3381
2056
4669
7910
3655
1595
5734
1687
506
381
6666
1856
8160
279
2551
1727
8432
6505
4578
3921
5977
512
7422
7292
3309
3764
9673
6244
7122
471
9170
2179
9656
9724
6976
2981
7080
2765
6421
1465
5993
2834
4283
2512
4011
5057
9983
4491
5680
6984
9182
5538
7372
5061
5647
2868
4634
7377
4600
9890
1921
9490
4565
35
1210
4487
2199
8436
3303
9570
4646
5666
84
3113
7927
3143
6228
4909
3281
8252
3781
5182
563
137
1289
3631
4807
4595
4076
4107
8346
9703
8164
6531
9543
6502
8268
4248
1302
9523
2857
1547
1187
6110
2338
3515
5454
4259
7133
2504
6639
9724
4095
6348
6109
6739
8926
4427
8745
7578
9679
7604
4359
9196
1223
4943
7501
3553
3569
1424
4874
1980
3607
3757
5395
2233
3994
4453
7799
7773
8177
548
7461
1571
7467
8622
5607
1816
421
2803
7576
3841
5502
3723
9844
5252
7188
1991
4887
7394
6013
1901
689
5708
7630
4659
6117
337
952
3875
2744
4473
6628
971
9401
9131
142
2787
1728
2600
9335
5685
3131
765
3848
1032
6477
9884
3913
142
5045
2003
9566
404
1760
6276
9858
1753
3941
2808
2505
5269
863
6545
58
3102
7213
4530
4321
712
5110
4400
263
2286
8059
328
8769
9923
1859
6597
8181
6232
6424
810
8830
741
4907
6223
9211
3125
9273
8389
8846
8920
95
4065
4821
6585
707
745
3819
1946
5562
3201
5031
644
1739
7279
2345
1432
7506
9934
9893
7343
4626
6272
8845
52
7714
9317
8195
989
5319
1196
1438
6720
5554
1342
2190
3993
5506
2183
9216
1114
2778
6235
670
3223
5778
8186
9001
7627
3877
7779
5619
9338
8496
1502
4294
3823
5220
4768
8870
1390
2550
2829
6627
4366
1762
8310
5090
397
5089
8352
5926
5322
718
8779
4565
8390
5602
5622
4274
9528
315
568
7112
7539
5577
2100
8224
4052
7048
8367
8773
737
3312
7826
8564
9948
9607
6304
1460
7467
3095
8604
2538
5525
1853
296
8620
9717
6936
5903
8220
9597
494
9341
1074
1981
5717
9087
8788
9661
86
1037
3349
6722
9578
5188
2009
2891
214
4617
8783
9298
4161
6806
6433
1710
8030
1586
5686
5280
3480
8507
7115
1144
146
9175
242
3971
6751
6582
4230
519
7515
1799
7381
2058
5255
5816
5947
6664
8287
5728
9502
2319
7120
8922
5435
3688
2908
9364
3951
4131
3401
3507
6181
1578
3921
2204
6575
402
4946
8038
6140
3632
386
8263
1783
2362
9424
4374
6454
2214
5639
9022
6993
7752
9005
4796
4024
1223
3739
6553
1062
7387
2630
99
7118
4007
5617
5803
8136
3051
9240
5544
1717
248
9588
5869
1932
8856
7139
3073
4264
8534
2909
1737
8491
4379
6513
8429
2573
9125
8179
5351
6663
8392
6976
8752
1001
286
1145
7775
6744
3620
6238
3403
2973
95
7304
6745
8163
3135
2863
5167
4084
666
2289
2527
4477
893
1607
2738
7493
7188
3230
9011
4871
3888
8881
3325
3272
835
4868
1646
7710
9363
6328
643
2296
9506
8763
8396
7075
9768
265
9437
6261
3012
1267
5996
6103
4448
4275
108
8678
8406
282
9556
390
7226
8532
9085
1214
3978
3472
7328
8267
1217
7457
4720
4338
1646
231
4970
2129
3211
5663
7724
6922
3792
2749
1859
2620
2884
7221
8824
6559
4759
2967
9304
9081
6771
252
5069
974
9678
7182
3096
6295
2937
1170
5043
5555
6546
1658
4457
4216
9304
7978
5467
2743
2557
2633
6597
4476
6672
6464
8329
6756
4648
768
3507
8250
8153
5638
7566
1393
5162
3996
2451
6029
2567
1429
3985
2622
7705
6304
6073
1226
2764
4607
7254
6781
7500
6560
6524
4138
3654
592
4301
3213
8852
6339
1647
2168
7662
6793
7401
908
4092
3063
9054
5308
5526
9438
176
1128
8647
3974
6770
368
390
7103
3992
40
3513
6726
750
1592
9114
3427
7738
4569
9694
9238
7176
6227
9781
1817
4960
912
8902
5165
7133
9701
5553
1946
1254
8062
6384
5396
5490
9680
3822
3933
2822
1749
2347
1606
8654
935
6043
5809
1793
664
5325
4485
5613
6288
2261
3948
1346
6830
9014
5858
1466
5224
9969
4291
4487
1567
5472
2688
5208
3717
7936
8058
746
5761
6415
5426
3880
8175
3162
4025
4868
3092
3371
6469
4375
1068
6333
4966
5800
2435
4049
8660
665
7963
2467
7597
1780
8056
7119
7087
5463
3355
601
8075
2727
7267
3738
9851
9872
6834
68
3170
3668
4989
990
8373
1853
3500
9915
3418
5233
505
6887
2772
9667
9276
7392
2783
3294
8818
3646
5824
1056
6074
8561
1512
2491
5295
3741
7108
7330
6481
5094
8965
2366
879
4991
5676
6973
4093
5744
8279
8140
3700
1854
4957
6467
7828
8407
3450
9874
955
6556
1054
3188
4244
2114
7594
6427
9477
5881
6557
9758
2806
6088
8751
5411
7922
406
8788
4285
1715
5809
9200
3073
5366
7683
7355
4219
3603
5044
4663
6888
290
7234
6375
9924
4039
5777
8122
8764
7396
9248
7496
8212
9187
8521
5333
7612
3102
9546
8545
7422
9618
9165
8158
5145
7356
7980
7821
6560
4759
3374
2824
4432
1218
9669
9468
5572
9713
8826
1371
2145
2283
24
6888
2466
8312
988
3886
6845
2349
9743
1117
4057
6499
7240
7269
1125
9075
1229
2568
6059
7955
1562
4004
4022
6424
3064
6993
9518
9053
9761
7899
4275
8174
6400
5139
9594
2277
5691
6832
6367
4094
975
4210
5016
2257
8766
7932
3977
2399
8343
6497
8483
6257
5312
4189
720
6019
2866
6042
5248
3994
4367
7792
2588
1844
6841
5882
99
2101
7675
8847
3383
4396
6201
1964
6979
7351
8988
1764
7658
5131
3016
7118
709
3264
9415
8017
2862
2210
4418
3574
9411
9649
1584
2372
9726
3183
1622
3171
5416
2884
7833
1875
4724
9495
3113
4086
56
3347
7209
3369
7031
1101
8383
117
978
7249
7082
9324
2428
8823
3020
7889
7683
4100
9436
3734
2812
3829
2237
3796
5729
5816
6348
4773
7297
1140
2393
1214
151
5328
7961
9514
5000
1048
6543
8309
1265
1466
1393
2477
6100
2297
743
6592
9864
9944
4191
624
58
9378
1274
6227
1110
3413
7639
1214
4752
3610
2819
9837
4855
5867
9173
7100
862
3505
2889
6634
7557
1127
2468
1346
2435
9759
7696
3432
5073
9756
4909
7353
6948
1769
1156
772
4054
1734
8404
1586
3409
5328
3556
7655
8647
1555
7622
232
3124
3643
5730
6358
7055
7557
3066
8931
6910
9928
3791
1350
5717
4207
6140
4996
8700
5465
2889
3086
4711
8401
3046
9128
5101
1302
3225
2228
7570
4812
2699
879
2137
7463
307
1430
4026
8551
298
9391
8703
2225
3861
4125
7942
7054
5869
9202
9188
8560
8955
3181
8666
4535
5521
4722
596
6601
1256
5752
4331
837
1360
2097
7229
2912
9212
8254
3899
4710
970
149
5166
3497
4383
2486
4539
8920
1186
8047
5432
4023
3040
9009
5857
9517
2212
7601
1941
5584
833
7424
7294
4546
5060
7865
864
1763
6896
5029
7841
7615
5302
4477
7590
8805
8014
5169
152
3035
183
1676
5415
3209
320
308
7796
2350
6240
7711
699
1610
6312
8314
3876
3545
2855
620
8437
6517
1621
2776
2023
6156
205
7817
8720
8562
1419
7051
1503
7043
7448
8906
5401
9157
2008
4084
4225
4751
68
8513
5523
9184
4330
6231
1303
6987
601
4044
5950
7393
6732
3635
1413
7406
9652
9259
3003
2502
1587
9233
931
9188
6208
3655
4161
7405
2913
4719
1536
8770
6394
3685
6448
3108
7252
2838
1825
3974
6514
1733
7961
7374
1101
4109
311
3813
7493
7994
9504
2749
1080
1723
3163
835
7582
6335
2976
674
2069
3897
4074
5882
2507
7180
999
3046
7186
8305
154
6813
7433
9029
5988
9854
1272
3556
8087
2099
3344
348
9912
4918
5214
8787
7689
4671
521
5613
5526
917
9862
1151
1904
2616
7658
2079
4866
3920
3109
7265
6626
9187
7840
2690
5315
2051
5734
3309
9563
4025
8248
876
7330
1721
3985
9156
667
3720
9490
6327
2524
1573
2779
9237
6951
6282
7124
3371
2195
9192
8690
4166
8989
6078
3721
724
7077
2523
3471
5637
8936
7212
6050
1500
2669
8985
3820
183
8631
8502
1412
1146
4430
6782
4741
5053
6408
8603
5739
9033
4927
2362
1114
370
5335
4081
1887
1252
8000
3260
2078
8143
249
3852
7391
5311
5522
1278
6567
7965
2461
6941
4740
3692
7780
7543
9736
2207
1337
8668
4316
8474
6784
4437
710
6573
6097
5680
6165
8587
7098
2568
2182
5370
6424
3268
897
577
9391
9429
9530
5129
2035
7773
6572
7985
7622
7421
2590
7791
4345
9679
9914
9332
8943
3604
1359
5811
3142
817
9213
9842
5112
7980
867
9893
4758
9369
7268
4511
6646
9158
2816
1908
9137
9187
6438
9010
7865
2724
8951
8676
3089
8374
4241
7418
2653
2850
6427
2819
1909
5085
7434
8573
215
9688
16
4055
6906
6679
3227
8252
153
8078
1144
5186
6863
8006
194
9756
7165
2349
7945
417
1865
537
6752
6738
3738
3449
7239
1908
2942
4448
2602
1561
1724
4242
1692
9449
9170
2383
2104
1186
9497
698
8522
5011
7229
9054
554
4647
2655
6670
5653
9560
7139
7016
6707
9677
2935
3278
316
3456
9439
1318
5310
5704
5475
9583
3462
2620
6313
745
586
4782
244
6759
920
1167
2014
1741
9508
4683
2894
2591
9252
6271
8795
3042
4421
4707
7534
2015
6513
5892
2066
8647
1746
8178
5388
2818
9535
7646
5592
7933
8333
1910
6084
871
9315
380
6096
5540
7662
1194
3769
5632
562
6847
2066
9038
6909
2432
5161
8755
5086
4298
4231
4694
2715
1597
5012
2741
5779
9196
2205
1861
9091
4960
4258
7342
187
7923
3727
4041
8610
1993
4352
5319
2122
6433
8085
4899
6112
6349
5909
7102
2484
6836
2847
4035
7678
1390
8155
7717
5367
3355
9761
8466
8988
1908
6541
5601
2589
4724
8851
8985
8705
1120
145
3092
9945
8911
2572
6281
3511
113
6629
9429
3286
5102
9377
2255
2113
223
9663
8797
9768
6009
8673
5255
2232
5886
6330
213
9892
2484
2309
1387
7498
6924
8397
1363
6691
9754
4089
8766
8818
1873
4206
5254
6725
332
5179
3886
2531
4285
3487
2365
5060
53
9216
2696
2447
4890
860
4059
2581
2358
6388
1027
7803
5241
1930
6362
6705
8013
5564
2358
6134
897
9978
7895
1803
3419
8529
1899
706
2444
7682
5607
8996
9944
6327
7444
7707
5700
8916
1800
8894
29
6185
6460
5484
3178
7450
1483
8401
8817
7181
4517
8721
1129
6231
4163
75
1321
892
9028
6360
8960
3353
136
4675
781
2031
7859
8914
4485
8654
1004
9096
3763
3463
6104
4711
3518
2410
8625
5968
7045
3497
1888
5263
3164
6885
7867
3712
2163
7369
6386
4808
9888
5440
9934
6676
6048
1784
4702
1147
9591
2569
3915
163
6176
5421
4957
7665
127
9451
6556
8911
2267
3059
9314
5462
1464
4872
1510
3895
4163
4146
6751
7116
2268
6196
9208
8323
3529
9428
8662
1733
7707
7478
6377
4476
9581
1724
9086
7743
1927
202
3585
2711
813
7474
2540
6828
6125
4472
5211
1176
274
807
6983
5444
5818
6799
7895
9980
6213
6634
4136
698
789
4822
1203
4789
6682
4838
5880
9740
