4889
7109
5989
1767
779
8698
6283
6447
1549
2556
5381
9231
1885
8292
882
8683
3602
3707
4657
3203
5934
5460
5239
6965
3331
7851
9245
249
5357
6753
2605
8293
2908
6554
8006
6843
6384
114
6022
1931
4092
4475
4532
5531
5421
9942
719
2548
2000
7074
8475
8655
1607
7592
8279
9428
1869
9023
8436
2928
9453
6033
1090
4795
9950
7088
6322
5331
285
4038
2298
3488
7684
2726
9111
1458
928
9708
1543
3388
7131
6697
8249
8282
8278
3950
6685
5316
8275
8577
4974
7360
1677
3094
2478
8058
3384
9736
5580
8332
3620
5388
2262
7961
4775
4987
970
8880
8480
6820
8499
2161
7480
5048
5796
2755
7784
2808
6517
6000
402
1006
7055
1707
9064
4938
1810
4590
248
1052
8074
1192
4127
3210
9767
1743
4434
288
3506
3290
2979
7805
6835
1454
78
2813
9880
6628
7298
9722
273
576
3218
9580
7929
2614
8332
555
8897
9837
3177
6380
8631
7428
8746
7306
8033
4269
5280
4052
8321
7496
9301
3227
3021
2597
4170
5601
1629
6251
5057
5181
7292
526
778
7497
7974
4547
5280
7153
3411
3879
1390
3668
113
6598
9174
9407
2708
2771
4779
5610
1348
3245
1401
2777
1274
9990
6558
5332
8443
2731
8926
2645
4779
7995
9087
8104
6649
1248
9332
3486
8988
8127
641
4442
6105
5633
3114
6422
3422
4763
2893
8857
1471
9447
3833
4047
9125
8001
6223
7983
7988
9948
8710
679
4952
8744
8888
2118
7511
1069
2758
1459
3438
1293
6622
3221
2603
6959
6672
5641
6876
136
1909
3680
9838
68
1174
5332
4161
5040
8979
8647
5024
1348
5498
9040
9416
9961
9489
7360
6744
996
8911
2353
2004
1433
5418
178
2824
612
1443
2166
1328
582
1107
7851
8038
5030
841
4884
7570
3556
7956
2470
2089
4110
6434
2090
5794
7581
3804
2641
7469
9312
8896
5880
1224
9556
1675
8404
4649
995
2507
3549
3597
6813
7319
4442
241
7646
1002
4386
9120
4604
9789
3187
3039
6441
263
7894
4998
3328
4383
5242
6808
8801
4696
2016
1685
5226
6626
8481
3354
2436
234
6574
1048
4406
8873
5276
6791
1992
1848
8147
6579
9417
3521
2865
9522
5708
2840
4783
9292
3780
3406
1321
6612
7264
6741
4795
2116
5302
2756
5015
1020
2520
1032
6683
4369
3215
2139
8633
7568
4986
1103
3006
1479
6236
8663
7390
5280
1831
2494
5976
2385
1842
9188
9573
9030
8913
9962
3783
7665
4077
3159
1488
9235
6833
7127
4059
8385
6837
8495
6306
3569
4207
7215
4306
2677
399
9841
375
8601
9350
9515
285
2808
6780
2629
9177
3331
1458
7653
5456
3252
8355
968
3490
1827
9614
3770
4646
9108
4603
9005
8442
3335
6187
2407
8178
4627
4882
6896
8630
9072
9586
5181
8314
4561
2874
8680
2455
4203
7950
728
6927
9184
3039
3054
5213
3238
3725
2478
3062
6629
5194
1267
3998
345
1073
6949
6620
4372
4451
4550
8448
4562
9022
6383
3666
3174
2654
8928
8953
934
1315
442
1158
3875
2077
9258
296
3133
7193
4939
902
2403
3833
2001
3877
8319
1183
7968
3488
5924
2059
8082
9752
3400
2279
2365
161
6655
9388
2039
584
4796
3525
2127
5313
4752
109
123
8267
1814
6653
3487
7179
9511
3647
6044
728
7021
2506
5346
1990
4686
5440
3028
8875
3232
689
7757
1595
9712
9097
3641
3745
5154
4355
6105
8877
1705
6687
9125
8209
1060
9700
1673
9270
8571
903
241
9752
6234
1636
3140
4148
4041
48
5898
9355
497
3252
2081
4062
2351
8527
8554
2717
3011
9742
2024
5156
7542
7166
9022
333
3381
7137
930
4985
3766
3757
304
2328
448
8005
5361
8076
5956
9492
9703
5105
8456
6750
8380
8453
4606
5062
5858
2532
1145
8956
6259
8828
8878
5084
2210
9067
2613
2806
767
6904
9118
912
5589
6739
2948
9752
3613
4346
3166
478
6760
3519
38
6919
6700
792
8786
569
5727
8318
1279
8398
3840
4810
7498
1475
3450
5364
5794
6293
5462
3150
8725
2799
5987
7543
1160
1641
5504
4853
1449
1511
9365
666
2195
2740
8789
1959
8384
1418
281
2043
7079
2449
5625
720
7072
779
9240
1473
6302
8248
8551
6873
5015
3610
4793
7239
932
9156
9631
7144
5064
874
6868
9767
9032
3173
2614
4758
2685
1491
6980
4376
6011
3418
6071
6275
7174
5267
471
381
2401
4031
8550
3200
2960
2492
5650
8584
7946
1550
1026
9228
1786
3137
6979
6204
5580
5857
1687
3899
8164
4482
8787
4811
1268
4174
861
1597
7539
8517
65
5665
8685
9250
4742
1032
2323
3668
6807
6540
7522
4029
6811
1134
464
7752
2589
2874
6439
9866
695
1316
3579
6572
2216
7918
5244
3739
1931
8785
1631
4053
1045
9428
1485
5361
542
2536
8394
5946
3881
1911
9050
5147
6376
4134
7670
7652
4346
3516
1584
7987
5157
7672
7822
8748
2085
2112
7033
6824
5788
8583
1736
8022
4909
3469
2984
7383
9649
5103
7209
53
4479
492
5984
8783
2266
8432
195
8081
248
7591
9392
8415
7200
3643
8895
3372
1606
2736
3275
8430
5503
1570
158
5297
175
1027
238
2907
1150
287
8003
9243
6307
1531
3507
4664
1688
9038
6481
3653
1916
8951
6575
8197
9190
3321
822
1265
4573
9611
5777
6912
1827
8779
4550
2909
334
686
8608
1238
8193
7288
6931
9961
9587
149
2107
5668
136
4230
1684
2567
6255
9621
6513
6551
4994
1960
6107
6854
205
8973
8334
1538
4509
1091
7415
7528
6981
597
4330
1001
430
5243
5460
4628
2020
6614
8609
9041
1213
5153
1128
342
7927
3209
657
2206
2265
7998
7914
8374
4579
1754
1033
9220
8954
5392
5451
8496
2733
4579
8686
9539
9900
682
2137
1011
4161
1884
4531
8380
3351
7065
5640
5051
7845
7991
3611
1300
433
5209
5262
8982
2682
5956
6421
8676
4209
6240
5673
6627
1162
112
6308
6634
6466
1589
441
7244
1072
9645
8044
381
3467
9534
5023
7514
6113
5981
1375
962
1780
4151
8063
7523
9316
9703
6856
3944
4260
3461
6801
7921
6210
7903
7218
3238
757
9006
8585
6255
7549
6367
227
788
7164
4881
5515
3148
933
8907
2562
8228
4864
4710
4846
7011
2049
8784
7317
6763
4732
6497
2983
7611
2843
123
4170
5563
2316
1784
6756
7107
7396
5119
3413
5413
3923
7275
359
4435
4188
3707
3011
5353
898
8573
3056
1499
3056
207
1188
1973
1688
1821
1522
1052
3383
2616
7944
7041
710
9951
832
9148
2150
5455
832
9745
1297
9433
3087
4774
8425
2882
2574
1025
3485
7630
6712
4270
7067
2670
2507
2109
596
4783
5418
5574
3596
2360
2030
1306
9330
3318
3724
4236
2874
3863
3202
5442
7740
3310
202
3623
7119
6413
3547
8805
9247
497
7567
5752
5903
3674
9973
8040
7444
8723
8551
7367
36
5258
6149
8937
7402
1780
5444
5106
9158
8338
8150
9622
4428
1270
6529
3756
2468
8883
4989
4183
1235
6613
6327
3098
4793
6277
5403
5656
3344
5684
6791
4151
5311
5835
5406
2482
7161
1264
6220
5338
969
8440
9647
908
2347
7945
1324
4633
7144
6217
5571
8561
3734
4368
6131
3423
8930
3050
4144
1125
6377
9787
1762
3474
1547
3999
4310
8593
5864
4047
6595
1203
2662
9650
3214
2794
6965
5418
751
6848
4953
769
8512
7126
112
8229
417
943
9704
1982
3551
4110
7120
5095
8961
1181
6678
6173
9361
8348
3634
2731
8769
3097
9621
4367
5898
4083
1153
3336
6457
3512
2299
7296
6172
5608
1275
4635
3361
3317
3581
3366
8889
3881
495
2484
4083
7566
689
2032
6116
792
6057
2403
3213
2221
2000
5414
7505
5744
2330
6334
9789
6367
5525
39
1811
9823
8923
3353
9906
2042
2811
6043
4766
268
3842
4887
2601
7137
284
8332
3393
9121
7219
5665
7454
9896
4083
3950
3607
5860
7130
7617
986
7247
3576
2521
8356
456
673
4259
8643
7336
2126
4074
7980
13
7636
2944
8379
7112
2812
368
5460
3998
2940
668
9148
9859
2584
1915
5740
4973
9745
4045
4911
5194
5056
7518
6692
1320
6531
2145
6463
6024
9688
6056
6994
3145
7685
7440
2259
1138
5570
6495
3047
6762
2156
6987
4307
2907
3372
8496
7871
8758
8519
3669
7591
8081
9162
2785
4957
118
6252
7059
580
667
3904
9436
4310
6884
3674
6003
2174
5143
9655
4601
9403
3249
997
8149
3037
8069
3211
3784
7948
8035
4274
7704
7504
6018
8464
8913
3982
4899
2483
2140
4886
8511
5914
2380
2857
2720
2677
7423
9233
7369
6321
2727
9102
3917
4266
4341
7083
1013
9748
6887
6907
2467
9110
2545
6392
6199
1931
8291
8419
4761
2021
7275
2660
7515
9715
891
7334
8617
5291
316
5391
5788
4551
578
1713
1546
8602
3587
1752
4123
1830
2968
5150
5595
5233
2419
9400
3369
5987
6658
788
4386
9003
4471
5348
9046
67
1587
4202
3375
7006
8466
5722
9431
1496
1119
7915
8532
831
4846
7597
8344
6538
4295
2931
9052
2125
7064
2282
7295
1491
3965
2629
8633
9528
1004
6784
79
5230
2667
1478
7015
9384
8377
7116
3364
7246
5719
4099
4114
4504
868
2538
1141
9060
2444
7847
4707
1540
6296
6920
3003
9305
6907
1883
3041
5836
7088
9903
491
4334
7835
3301
8163
3367
581
8960
8161
7179
9567
1805
6405
2964
8167
2790
623
1426
1487
9572
7083
3157
2076
8538
8934
5746
8475
7710
2477
6493
4074
7527
158
5815
3608
9779
6669
7566
4374
7774
8478
3484
9685
7528
1973
4490
515
39
1137
4116
1260
1614
4349
7516
2819
7334
2258
9296
4367
2417
4892
2871
6482
1668
3104
2039
1647
590
9356
8388
6121
3057
7052
3713
1093
3599
3471
4548
6565
4443
5231
8436
6573
8360
5233
2459
3178
2641
2996
6273
7521
7372
3198
1956
2881
5607
7001
8017
4423
9934
2843
9924
682
2748
7994
8203
4562
635
6422
9220
3862
7710
2731
9924
7185
6456
6298
8122
6435
645
8861
9005
7594
3082
866
8748
9858
5095
831
5486
6598
5453
124
6630
1599
5306
7753
3824
365
7029
7897
2542
6219
3776
2410
9811
4641
3274
4771
6425
9309
8879
1582
3778
1072
3838
2330
7600
1881
9246
8344
9466
9804
936
2621
8409
7585
6100
8325
1879
8702
2474
7756
9405
2747
6318
2785
3817
671
1055
4107
6584
324
4405
6177
7718
3870
6346
5557
7760
2975
153
1942
1119
8684
8431
2738
5283
1154
4001
2225
8541
4948
2891
7722
6834
1123
2177
1030
4754
1053
8512
6928
826
5139
1760
9141
5398
4758
4903
4538
1238
542
564
8903
8549
531
6636
720
4316
3580
7502
2663
6669
8829
5566
1635
7432
6682
9342
6595
1693
5315
803
6707
4462
3224
1116
5980
6924
9289
7340
524
6251
9463
986
7998
4384
3988
9172
6303
4486
1456
6714
1174
3550
5849
258
1996
9573
125
1708
8715
5416
8307
2844
5923
9738
3857
4440
5325
9415
656
3796
5026
6240
6978
6412
7206
7842
7567
7251
3444
7510
3039
2108
237
8601
9629
3156
8613
2965
9119
6407
6799
7580
8624
5107
7943
6618
5063
8259
526
9548
3847
6887
3830
7659
1687
4933
6572
9436
3051
4153
2005
2873
8264
1205
2377
6199
2607
7321
109
701
5826
2360
296
4248
6997
7446
7615
1870
8469
588
2778
9307
6724
3895
3663
6151
8278
2578
6914
4695
6583
9176
9913
4965
4401
3925
9316
7419
2730
1744
4011
7742
8150
9825
3721
1486
6591
9581
661
4240
7318
4702
967
2463
1374
2697
6148
4368
7542
6225
7920
28
406
5413
4117
6649
2446
5330
9846
3072
8129
196
9140
6725
6577
5036
1157
6899
173
2176
9560
8696
1917
2673
7377
1881
8209
7449
3591
1704
7776
4947
9876
6504
3823
3982
7336
2737
5707
7072
9039
1261
9735
7588
6111
7121
5561
4242
5885
6338
1540
9249
4195
5366
6664
9224
8111
7732
8035
2236
8440
4996
1739
8142
5295
3182
319
2635
2901
2594
7699
8419
1191
3101
3136
8299
8960
4328
6562
255
6319
3966
1564
7252
163
8527
752
4510
9839
4598
5870
9603
4702
3471
8631
4042
9522
1593
2293
2929
6802
2926
1340
3290
8639
3120
8057
1093
2229
8365
263
3783
1170
7779
5916
4473
3432
4486
7978
6768
2429
5808
2795
8302
6724
8095
3717
7720
4469
9093
8777
7367
2034
3633
3453
3393
2625
8273
8613
7043
470
9658
2281
1474
4335
2087
8433
6922
7554
4157
610
5035
3614
5525
499
993
130
3038
6566
543
9403
337
6624
3136
9588
2896
1748
7536
4325
2523
1848
5159
5873
935
6297
2771
3527
1321
3967
4636
9662
6794
165
312
8483
3742
3752
6509
3133
2460
3262
9587
1706
8069
7639
132
3034
9144
1886
1439
339
896
2596
5031
2309
5450
9161
2679
9227
7728
7465
8809
9070
1930
881
2608
171
6311
4652
5845
9143
5238
4403
1864
9261
2260
3453
7803
3295
6165
9736
4382
9435
2528
4297
8765
4198
5134
8002
3033
4580
1073
7282
5405
4995
4453
517
9775
7188
5031
9960
6722
4492
6040
2295
5100
6493
731
5769
48
1996
1357
9384
3061
7991
3082
9373
6541
7632
2115
8410
5037
8309
1619
1265
8069
7955
8997
6869
4808
1743
3677
615
8263
6204
3014
9890
3394
232
9197
2271
3466
9364
7954
1036
3222
1688
4220
7414
1913
5079
3975
2143
5073
6620
4923
8413
2872
4774
4225
7144
7496
3862
961
8304
8318
742
1120
6857
4976
3191
5978
6308
8435
9843
4944
5673
354
583
8042
6381
3735
1582
4956
9728
7768
1534
5541
1642
1281
4600
7018
8620
6006
2052
4775
9603
8402
9649
2717
2479
568
7362
2437
8721
9100
7666
3707
5229
1676
9249
8058
2289
6732
7844
3409
5913
8906
1232
536
6784
5201
9477
5576
375
6173
7358
301
6382
5068
5340
7271
705
7865
5562
5813
6372
9144
6234
628
101
7827
311
9966
2031
6542
4729
1887
8162
8643
8861
697
7169
9113
5933
7278
1090
1786
2061
2548
1741
7365
7324
161
6336
1977
7353
4423
1169
2031
7037
6769
2671
604
434
8957
4889
9511
3544
3833
1444
5471
2139
7739
6206
4643
101
1592
1932
8283
4722
4585
7082
3685
8887
2736
502
150
3630
54
9189
305
718
6130
1606
2092
8025
6565
8678
6976
2389
1579
8241
8228
1104
6270
5225
9585
3955
1692
1876
5761
2491
2885
7309
2451
9686
8985
1716
7698
8455
4739
5881
3490
4644
1138
4753
6009
6132
4113
6618
3536
2913
4956
5894
3142
6343
8854
2581
2617
7511
916
6194
1937
8177
3427
7814
7832
8821
9155
2406
9039
4848
979
8521
7650
5698
4751
3584
9965
1516
9216
3452
9841
5074
8340
2847
7535
6991
4166
6107
831
6404
9099
187
7538
8544
3943
5312
1216
3324
6920
7188
6977
1707
7578
8687
1933
6435
8243
7444
1592
5270
2615
1100
8294
7464
6353
6863
9837
580
278
840
4654
3047
1574
2634
5749
792
982
9106
1754
9438
2367
6641
4596
2028
6474
8133
7495
9652
913
1100
8747
6722
4514
5561
3789
7998
1892
74
2191
7080
5475
636
3045
6080
2533
3929
132
4944
2937
1141
5452
9137
5689
2154
2902
5973
6504
6266
989
8219
9367
184
9666
9178
2092
7932
8532
6013
8845
7750
8899
908
6914
4674
3963
1731
3595
8515
9494
2545
8001
2551
6715
9771
5647
9610
1032
2360
2658
7815
1494
5626
9085
3971
7712
5290
969
3867
3987
4601
5396
4119
6098
5186
2242
4544
2222
1014
8190
1170
2378
7988
6771
8443
218
6816
3469
9894
3530
2482
6899
6172
3354
1030
6256
3273
1822
2943
6962
8672
762
9728
4528
4893
7148
3881
6453
1528
7529
1103
7387
17
4170
1487
5436
3506
8854
641
3753
896
1821
1074
336
1504
7701
9224
764
5068
8930
8968
2721
9279
4052
9517
408
2650
3459
1878
1295
6336
363
1940
2365
2427
5095
6882
2001
1867
5593
2750
4419
1181
9189
6065
6851
9687
9391
3024
7191
7923
3117
1384
2598
8561
8381
8108
5964
4652
1079
2786
46
6975
9345
7416
533
9881
8709
7908
6409
819
7222
8897
9474
6179
4549
1540
89
7987
2666
720
3258
435
4686
3372
3219
8978
9341
3803
4045
6987
917
7349
787
2806
2703
7443
1835
1772
5532
6970
978
1482
6615
6372
700
4219
1910
6418
4011
6841
8018
7977
1986
359
9528
9611
2288
5973
4197
1554
539
4905
3863
9422
9901
9873
8109
6668
3476
7105
9704
8316
2454
5695
9741
1775
3820
8313
2671
8999
7068
2923
9792
7203
8968
2939
5363
428
3278
3092
5154
5861
7575
3977
6431
6073
7619
7192
6471
827
6109
5242
2942
6905
7137
9701
5523
6290
617
7753
5790
3975
3301
5198
4486
7616
5112
6659
453
6962
4510
7681
3390
383
1951
3842
741
8477
9264
3668
4155
6627
1842
1844
2889
1826
9980
2886
66
9266
7416
9072
9811
5524
7302
1179
2560
2377
9490
8814
960
959
6739
9509
6316
8428
1852
2559
4954
3294
8960
7046
7025
6948
3597
9163
2132
1456
2308
2660
7635
2225
6593
1186
9545
5437
7870
7865
3081
771
1282
8363
8986
450
2708
3196
9888
2333
5527
4461
9973
7421
7932
6772
306
370
2047
2862
1927
8138
9047
1103
68
6829
1178
8734
4366
5552
9963
879
558
3986
9477
4182
2012
596
8059
6575
4240
401
9275
9798
5929
7847
2686
214
4293
9821
880
9175
3389
5007
5938
4942
1724
178
8295
2156
9271
3974
8830
4335
2370
4647
3902
5987
7943
3750
4759
9709
2310
5471
8622
1526
8863
9248
5174
2221
4142
964
4440
4544
4672
787
7490
5551
8048
4535
2457
1833
2301
5903
7304
266
1570
4940
7428
1281
3944
6699
2270
543
5061
1170
6865
7917
6384
4411
6079
2476
5004
6073
8013
8306
9533
4285
9662
1582
7157
8351
7938
3408
1292
