9796
8686
9259
9762
9815
1599
8236
223
7731
656
6572
7990
7498
264
5457
2995
292
4126
1114
7035
2917
2892
7049
1772
7362
8588
5170
3720
3624
1144
5982
4028
8767
7794
5610
9871
5194
9313
2672
7751
5125
6271
7860
1913
2204
6430
9787
9238
1856
5715
3387
4308
9915
7339
7903
6904
1637
7487
2399
1227
6429
4516
6598
6587
4674
2543
9223
9703
4654
5585
7800
979
1453
3362
1909
6645
5031
5136
9568
932
8801
5931
1864
7908
7756
1673
4113
1427
9891
8705
8234
7707
6913
1444
1322
609
9673
1273
7238
9660
7206
83
4583
6270
7915
2407
2854
6553
5429
1257
1872
6500
7919
1467
2425
497
2652
8689
8831
3000
8430
7795
9812
5948
7350
93
4066
9
2040
1299
6972
3758
7897
9907
3725
8717
1347
5593
9993
5348
8818
7560
5998
8633
6833
1733
9788
5445
9019
824
7957
983
2441
4238
1230
9410
271
8635
8920
7821
8341
2845
4512
4130
4285
8113
8603
8011
7741
3708
9149
7058
8695
3482
4181
870
1797
1179
9114
5616
305
8620
989
1215
3342
5989
1317
3658
8677
4315
8446
2712
6673
2172
7007
5973
3047
1868
4347
8720
3130
1776
7704
5311
1675
898
2287
8958
56
359
7613
9092
9520
3303
7515
9720
1855
3297
787
8296
6796
4944
9333
3426
5261
6436
385
6523
6475
8208
7823
9929
6831
394
2486
8528
916
5678
9539
2443
3701
2358
3602
8318
6702
9354
3191
3370
4656
7286
4117
9749
1080
6051
1924
8185
2443
4277
49
5238
513
5764
2483
1847
2536
7683
2260
9126
816
8987
8803
6177
3757
8344
4594
4437
1342
1015
6724
5907
3245
7015
1866
9189
4091
8073
8849
779
8469
4301
6085
6639
5628
4301
1929
7937
9874
1754
5781
9018
7093
4065
2553
5669
8482
7940
5992
2735
1456
7486
6842
1427
7553
4142
1993
3498
3897
3293
7756
4463
8834
1480
656
6514
2901
2164
548
9456
6415
6657
4562
9587
5234
7705
8813
9179
4461
6197
706
6151
2080
6113
9323
983
7458
4658
9085
1486
2307
8431
4040
6581
3998
1318
184
5612
3409
6038
2768
6317
7391
6536
6320
4799
2923
7255
6193
9847
5328
2814
9036
7700
2587
1605
2382
2720
2157
9672
9056
8242
3079
9061
7148
7983
2616
7981
5589
3915
7521
3201
5770
8423
3428
4388
8759
5544
9793
4523
8060
203
8465
9238
6158
9493
9395
6340
3993
2393
8936
7463
3454
3736
6982
4525
3238
8329
9387
8336
2182
4941
1665
2277
2325
2126
7043
612
4271
8198
2845
6837
2926
7634
1612
8852
9777
3840
2903
7654
8588
6276
3987
3196
4979
57
9747
2033
1441
8903
1150
429
6157
1457
2340
3118
8537
6187
6912
4031
2449
8782
2069
5795
9547
2098
4537
5819
2124
8129
4747
9397
5426
1733
9747
5906
953
8469
7298
2267
2379
5010
9171
5368
7048
2415
680
1469
5294
8493
314
3590
6928
8872
5204
9805
4207
8192
3648
2880
5520
3927
9909
3311
4155
1752
5003
4423
1709
6434
2164
68
8889
4644
1651
7439
9611
6701
8747
7131
1418
3067
525
3630
7815
1157
2469
6554
6528
9942
1698
2761
4821
4417
6747
8452
5100
5860
1212
5295
7412
6256
9760
8860
6328
246
4701
2283
7220
7764
194
7506
9444
6516
1462
2453
3401
6279
5495
2998
9283
8449
7894
1767
4735
9403
5247
4472
7897
3198
2338
3750
5488
3451
9719
5161
3307
1665
7301
7569
6456
185
9333
8763
9747
4192
3316
8304
2954
4293
5051
8821
364
8214
6012
8962
8361
7993
4124
6925
4999
228
4386
4021
5426
6444
2017
5993
6797
6300
9146
1735
8978
7926
6541
9097
9116
9130
2019
542
6086
6942
1517
3603
8147
3517
3386
7273
7438
757
6799
5313
7540
375
2569
6227
5798
5311
3337
3303
2174
7323
1506
6653
5147
3315
9843
2438
1672
6914
9846
9231
5973
3582
838
8056
8711
782
5874
1908
3058
4744
8554
6039
9501
3832
4194
8602
5356
314
3299
3804
5793
8716
8367
8763
5436
4863
8456
4831
3673
948
5601
524
911
7568
9340
3958
9536
4513
7516
5016
9437
1428
244
7430
8768
5466
7152
1315
9121
1240
7081
1358
3615
6041
3437
7256
5214
2075
2620
3847
2326
1042
8234
2110
9142
8030
5128
1932
4491
236
9065
843
2798
8283
4366
4364
8471
937
9994
9969
7711
7141
5710
2432
3866
4242
6908
4869
4130
2084
8744
7461
1892
3668
2689
8394
3193
8134
8287
738
337
5220
6823
8884
2175
6237
8559
5332
1674
9073
8784
4276
2080
2651
6136
5185
5332
5802
8243
4899
1122
259
7801
2407
1492
1604
8951
9129
5593
5972
1170
337
2649
9256
9631
2490
317
6825
257
7629
5682
1576
3194
5057
3299
4467
5380
9241
7532
7504
3062
7391
9891
3387
9616
78
7418
4415
7392
570
7286
9430
9739
5702
7902
8447
1627
2824
3020
3645
4867
8506
5544
613
9216
9545
7065
2744
9108
7024
6223
9709
1596
8088
2909
3778
445
9261
9640
9552
5072
5902
9432
9686
343
6252
1837
7491
7154
4852
2839
2556
6221
3887
2637
4555
1847
9278
4171
70
3012
4674
5307
367
4347
7576
7833
1650
2792
4123
8002
2365
3184
3467
8572
8964
9074
5857
269
2964
7708
9574
5589
4256
4185
3667
3488
7708
5451
8354
1931
1166
5090
9569
6540
397
595
9064
5339
2767
8418
186
4698
3030
6849
474
9371
2754
5314
3672
5481
5989
9008
1206
2361
3438
9085
1050
6182
679
4087
125
6198
4438
2192
6835
7275
3614
6927
8175
8369
9
518
7502
4545
7522
4875
2558
7406
3710
4295
734
2394
1779
2873
5941
2158
3884
7208
3101
1312
9544
2881
4660
8679
8293
3988
259
838
13
3199
5757
5827
7139
5302
5471
5471
1505
6660
4839
8562
6526
3644
2471
6383
3353
7730
4419
1565
6250
4677
3391
6405
3825
6863
8825
7127
5858
8823
6252
3533
4615
1720
7392
511
8537
4907
5254
6477
7401
470
652
7223
2369
4538
4785
5900
409
8276
5326
562
9569
8694
4587
5336
9808
9351
2001
276
6477
8343
9613
2682
408
1305
3947
4805
6251
1960
7845
8445
2475
7941
4163
5780
4025
6167
4036
9286
2077
2924
6718
7581
3497
5690
3964
5921
7133
2056
703
9186
2905
4978
9999
9058
857
7969
6815
1063
591
9980
9648
8449
430
6880
8086
1627
4530
8807
1311
3640
5315
2714
8198
3552
1625
2031
9185
4717
7340
8025
7672
4195
1256
8659
5539
7497
7942
5105
4922
6055
9352
2972
8695
2096
3276
8268
7151
6617
7603
2337
1390
8325
745
7063
3870
191
6780
6447
7432
8826
8784
2097
3723
2566
2307
5453
7193
1770
1340
589
3685
9424
3884
5255
4288
2342
4019
6101
276
3357
4880
2568
7114
5002
6634
9346
3450
4193
4789
5348
716
1494
7673
6096
7271
7254
9249
6128
9788
7822
1075
5380
5276
7013
8652
1966
4440
5489
2774
1528
6171
678
6171
4075
3946
6216
4982
8720
5931
2961
2003
3000
6981
5991
9872
2190
1751
7788
7984
7033
3092
7890
6312
2453
2282
9499
7291
100
6350
4668
4905
7960
1418
3260
9176
38
5322
3597
2150
1054
2271
529
197
6827
5819
8074
8398
9284
7141
6462
214
6652
7505
5741
8435
8281
4365
3718
1793
4446
8924
4882
2370
1263
8055
4042
1581
3721
6814
9833
6867
8153
5637
6929
4761
2563
7693
9485
6634
4207
1101
8006
2959
9888
4454
8253
455
5677
4825
895
5673
1604
1804
7704
2129
7389
8159
8933
8771
1776
6493
4677
2469
7307
9594
2060
1014
575
979
5871
587
4879
7084
7586
3344
918
1922
2482
6809
9802
3587
5904
8895
5919
4160
5263
6349
7933
4799
7372
4404
8759
713
4857
7713
6423
5536
5651
293
2393
7238
9879
4698
8953
308
793
4520
4218
4359
1211
5466
5676
2124
8969
8189
588
5781
6550
3147
4331
5710
3080
5775
3606
1467
1828
4166
2226
9872
6920
5381
6271
2188
4415
2564
3707
1206
9941
5610
3366
742
2131
3574
3588
1905
8727
6634
1744
6668
7125
642
8986
2504
5962
6682
4157
4104
1091
7486
8479
6627
2293
4345
7438
5830
9195
3488
7709
6404
4481
9381
5839
939
9780
3588
3579
9506
2187
1701
2739
5193
2421
5558
2746
6278
6395
3766
6226
7732
8407
9603
115
2455
7131
6739
8449
7785
6135
7758
2710
5239
8924
5339
2186
7743
4802
8046
2724
2373
3103
4650
1917
9390
4746
3285
4205
6735
1599
1159
9434
5428
7262
9977
7997
4877
9266
3384
3808
3040
5139
5794
3370
4428
8990
7500
6269
7081
3371
5003
1476
8348
1042
3852
4628
3756
7686
724
7708
3845
2534
1713
6186
4976
8323
7281
7977
8947
7342
7309
8477
1418
4237
9683
7234
7309
1280
7488
399
7246
7016
7123
3363
6596
9683
1086
4386
3410
5348
4241
7191
8541
5675
9963
506
3425
9607
8394
6104
1709
9523
7321
9739
6062
6525
58
4110
1359
6617
7319
2476
198
325
462
6828
5411
8350
9590
5293
7237
2894
4566
3599
3101
117
9935
5742
4274
9177
3808
7701
2885
1383
8689
7723
9695
7383
7300
70
9625
6975
3027
6792
8028
1764
6993
8216
5212
3135
5095
5074
17
3101
8867
8814
4956
3722
6638
5944
6590
4315
9836
2182
2808
9617
9590
8814
1635
2739
7132
8027
1050
9520
5667
262
9867
7774
5570
1336
3124
1719
529
1139
4082
8734
7684
9784
2516
9874
2766
5973
745
1355
3480
5309
7138
844
3984
8410
2174
8178
6580
2473
6002
7067
4024
496
7433
8605
8947
7182
8151
5301
2820
4870
3785
8697
8100
4074
1933
9805
6298
1760
9972
1159
7281
9695
6040
358
3123
9022
3790
7160
9161
4946
5139
8056
5137
7014
4710
7187
2351
3911
927
5584
7822
5444
8535
8609
1524
8441
2744
9909
6477
2368
1880
4819
2501
4842
9786
4329
4456
7075
5481
9924
3392
991
6139
7873
9731
5729
3560
1085
9364
4745
7454
2387
832
4387
3337
1837
1159
7430
8833
4682
6277
3880
682
6793
3065
319
5554
294
7228
380
2731
5275
8429
1003
2192
6830
9304
661
8878
5795
4881
1659
545
1731
4914
9493
3986
8113
1504
7948
3169
7026
8241
799
3646
9512
308
9346
4808
9411
174
3265
3857
8983
2014
2178
3957
9829
2195
6506
2532
498
8552
3037
9801
4618
3334
8950
1878
3572
6332
7441
8789
9279
7211
5704
7033
7630
7356
2679
6522
9957
5853
9466
5621
1615
7801
1562
9717
2735
5535
4156
5917
4998
5415
2671
8474
5204
997
9027
6177
1357
7467
1236
3078
2732
4475
4578
1772
6309
5144
6327
2473
9516
9984
2575
4645
9085
7416
8185
6817
1772
9233
9143
8036
2175
1523
3791
3863
4540
7230
1829
6632
8328
6502
5164
2490
4616
6387
2888
7139
3222
9790
3407
7590
9208
1683
6401
5014
2840
8026
9388
7788
2812
2210
4405
2124
8324
3200
903
1208
684
714
7232
9079
3315
9694
4144
3013
4819
84
28
2697
4527
1045
3594
1982
5825
1552
8827
492
5122
8777
1022
6514
7841
4041
3820
6118
2096
3039
4166
1416
5484
1679
6455
2508
2558
4328
4275
9513
7538
3387
194
2755
7997
6691
3260
1766
8615
2422
6299
6771
4372
410
6086
1907
9692
718
1238
9273
5874
8026
917
1779
5918
8611
7213
2847
4590
1086
9424
1497
7276
9313
2953
1735
8583
8266
8516
1150
781
2053
7502
9673
6740
7394
7044
5073
5593
4548
2815
1839
3089
5002
3638
9511
2470
8414
6837
9385
9477
413
7175
7529
2998
4802
9494
5058
7456
4350
3324
1425
2201
88
8492
3820
524
1243
5039
8524
1567
2139
7253
42
8270
7584
8407
2274
5674
3442
9265
168
1429
9130
1672
367
4878
9972
6675
1938
7899
1985
7617
1243
1224
1390
9638
3001
6509
9818
8987
1227
3375
8312
7818
7338
3159
7133
9258
5414
6394
7220
9383
4014
5085
3155
9995
3071
8415
8124
8942
551
4567
3100
624
9581
4522
6010
8818
6880
7945
5405
5764
5856
4454
8037
6793
3116
1312
4334
7208
7744
713
1260
5543
678
2602
3602
6158
8068
1394
6567
4586
8385
875
8435
6659
274
7687
8236
2815
7149
8315
2378
7468
989
1456
3526
9559
7047
6361
6878
1759
4081
915
1198
9837
3306
7556
9945
6979
919
9852
749
5485
1378
819
7378
4981
6019
1378
6519
5428
3075
1518
59
9429
8334
3792
4554
9222
9075
4042
9110
1707
4515
4808
504
7469
9677
8597
3352
2717
7741
1257
1895
7297
7566
6893
6089
170
4077
8545
3540
5668
9842
1449
8683
2563
856
1769
1503
9514
3002
723
7904
6877
741
9042
969
6570
314
9909
5303
7421
8025
3801
7687
1817
9622
2762
1862
1441
7702
4384
5145
529
501
3441
1864
3065
6124
7941
6612
7908
7094
3838
9715
7018
3352
5018
6555
8524
5923
9519
9855
4167
3241
6119
7643
6040
3762
6866
2941
8094
9906
61
1812
8618
5577
7374
6376
7299
7177
7903
445
2373
3296
7395
327
4187
4086
668
8464
4603
6206
3338
5517
8182
4528
977
7287
4382
5798
5823
9303
9258
5000
8518
8002
7032
2026
1097
1440
5978
8642
9255
1346
8020
9073
7482
871
5846
5791
3455
1954
3094
8401
8337
1887
6567
4544
3629
4089
4600
87
1993
1501
1353
8600
1187
7373
4778
9393
3294
2161
2989
9227
2486
5961
6950
1992
7497
9108
7045
106
1441
8590
2343
3869
6208
857
6662
6630
1435
2487
8396
7007
6840
5890
6648
7754
9993
9419
7886
109
6093
6452
2497
1294
8965
3866
5914
2375
4937
4575
7047
4520
7043
4494
8645
3403
9157
7484
2392
330
710
8147
7958
806
3764
5981
2387
6595
9313
9195
1999
8077
1222
6936
4012
4988
6093
1049
4903
2342
4942
4287
1693
6859
5440
3876
9963
2345
7245
3245
8596
2508
7027
7556
9399
7945
8494
1690
7529
2983
1478
9318
3062
5741
2576
8969
3298
107
481
3657
7309
8108
2581
49
5387
6423
6454
1098
5366
9888
6018
41
9350
6067
598
9490
1050
3666
7537
6066
6493
4402
3519
1919
863
5624
1224
5951
4283
6471
578
9856
1864
3587
5935
488
9927
6977
2168
2976
1491
7396
6324
7641
6965
1436
9967
6995
5142
3085
7918
9632
2570
4414
7163
2906
4589
661
9186
9762
5198
502
6814
8895
9310
6162
8177
5763
132
110
9563
4073
1497
4561
4575
9097
8078
5878
4954
9426
5657
4229
809
1198
8552
945
7285
7449
6424
3028
5899
9266
7790
2405
7777
988
581
7429
8330
803
3259
4204
6862
5031
3522
3845
8135
8009
9839
8065
4828
8710
5706
9760
4105
969
9693
5616
342
8364
8876
728
9338
7103
4211
297
6282
9091
6783
3586
8516
649
7547
4150
6167
1452
7366
5777
7676
4706
2810
9276
7610
8358
8200
7188
3559
8030
8300
6807
1295
4965
7086
9966
1926
2530
4865
9758
820
3225
7563
9043
1225
6252
9549
4178
1163
1556
3593
2653
3603
3916
7939
5636
5553
9600
3118
979
8903
7023
6737
8252
791
9976
2291
3550
3563
7581
2223
3636
6586
7607
4957
4451
7143
3766
8050
1357
8809
4022
6025
2003
4437
5646
3203
7379
7025
1449
4412
2326
9412
3886
855
3797
6487
9311
8252
1248
3960
5998
614
3582
9332
9956
6066
5995
8959
3488
8493
1787
1549
1760
2169
4881
998
4734
3815
5144
6772
4912
6524
2113
3168
9897
4223
2700
6751
1159
7963
7831
5513
6801
7397
2810
3407
2442
2671
4480
9580
7208
8420
3537
2956
2625
777
7652
1716
5974
2798
1753
5496
3108
4476
9048
9474
8501
413
9435
5733
3366
9243
7799
5524
661
6273
4747
4363
9359
1474
8555
2063
9334
5564
9564
6491
2987
9157
542
9120
6571
983
777
8360
6210
2335
2405
2325
8348
3336
4906
2029
3236
8746
6213
7964
621
8013
2295
6352
6029
3289
2357
4500
4243
9689
6161
7544
4911
2557
6486
9343
9870
314
9161
2382
8466
9438
9313
8326
3868
2421
6015
6022
6567
6525
8827
588
9350
1600
5870
4974
6862
4190
3090
3282
8626
6277
4117
6521
6174
4860
7414
5791
6849
5562
2158
2921
9585
3831
9498
1183
8699
3969
2484
3607
7274
6334
7932
7718
862
5573
8194
3311
6686
1512
2481
5679
7224
5879
3755
2188
5320
2792
2151
9007
5007
224
9173
1005
4367
5906
1002
5518
2102
4687
6274
2892
1706
9482
6008
2292
8345
6399
5658
600
6666
4103
9104
5336
3080
6478
5696
3705
75
7309
5862
5907
1817
3476
8600
7049
7161
6927
3350
4956
4570
2675
1208
1999
5238
9589
3973
7741
9870
1463
3843
8921
7133
1550
2341
903
1119
3836
7924
7888
209
7297
5442
4792
8825
367
1075
8230
882
8958
5131
1418
3048
702
6030
3990
2894
7104
98
3491
2505
7955
3834
8612
3466
6940
8773
266
1135
7696
5930
3325
9002
5461
4747
7273
7233
6416
3174
4870
8513
5743
6858
912
6331
2425
5873
6431
5520
8350
8009
4014
3737
4433
5383
2253
3462
6829
1326
1884
1594
809
7094
3185
3028
1805
2415
7586
5955
8757
6756
6478
3930
5228
4978
6762
1096
2922
2280
1041
1066
2342
4746
2784
9687
1915
9587
4569
77
2493
3810
403
5090
1289
3276
7704
8648
3672
7884
4525
9
8286
476
6762
1594
1530
84
8508
9455
8621
1156
540
4548
284
817
9251
6063
4310
3498
1112
2218
7846
7508
3461
4946
6353
1388
2641
1951
7274
8113
7424
5037
7754
1032
2780
1866
7983
1190
8156
1831
1078
5114
1456
1337
3270
5854
4805
471
4024
1640
4338
174
6771
2307
2163
777
7014
1816
5240
142
7443
6557
2181
508
3732
5502
6793
9252
8037
7385
8080
3119
5342
9281
1139
2732
6052
2124
1675
498
6582
2169
7927
5633
3775
7250
8266
5447
8868
2002
4851
6166
5949
8014
4388
4521
2933
948
7604
7768
9060
5553
2433
6639
3560
1218
4831
7490
1168
9431
4725
4890
140
4742
3559
5273
8629
6547
6732
6482
7235
1346
383
6035
2534
1913
7170
7328
4893
6617
9799
5104
4519
3906
1437
1029
9735
1288
2072
2557
2418
776
4278
9437
7277
9961
6025
1207
4454
9114
5892
6385
4215
1122
532
7714
5169
6398
4105
1646
4048
7503
2597
4551
9631
9620
371
6234
3304
2529
5537
7341
4475
4175
4063
6459
7068
945
8758
2572
5888
5962
2873
5778
725
3414
888
3396
3374
3723
5859
3337
7183
425
8508
4914
8178
9726
9805
7656
9590
9791
7902
1924
3576
8550
1909
40
7059
4073
645
4223
7639
1532
5758
8085
4630
6818
3826
6217
8732
6974
2860
9581
6670
2200
158
4049
5666
9149
8280
7342
1140
1102
2982
6096
8059
948
2201
2174
1504
848
6337
9300
3078
1636
5697
5650
4666
423
284
1359
5900
3587
8923
2615
6931
8321
5254
1376
8391
7859
4373
7909
5792
3303
3083
6537
8549
9662
25
3681
4617
1651
4713
7883
637
3559
6502
5033
6503
4507
9383
5243
8864
6920
1441
7552
2178
367
9165
9738
5694
825
3783
3644
6475
8427
3508
9774
8552
9159
7101
5004
397
6602
6742
4248
8874
1040
1978
3372
1818
220
4873
3883
8476
9129
9045
8871
1861
5531
4359
8182
496
287
7987
3792
7868
1069
1408
2209
50
6728
6481
7343
7406
4378
4846
2261
178
7193
8677
1138
8388
5793
7919
5473
5951
9899
5167
7345
9382
4636
7913
3020
4800
8919
4508
110
8615
2949
6379
7805
9631
9768
3321
5090
3739
7529
6477
4098
4283
6783
8693
4668
6853
3221
9793
4703
2367
2514
7840
7969
5901
4063
2827
5413
8814
3460
2543
8487
9870
4736
3646
7228
813
872
1506
8620
2471
2828
1733
8422
3421
1069
3061
2598
5943
3245
6167
1578
9125
9804
7742
6101
5109
8410
1903
5568
6941
7907
6275
279
4985
7990
4228
9547
3136
1464
3854
5981
1714
1173
2231
9539
780
9417
4548
4832
1001
228
9469
5569
7293
965
9361
65
6994
7545
2119
2403
8968
5938
1678
4564
6553
1454
3437
5430
6840
3514
9461
4479
9390
185
9863
7952
7573
8203
5320
5691
3862
7071
4566
6713
8437
705
2986
4020
8629
4162
2553
5591
9345
1450
7013
5776
9494
7666
2985
9326
5980
9117
7991
7487
766
4990
6178
7107
1101
1408
2492
8791
2224
6428
8541
1897
1371
4965
6126
5847
8468
9416
6801
2677
960
3870
5134
7940
3172
4086
8458
9906
5217
5994
9710
4744
9079
7079
5947
3446
4526
5878
2919
7221
1670
3762
3367
2917
2909
5116
4405
4529
1540
7137
857
6564
2316
5313
6526
6895
9856
8238
3935
7014
2950
2585
3573
6230
6717
3796
2817
4291
9017
2679
1320
2589
6497
9580
1007
7198
503
2216
5030
8056
9681
3928
8366
8079
5136
3145
2428
3765
552
9051
3590
6288
1943
5904
4270
9085
188
7136
6199
9113
2298
113
5511
8860
5817
8267
67
2735
4306
9328
6392
7639
3208
5878
7333
9021
4219
5494
1093
3571
1367
9051
3738
9966
9089
5032
646
592
5309
1921
7009
3366
6017
5917
5757
9567
8417
9506
2262
6868
3078
9692
9458
1224
2658
5950
3079
6064
8571
5249
4866
4694
6043
2627
7745
3246
6374
5544
9770
784
7621
9474
7426
2385
2319
3026
1622
7291
120
7765
604
4712
3231
4224
492
1674
9593
2514
7308
3139
1952
4581
2021
59
7055
2314
7323
3389
8171
2511
3192
2872
9735
1477
9247
3604
2266
7073
8904
9632
4327
5788
5944
805
4644
153
1463
1818
2135
6070
3653
3860
8236
6630
8831
3039
7452
7366
5329
5
5702
8233
9119
7609
4573
7732
4977
1753
4976
6887
9408
2519
3610
7675
8812
6164
8637
1216
5415
6902
851
5505
1254
2101
8857
9332
4635
3105
2646
6208
6152
4899
1743
8898
3929
6094
6669
8334
6231
6912
5176
9709
6841
5247
6661
1134
249
560
7818
2667
4401
6235
1951
8427
9154
197
6979
7017
8752
5240
3096
1871
9107
8768
735
4509
775
4711
3746
2718
9494
302
4985
8502
1726
1141
8663
6006
5439
7722
9082
4075
5287
9978
1806
9917
2947
3316
9744
3732
9114
9651
9582
990
3815
3304
601
8072
4512
2152
358
5538
6814
5099
3172
4099
1250
3448
6700
8012
1534
972
1577
1029
6158
9021
6584
9128
6962
818
1561
7458
4966
14
3603
9843
720
3994
4687
8421
540
590
1494
3287
7364
3544
7260
187
6806
7707
8666
9499
6616
1732
2198
8141
8073
8553
4832
4794
6720
1472
1110
3694
590
2900
571
6800
1496
3329
3378
7256
8761
8278
7472
943
9478
8290
3665
2613
1760
6396
2322
9254
2151
2062
842
3234
7815
5461
1769
2167
9161
9892
1701
9067
9480
7800
2697
4463
2973
460
8691
3477
4328
1410
737
8337
4259
1254
8663
9783
4888
2219
3034
323
9149
1855
1542
8528
2057
7336
8984
6034
1559
1211
8094
8869
6576
8404
1462
1678
5593
9201
9639
1299
7705
8845
4926
740
1324
2505
8974
6561
6797
1986
7279
6941
6857
1378
9918
7624
6257
4169
2406
5636
1476
2656
1917
3117
3315
1868
1760
5855
9791
6985
4189
5686
2579
1734
2618
304
6929
802
7203
9552
8361
2423
9236
9573
3932
1153
2011
5198
8486
3838
5421
1424
6795
4003
9823
5048
6927
1809
7425
9456
744
3119
6769
9812
7796
1592
4362
5123
8760
9613
694
5455
6965
2853
7275
9052
3419
2344
9184
2162
9856
6561
7369
5953
1564
2765
8891
8576
1910
7569
3377
5120
3376
7746
8807
5242
5654
9423
1776
2340
6790
6888
6438
8872
3143
9966
4458
3941
6727
770
1628
4582
2624
5263
9599
4183
5749
815
8248
5030
2701
5785
3212
1190
6235
5574
2078
9219
4045
2032
3398
3995
567
6844
5371
2968
123
8496
2809
1598
8307
4949
1848
1140
5940
8794
2495
8113
8146
4624
9493
4838
1175
6746
9639
1004
3675
5247
2637
7569
7887
5238
9895
4694
7372
7632
4015
5780
9891
6631
4059
7252
8005
6650
6723
7751
3937
2072
5250
7440
3078
3964
1073
9421
2539
8559
2820
3821
7205
4366
9293
4875
5859
5240
3710
3068
5053
7154
3767
8307
4779
6715
8222
1515
564
2240
6833
4525
22
1887
7067
1603
9997
5196
4491
3923
4165
474
2154
8813
4812
193
8575
5524
7337
9183
1392
2765
2940
3654
2698
6782
8304
6942
2661
6363
5741
9558
8856
299
1726
8295
3798
5317
7298
7689
4878
663
748
9786
8903
4579
4999
4954
3495
4585
8139
2697
4177
1380
847
4067
1585
6367
9189
285
3298
3054
2534
8128
8181
4607
1617
1855
7086
6517
6394
3257
8225
9648
4304
729
2016
3153
4751
8118
1783
3350
3447
8075
8223
3044
5380
7475
9451
7658
6710
7431
6128
7013
4391
1824
8128
2620
1605
4296
2961
3143
7867
6978
8190
4882
4472
4529
7076
118
2050
8431
1615
1070
8501
9947
9607
4459
9904
5137
9226
4141
2404
9427
9807
8963
7129
1211
5256
2480
2600
9395
1548
455
5156
8639
5482
6469
9884
3341
8572
851
399
9332
5607
8278
5815
5057
8511
4443
2217
3669
2716
6467
5069
8819
739
8440
7171
9227
7753
3260
9272
4595
7517
2655
6883
1160
5913
9862
4465
3138
4574
6563
6565
8374
3742
3071
3819
1528
3148
2071
2699
812
263
8931
6679
5080
5385
6337
7899
7042
9297
657
5587
5312
1578
5804
1814
2952
1395
4655
9144
8649
9978
9079
9095
6152
9902
6695
5077
7667
4620
5642
6078
5681
560
8460
4332
8586
5975
1802
5774
9576
1963
7422
3840
3916
976
1253
6795
7938
1256
866
133
8493
2927
4050
834
1183
9836
527
5178
8690
1259
231
2422
3655
4579
9905
4751
3118
1471
3228
6977
9592
8880
9567
6685
2555
5239
5178
5176
8649
9899
7139
6411
3753
5508
7584
2754
6509
7625
3148
8750
5447
6624
7084
8316
1731
5000
184
9337
1070
6501
3676
6466
8028
3889
540
9612
3359
7364
8278
5944
4657
5351
6528
8790
4120
3820
8668
8146
6994
7151
8242
5492
8323
4478
1529
2968
1796
1250
4954
7555
5054
5840
4106
2148
6222
672
8382
9863
4968
7971
9395
9144
9347
7203
4092
96
95
8293
4196
7911
6331
2038
2343
3918
8259
8184
8143
3550
2360
7572
7816
2109
2410
723
890
8817
1245
4380
2567
3447
5437
8805
3178
9022
7756
9097
6145
1119
385
1432
2872
3503
7053
7043
1223
3016
3497
187
3889
8038
2529
4832
7503
7395
155
7285
6734
8623
6313
5275
8850
5715
5725
749
2473
7526
8859
3320
6162
9162
2038
7024
3164
927
4700
4313
5055
5367
9500
7874
5319
1058
490
4528
918
604
1301
5782
8866
470
2362
7521
4806
5110
2581
7156
7777
6304
4569
3696
4156
176
4024
4726
6000
5505
1668
6576
2695
5842
2230
1367
9123
8438
9955
7792
5224
1196
9830
1868
6225
3077
4454
5692
6799
4517
2217
8053
8345
7544
6535
8750
797
5803
3718
5143
7034
5763
8528
5413
8936
4725
3087
3024
8239
995
8397
6367
5155
4789
1931
6580
6473
2700
7471
1079
5722
8331
7927
1482
3287
3615
8230
5151
9306
3480
569
3320
4720
4812
758
9460
2667
4417
2932
1499
9989
1429
7453
5804
6119
5850
2897
3556
5612
9955
2276
8097
8332
2638
9420
8702
7836
7046
2126
5321
6494
7936
3718
4759
425
5077
1647
343
4030
2470
3912
2056
9768
5971
1089
4292
878
2122
5363
7436
717
4674
9538
9351
1203
2471
4987
2081
5391
2055
1624
5621
2291
7610
5005
2053
7711
2694
5378
1042
4202
2554
9525
3142
6042
220
8328
2360
1549
5128
7824
5713
1682
4689
4604
1819
8397
4366
3555
7953
89
9565
4952
1975
846
8291
9764
2157
966
9036
6580
8184
6744
4321
3233
8162
5149
6396
3308
982
4143
2626
532
262
4230
5910
3938
7602
3006
3185
3655
3344
9138
7424
952
4637
7602
7549
2296
7751
455
6170
1394
2512
8548
9640
8969
7361
1455
6441
6670
2001
1058
2573
3810
7462
9033
4689
7744
4935
4352
2162
9151
7781
5381
3235
9046
9320
3368
8596
560
7600
4099
5557
526
7972
1232
8019
1714
4590
6941
6577
6147
6565
6514
1653
2286
6564
3613
3489
5603
2912
9805
7360
3399
8293
7019
3613
7131
5312
594
9649
3992
2858
5880
9070
7901
5500
2046
5838
6230
1014
2975
3153
7994
7774
6015
2585
1266
3727
948
2481
5706
9878
2993
7648
7794
6739
2158
2233
952
7618
888
6401
3995
7291
2584
3288
684
7444
3751
6786
4518
7775
7259
4589
9936
6651
9366
5624
2278
4433
2347
3403
4364
8113
3943
4114
9865
8231
1275
1162
3342
9812
4885
8611
126
6574
9157
702
5190
2726
1901
3821
9975
4162
7962
7930
2619
8404
7711
1143
7372
6534
9955
6519
5271
7484
2037
5882
3348
8470
3423
2453
6169
2589
3443
4705
2889
8648
4462
3362
7493
8664
433
9551
2532
8526
3428
201
150
6012
1495
1460
520
131
3790
6808
9857
8366
3340
2641
4537
3275
7353
6720
9303
9447
7652
7386
718
3256
5041
3970
3941
4349
3650
8708
6100
403
3986
6745
4056
1835
5731
7336
6974
1962
1933
6037
8799
6635
4847
4523
5307
1821
8824
4218
1311
3713
248
3084
873
6041
9482
6894
970
7524
7519
6170
6481
5082
707
9454
4380
6594
8585
2701
7543
16
9745
7340
7514
1614
8586
4083
8408
518
8662
2120
5524
9432
7396
2386
154
901
5871
8014
2352
8837
6366
9450
4442
5762
9555
3717
5927
5393
142
8713
3235
6123
6674
1294
3968
2908
5569
9259
7454
5399
8485
452
8861
5399
645
7049
7685
8321
9299
3478
723
571
348
8705
3650
294
2897
1752
2059
4869
8155
3015
375
9949
8884
9401
2757
6102
8417
7246
5332
6612
559
6953
352
5913
589
9043
5116
2505
6032
7606
6093
6664
7989
2664
5774
7969
7644
3673
10
3817
7199
2585
7243
5469
77
8911
6514
1244
4292
1583
9903
2053
8146
4110
11
3395
8352
7736
9705
3854
6635
9553
8837
549
6922
3710
1959
6220
3627
4788
8457
4744
7236
1514
9412
7974
9709
4883
5836
1677
2528
3872
8212
4448
7702
4040
8518
3878
2652
2379
9616
9907
3968
6156
7181
7645
3747
6694
8547
6366
6951
294
7617
9504
3125
5159
4816
6631
4698
2037
3685
3469
1900
8027
1325
2763
1340
4388
2846
2881
5192
8080
3567
1248
5172
8549
775
1080
4333
1766
4226
3015
6335
9469
4725
2234
6254
8708
1322
2543
9223
1886
9180
615
8693
6146
8007
5940
4830
4418
6304
9358
3847
5666
1174
8870
6726
6369
4332
4576
4384
3736
2298
2931
7811
669
7134
2430
3302
9091
6508
2632
3065
303
3657
3305
8900
2952
2554
9025
541
4834
6249
9914
5462
4867
9168
669
8295
5854
5507
9885
4376
6746
8158
5487
9588
6249
2803
8024
9012
5577
2638
5738
7909
3672
6293
3543
2008
7868
9970
3773
3814
5306
4034
9549
7486
2383
7469
2943
1500
6464
4134
7447
3583
6622
8255
6319
2144
8170
3717
2651
149
4530
13
4964
2196
510
2005
1789
8574
5625
8661
427
5883
1734
6071
9070
2712
8609
8000
7204
8779
9859
6523
2548
1442
5190
2155
1287
5416
9974
1398
3838
4151
7319
3624
9284
5293
9070
7352
6975
378
5679
4369
5875
7803
3707
1563
1849
551
9185
3607
3535
169
6512
3871
289
8007
7465
3521
7006
8355
718
6372
8600
4227
4823
6276
8564
8109
6786
3777
3641
1257
1024
6826
3100
5490
647
4744
7735
3626
305
735
6231
6366
7862
3668
7638
3447
3335
1277
7828
5549
345
8620
9660
9307
5769
1648
2980
7431
2999
3740
3764
5408
9965
2277
9144
9686
771
4798
7359
2720
5785
3380
8049
9982
141
2233
6364
1154
8637
5117
4773
5509
5949
8092
911
2404
7166
3793
9721
8999
1764
304
627
6565
6970
823
6401
5585
4523
7952
2676
8536
3917
5107
9763
6965
570
9677
9165
3536
5283
1825
8793
7882
8966
8255
9459
1873
1366
6740
2519
6978
5077
8359
955
5481
2752
1484
3012
9317
5831
779
6631
685
2440
6237
1591
841
8328
3945
1834
7489
4627
6184
3715
9939
1510
2745
7599
8715
1364
4528
4218
7783
5432
5697
3459
5558
4152
4282
4212
9085
6664
9847
7704
4504
5194
8108
5441
2729
6663
8617
3544
7420
4906
