5233
817
528
6929
3438
9920
2869
2662
9993
2771
2919
216
212
3122
8266
3579
266
5206
8927
7033
9192
9969
8077
6296
4878
182
767
3885
6192
6193
1692
8432
3119
8200
4068
9502
6691
8096
908
9853
1455
1558
7248
387
6698
5748
7239
8587
8788
8213
6013
8761
5314
5701
5193
5264
2740
4232
2051
3255
9152
8983
6470
3800
1079
4487
7097
2011
9054
8764
6887
2170
4298
9074
5577
7634
2721
7689
9597
9130
2943
2180
5097
7979
179
2930
3118
7417
3007
8803
6762
2458
6045
7652
701
2472
5088
3447
9308
2211
8650
5227
9532
24
1325
3842
4463
6240
124
7558
2543
5050
4634
2920
312
6972
3886
8490
3620
8148
1368
9679
9004
251
2002
4429
6125
6645
8372
3105
2545
9273
8381
7385
479
7715
2647
5073
6654
6337
8466
6878
7293
5448
6259
1711
7824
3124
7340
3728
8585
6598
9826
1159
842
8970
6223
9281
8022
6896
7717
7817
7867
7019
5013
3270
6668
7249
2441
2596
4324
8813
1835
7283
9681
4490
2386
3555
3991
290
6605
3000
9305
4644
4519
5947
9446
7221
6542
1508
1492
3366
7051
9758
8619
648
9011
274
435
2989
5043
574
683
4743
9404
9772
4762
2543
1477
6352
6583
2668
5289
7731
291
4717
8512
3223
2499
9065
3823
9447
706
932
1104
957
1762
2077
8663
9033
5479
2112
3120
1002
5247
6030
2317
4562
5239
4746
1184
6903
5743
190
4924
8823
8077
9319
9467
3902
2136
5788
7774
1369
9166
5595
9867
9750
3638
8446
8010
2685
3879
2444
872
4471
9548
4287
2484
4260
2399
3950
7983
7752
7881
6919
3703
516
6007
2281
2880
2442
2609
4761
6896
9691
4338
1750
1836
9651
6162
2566
923
6793
6736
8499
3024
3299
9317
453
9275
3790
6834
5206
1502
8186
7804
21
3488
2246
1892
9351
3743
1357
5566
5567
75
9117
5547
1180
132
7797
2451
2833
8098
9833
3026
1189
1015
9381
3895
404
1198
5553
3005
9089
5608
7403
3258
8710
1886
4316
8261
9589
7759
6811
8823
9566
1226
1169
8423
3906
7751
8136
320
1477
1338
4001
7108
1669
5160
6614
9005
4106
8351
1487
8153
8189
8352
6476
9959
2672
5859
6836
9294
5816
9535
2861
5073
1287
1009
3459
9963
9846
958
9988
2653
3061
5232
1527
7751
1606
294
1589
3550
5271
5310
4155
1238
6271
8658
633
1214
4749
1210
5750
8047
914
8842
4504
1941
8477
8927
5821
659
1700
6651
9159
3147
8362
8834
5091
2956
6824
8725
8352
2378
4270
3286
4022
505
5380
1623
8802
2629
376
2245
5213
8636
5208
1941
1738
4218
728
9585
9274
2678
4473
929
1850
8620
6151
1007
2875
7437
3566
7676
4390
6024
2857
3372
3777
7628
4820
3998
6561
6853
125
3192
283
9455
1437
522
7939
6421
7095
872
2228
7238
9451
5673
7905
3340
1436
5401
4353
4372
8747
1365
9062
2699
7855
9189
5779
1835
8163
4110
9398
6729
3024
2420
2553
1280
645
2395
7182
5629
3067
6454
341
2693
5448
7151
6572
7183
5467
436
6191
9418
9645
2188
8106
8759
4129
7584
1599
2248
4742
6103
8257
2985
1474
5498
4214
7030
3120
6624
2695
9041
8218
8724
1304
2293
1024
6368
7250
703
2616
8596
6368
7726
7918
9979
7084
835
4314
3793
7150
3061
795
4934
886
6964
8196
7355
1219
9949
2936
9541
4063
8842
7741
7150
1199
920
883
5813
7735
7761
333
896
9631
6146
9735
531
5066
1494
8414
3378
2716
9326
9473
9633
8246
3284
7837
4340
4096
3668
5149
7300
7767
3074
4532
7525
9985
767
8780
6163
9951
8501
6058
9389
2727
9899
5302
4739
7229
7665
2289
9724
1535
9557
6825
4736
9369
8108
8904
7915
3082
6543
1716
4067
2611
3032
3128
6557
1613
2209
545
4298
2714
2251
3427
4215
3268
84
6905
8346
7981
3098
7111
6431
1379
5424
5765
8209
6249
9796
8156
1877
1863
864
3080
3408
6784
1990
6777
9695
6770
8745
3125
5019
7119
7990
7010
9284
6130
2609
1468
9284
1202
557
9933
9984
9431
5285
2688
7187
7267
4919
307
1817
4052
8668
2435
1849
9170
18
7430
1277
3306
7210
1576
9235
9972
2091
9311
3388
8413
6481
2078
3639
8328
8871
674
1305
930
3096
3976
1499
9301
9590
2428
1850
8438
1307
967
8450
5554
5161
113
6111
5178
190
5978
3992
8980
698
11
7339
5973
9299
8773
785
2841
6668
3489
5180
7994
1130
918
6074
6041
5931
1975
3716
4782
9726
797
8664
1124
860
7834
3252
6367
5966
8460
8137
2893
6682
2324
232
3084
6637
5526
2
816
1642
9008
1770
7818
5786
456
4424
4242
4039
70
9247
8214
2261
9209
9254
9901
1346
6215
5112
1465
5521
4417
6874
8207
5352
2286
1311
8805
685
2989
9404
405
1973
2899
3139
717
9027
846
5337
403
3410
9009
2328
5896
9213
9923
631
7472
3070
331
1738
422
413
8536
5295
7224
2133
3563
2466
3499
9145
5618
3556
1049
665
8842
6240
9362
6070
8536
874
499
877
4708
8055
6511
2089
978
8993
5428
1655
3838
5735
354
1251
8982
9991
3437
7604
5914
8583
5464
8380
1838
1258
7791
5452
1278
5231
371
3682
1269
1402
4533
9457
1238
9544
5704
481
8784
5135
1155
4569
7037
1844
5306
9882
3202
9797
1682
8850
2803
1757
155
9952
5409
2119
9038
3450
263
1058
810
5747
8622
1746
385
2436
1201
897
13
9437
4287
2955
8820
779
7428
894
1342
9993
5952
7909
2250
1480
3548
1520
879
9512
1246
4581
4047
9118
506
2254
218
7725
4324
5408
5946
5291
1459
2869
8681
2304
9784
2244
4562
9847
2937
9376
2524
4515
776
9045
7497
2354
8807
9329
2198
7101
866
873
1189
6620
6850
894
8931
2033
2737
1094
6454
2020
4948
6051
8534
3082
9227
9946
1696
1303
6957
1031
6574
1870
2056
9532
8342
1460
4756
7864
8918
4994
3209
8844
4424
585
1680
2060
5454
8889
3313
2529
7110
1842
2921
504
9567
4725
510
4415
3126
8861
7633
895
143
9835
4298
9318
4563
7318
2552
7470
7277
4872
2176
1459
8810
6103
1627
7949
1401
7166
4492
2806
7990
4428
3920
4732
8949
1552
9965
3617
950
340
4737
57
7361
2314
8701
4588
6286
2361
7497
8136
6337
5842
5252
2237
9665
1461
1693
3463
3097
2561
3013
5959
4368
4827
2904
5715
5914
9566
369
3011
7352
8935
6520
6936
134
2119
4098
6496
7402
7038
1662
9040
9669
6355
6469
2148
9176
1682
5066
7487
9859
6501
519
8388
7326
8778
5688
2533
9409
2985
8673
6720
1991
4486
783
7401
9321
8315
2102
7546
7362
5196
6061
6059
899
3973
6289
8012
8358
756
6539
4232
4499
2882
3151
851
8415
8132
9609
1356
6431
1565
7087
4416
8364
4941
7048
5183
5572
9067
2826
860
9580
7520
124
4663
439
4460
7489
3353
2489
7675
4175
8653
6446
4441
2220
9109
1334
9931
8986
1189
8705
746
1114
5797
8108
1645
7694
5957
6924
1105
2440
9290
7929
5678
4652
6979
2757
8488
412
3955
643
6256
8867
8756
7389
8434
7969
3923
2721
7939
3849
5640
81
1637
2154
8833
6405
4327
6554
8793
6765
1531
6428
1383
5234
4884
723
767
9789
5241
6351
2846
9519
5030
545
2449
1879
2358
8408
9674
3675
3771
3236
8984
7256
6799
9209
6291
3523
5818
573
8430
1933
1618
7190
9111
9827
7484
3521
2504
7710
7201
4133
7480
1588
1002
6121
5050
1092
9705
6954
4047
5919
6879
5118
2994
8295
7444
4126
8435
5674
4432
7244
3970
4667
7921
912
7901
7840
1434
2621
4394
8837
5903
1964
6473
9637
5755
7396
6254
678
4158
5199
3818
8864
6525
2510
5054
6499
4195
816
2383
3357
5085
6829
3277
9957
162
2812
3666
89
8219
7210
9658
7083
2559
5210
16
4914
8644
3357
2539
48
7872
7756
1516
9233
3426
5106
8141
5410
5858
1401
3644
617
238
1037
3751
9073
8687
6516
9474
2943
3729
6164
2458
6948
5541
6734
6304
1315
2494
139
7855
838
8276
2335
5485
7329
5313
4044
6531
5056
4670
8255
4231
6818
3565
9040
6845
1522
1459
942
6227
2128
3882
9596
6318
1708
5297
4567
3692
6691
8801
6826
2916
5719
3546
2806
2341
7903
5551
6422
3759
4642
9984
4418
8272
5473
1932
5640
3382
6500
9888
4782
9856
1552
3911
5726
6955
8679
6016
3777
2031
745
352
9839
6254
7843
5339
8511
3271
759
6698
8941
5970
5036
7182
1584
2143
9464
1323
845
9775
9656
1185
7191
6802
4019
6970
1364
1807
7819
5851
3661
1887
1774
4391
3013
4290
144
8164
429
133
3420
2369
2622
9802
947
8812
4819
4369
2326
3582
7491
7356
5170
4002
2374
9560
3160
3037
2235
873
3975
6704
5452
4908
3036
7054
4195
645
4168
7293
1999
1300
894
711
6354
7287
8562
7388
5855
5206
2150
6994
9480
4236
8360
6305
6716
7772
2016
3453
1129
7107
5928
9555
6158
6716
6916
7714
6765
3892
4616
4173
200
5032
1583
6190
6461
4459
7647
5086
997
5772
7181
7028
8722
6980
7223
1215
6548
6731
338
6423
8628
715
6164
4891
5371
1339
4552
9637
370
847
622
1963
590
7977
6794
4447
2652
2169
9843
2256
124
6930
2455
5357
9926
8900
832
9178
9493
5700
1166
34
3554
8192
5544
9485
8868
6692
819
5122
9906
8010
4715
150
5149
5218
6438
745
186
2775
8563
4378
6887
8081
6299
1698
8259
806
4964
6471
506
5374
144
4670
9680
587
8408
2397
2432
7308
5578
5960
1349
4720
2350
2114
2214
2305
208
4708
2461
87
8992
6717
7137
6787
3147
5472
1893
3846
1225
8062
1727
4348
4616
4531
7865
45
469
4561
6809
4041
8312
2877
7196
2603
3029
2167
5730
4184
9483
5954
597
256
4009
419
6382
3427
7532
2893
7440
2936
503
8586
6082
7516
4232
7001
104
7818
4248
2169
1836
5647
7899
8420
1774
6114
9520
4534
3758
980
9742
7709
4362
5271
7465
1471
338
4197
8149
4438
2512
7575
7120
3873
3537
9726
6794
9680
8371
6027
2062
7912
9935
7314
4117
4949
2357
5589
8645
267
3906
2998
9134
6460
3194
2794
4224
811
50
2761
6662
5907
9669
9810
9656
4260
8526
4025
4882
2047
9320
9839
6163
7730
8917
1829
7773
7047
1153
2515
9113
4749
5551
7881
531
9513
8441
659
679
743
5502
5983
9629
5609
9365
6155
8242
124
7657
9857
6422
8331
706
6597
947
4066
6835
1404
7543
1364
5020
7176
9657
7535
3647
1913
355
1788
9279
142
5819
7867
3346
4139
6545
3337
210
553
8365
2761
3587
7648
9390
1295
6092
781
4043
8953
6933
6464
2678
7037
3116
9315
5723
8326
6325
2093
1962
7452
5800
6453
845
7514
4038
8555
4985
6567
52
7610
3856
6282
3038
4782
7776
7371
7786
8361
1443
2865
7869
1401
4855
2815
7464
8781
4750
4031
8416
8219
7011
8116
8590
912
6960
7133
6803
1875
7257
7536
5796
7476
8901
9323
2607
6395
3998
8334
1538
8351
539
7963
650
9096
9582
4399
1598
8029
50
5256
3805
953
8151
1833
598
5739
7691
2126
7821
642
567
5910
1104
3906
7068
393
2500
5532
207
1069
4783
6416
2493
64
7679
9048
7466
9494
