8809
7735
1218
4883
6144
2839
2495
8546
6487
9113
7214
5060
4067
77
3853
5437
4289
243
1888
3687
3784
2905
2604
8796
6709
1783
9321
4567
6319
8528
3442
773
8303
779
2348
4020
8294
8107
7418
3346
3795
6012
5240
6619
4485
169
6602
4413
9418
2223
7792
3847
5711
1558
7224
5904
5131
2422
8173
4360
3517
7927
2226
7959
5671
6440
6757
3288
7729
9832
7143
6182
2824
8542
9892
7772
7665
5984
4311
6540
5180
4908
5149
4096
736
9594
5062
6745
3554
6443
8889
5871
9933
3057
9828
5867
3785
7281
948
8044
3411
3313
6684
9585
5079
1609
1022
7169
1665
9452
8239
9146
8111
1633
9180
8609
2778
8130
7222
6077
1378
11
9733
1285
943
1271
6248
9767
8713
4025
3986
383
5036
6267
3128
1866
8224
5563
9016
9126
8571
7892
5079
4102
8204
9742
7760
8300
3877
1219
3089
5655
58
4871
6665
3400
3580
5399
8642
3808
5361
1255
8456
7640
5466
7855
4110
1843
8504
7313
385
7215
9113
8096
7505
3485
4932
5631
3081
1200
3510
7948
5890
7493
936
8331
325
164
9601
9728
8286
2824
6921
5208
3765
7315
9436
7439
8636
348
5631
5917
9796
6563
834
5873
6541
1961
7365
3179
8468
7949
2317
7441
297
7412
5365
962
6704
7135
7530
3946
2242
8775
9027
7560
294
3905
4331
189
4049
7492
6995
2732
5568
7593
8152
9326
6659
5062
1789
8363
2798
6422
1260
336
507
9479
4910
6352
1950
8474
734
1501
2818
1685
3675
1020
7536
3274
5579
2635
7629
7175
9130
975
954
9584
1872
2704
9260
6039
4302
1642
5345
9166
1147
5819
7515
8690
7053
814
8995
7979
8239
5574
6757
5493
9914
3883
3918
7132
1789
3385
9482
9154
733
5622
7291
285
9382
922
7606
2205
7091
5911
4171
9092
6155
3651
538
7855
3504
8846
6221
4765
3639
9650
8936
3555
4217
5460
9670
7989
8786
2128
4249
917
2160
6191
8432
5524
8528
7230
9307
6130
3207
6790
887
2328
1402
7665
9338
6262
3344
6063
3627
2943
7163
4716
5514
1083
6686
3736
6067
3922
1252
9617
3419
4963
1661
3254
6932
9964
5219
5013
9327
6274
9538
90
1557
6849
8762
6607
2153
6552
6122
3407
4644
2722
8501
1306
3753
7443
676
7348
8837
4791
1162
5385
4878
3590
3370
5924
667
8148
732
9373
1043
8330
6736
7352
3404
7073
3158
8664
2320
79
1583
9514
7800
7844
4972
696
6461
354
9500
9489
9288
7870
6176
4535
5111
4152
5211
7967
3478
2838
5940
4004
5820
6748
2364
6313
5986
1148
7901
6680
4284
2011
5028
8758
3208
1648
7585
7034
8617
2674
9463
312
8647
1243
85
3172
2154
2201
2241
9251
1861
5190
5186
9482
4138
7578
3694
1051
5480
8659
4710
5313
2452
2819
5204
7276
2842
7417
1326
3463
6567
8177
9350
804
3375
5627
5357
4577
6663
9191
4159
3785
8907
8650
4819
9093
6825
5546
4619
5630
7953
6534
1553
9958
7964
4150
7859
5827
6038
2809
329
4736
874
8778
2684
3683
5840
4381
6107
8511
2220
9117
4388
6288
4499
924
6405
3802
8000
6111
450
7296
2798
5695
5509
33
6623
9392
2840
9225
7767
9529
8538
3853
8862
9422
2910
129
5965
1135
3253
2443
9439
6107
3409
8836
2145
5265
5458
7039
7744
4057
7827
9927
2358
3033
1938
5179
3268
2651
7059
6447
1541
6881
744
2691
578
534
7426
5077
8013
6276
7836
6864
2857
8006
7856
6690
2285
6672
7887
1358
3934
5800
1480
3710
1702
8611
1495
5828
7484
7731
6860
3314
4075
6805
902
2557
5363
718
8257
1611
7838
380
9025
1467
6220
962
7069
4351
5176
5247
2893
6596
4763
5701
2513
5740
5400
7033
988
1966
9039
1598
7593
282
9416
4522
2789
6052
7104
5299
1326
1567
8414
6275
3519
3553
6775
13
7489
740
1542
7143
651
2236
4838
264
8550
8374
4292
5161
7156
8330
9730
6291
2572
6240
2787
8743
2050
1697
8173
1016
7247
9877
3921
1326
8181
8487
2181
8959
8965
5387
9543
248
424
1895
946
5357
5444
9152
5971
4414
1759
1943
8143
2996
1836
2123
3703
7278
765
8032
7963
5792
2567
525
9896
774
8314
3511
2082
62
6193
5332
6196
1769
8786
9481
5866
676
5294
7430
3298
2897
5725
3758
9256
5303
1734
925
9489
6057
4784
4902
8193
932
7424
3751
7680
9898
1999
172
7042
1932
7069
5909
8220
6427
5746
6373
4210
2354
6257
3027
1984
3335
4733
5065
66
8808
1269
4592
9040
7389
4021
6025
5278
1291
7138
5263
4345
5034
1801
5967
8677
5121
388
1365
5828
9816
5537
2829
9557
5360
6714
7134
9800
1756
2917
4858
6199
2358
3685
8872
8629
7406
1132
9652
7910
1044
630
6929
9288
483
2028
9175
553
289
4350
6862
2947
3368
9236
249
3270
8439
5035
3679
674
6887
6225
3521
8373
2280
9064
1986
1348
2929
7338
1270
3989
735
3454
4784
9185
8608
3540
9073
3331
7539
6580
9511
7406
6054
1911
2831
3122
3435
5601
189
2371
7452
8978
1023
4818
7109
8556
7008
1419
42
7827
7624
2950
3079
2873
2211
9913
4452
1064
4662
4899
5961
348
3135
306
6714
6114
2318
368
6232
8864
7912
7328
7148
8898
6536
1757
2431
9965
2076
51
6531
7654
3288
9712
8956
6560
4326
3181
9699
2918
8669
2371
938
5290
6410
7104
5842
717
8104
994
6238
6640
5186
1178
9914
296
5802
4180
6336
454
7482
4487
8987
4611
8367
8306
7059
3423
1350
153
1787
9136
668
3314
194
5541
6389
1857
2488
9432
5914
1714
1860
1081
3812
9891
2468
2109
9797
8659
757
146
6844
9245
5435
4181
3383
6326
6923
8104
44
2419
9366
7950
9206
7101
5971
1871
984
4373
3906
3944
1692
6904
4539
5767
2627
7905
798
8475
5837
4950
3625
2690
9395
1641
2292
1423
7878
6012
2157
62
4933
4384
9388
3495
2347
3909
1875
6711
3920
597
1125
5424
4752
6813
8453
9939
4705
9668
1554
5478
5528
8448
2266
5094
8794
6676
8554
7564
4808
4548
3992
4971
2216
3844
9011
7308
7515
1044
3420
8717
6030
4086
4555
5240
3824
8200
7937
2582
3188
2352
6717
8210
4457
6678
4534
6485
2117
4294
4700
5671
5354
4310
1902
9372
6604
6154
3208
908
7801
1144
2424
3660
6247
2837
9447
1441
3893
7025
1269
593
8738
5972
4376
2456
7830
5781
513
5537
9309
2525
5190
3221
6343
7749
3363
1719
2184
5183
8636
7669
4991
7028
4781
2043
9928
3057
1963
1620
7231
3092
2592
5092
3024
4107
6932
9382
9934
9446
1541
822
5640
7671
1598
5276
5954
9202
7316
8498
9473
7727
9256
8709
8389
3600
5601
1709
1191
2332
2527
4773
3818
8893
8305
6216
9932
98
196
2236
816
3980
1784
2738
3641
7813
2029
7320
5429
9504
6089
725
5740
3464
2146
9503
3835
3882
6703
9424
8505
5222
8191
7602
6918
6768
7004
6747
9365
5382
5343
5856
9006
5080
7681
5493
5943
6518
5068
575
1570
8281
6280
1686
6243
1802
9033
354
6746
8802
2380
6050
3394
771
3730
5594
5789
4182
5820
6873
809
5281
7954
47
4160
232
1718
659
5783
6653
3560
7317
8814
6127
7853
223
8942
6504
1359
5115
7734
6649
0
563
3001
9293
2461
8234
1349
2087
9703
1760
698
8195
9766
6288
327
6232
7525
6010
83
8373
4570
92
5242
5063
7236
7267
2917
3507
6651
9284
2823
704
9138
4159
5280
7391
7046
4867
7771
3484
9309
3695
6950
1799
6618
618
6361
1565
9896
2710
8979
5348
5031
9361
2078
9908
5321
7937
2057
5194
5316
7842
5435
418
8937
9994
9057
5606
1007
2936
9185
2657
8239
6599
9063
875
3142
3442
8445
6617
906
1352
3610
3941
305
7474
5672
9777
2080
5372
2070
9109
2810
2576
8167
1467
8260
6531
2862
6624
1561
754
557
6960
3524
6321
7109
8432
297
1203
6765
1878
9492
5439
4288
3963
4231
1494
113
1462
4321
9280
3526
5635
866
76
9847
5662
8432
7596
2614
6611
579
1821
5055
151
795
6650
417
3983
365
7240
9479
876
8607
191
9616
7370
8288
4203
7235
6766
6417
1400
2302
2281
7228
4922
6093
3447
6474
1447
0
2700
8588
153
1298
7671
383
4136
3168
7581
1076
6129
1097
7081
9800
2649
7027
674
460
2476
7373
4228
360
5848
193
9179
9518
2774
2923
5873
556
6969
7509
8917
7239
6779
2287
8453
8893
1945
6986
4152
1035
9654
5689
287
303
5220
2480
4579
7894
5419
2987
3997
4074
5771
2339
2740
9960
2118
8152
7609
1213
7294
7024
4107
8620
2179
9841
3021
361
8573
1781
8514
5489
3221
3193
706
159
9905
8876
4297
293
8344
7979
5137
3982
3511
4843
1467
4439
9547
8493
6774
3793
9377
2938
3741
2629
1581
1667
8123
5378
9459
4217
9321
3637
4473
8508
852
2578
1632
2580
54
3242
3854
7315
2869
9315
1887
125
5109
7335
8374
8581
813
79
5006
4721
6112
282
9452
8077
8577
8238
752
8918
833
4126
8657
1499
9508
5003
3990
8888
2806
6966
8439
3532
9938
2061
69
4425
741
1456
6558
788
7004
878
3403
9241
8630
9752
2396
570
3126
3555
4003
1816
2489
4935
6482
8742
657
388
616
105
3344
9485
5774
3847
1640
1474
4782
4050
213
5026
7335
7121
1679
9964
1914
9955
723
9416
2868
9756
2606
3420
5762
9251
2963
6623
1042
5002
5579
1326
3768
352
840
6452
7443
7519
5103
9556
7600
7156
4969
8345
357
8100
6219
6881
136
2525
3021
6526
8019
1241
7520
859
7499
9924
3722
6523
883
5017
432
9779
8471
8886
1258
6982
6280
5227
2521
4394
4851
1166
1815
5712
4787
4261
3063
7661
3031
6081
6486
8517
1981
9052
3306
2527
2832
9980
8953
7518
3796
8580
8673
2583
6723
5189
9874
1470
6842
9236
601
4908
3
8627
1675
6852
9425
1808
6072
3237
6861
6061
3492
4801
8530
1914
7798
9418
5580
8731
4150
6300
6274
5002
597
6270
2493
9232
8988
9597
4386
1592
819
3794
5480
1578
8513
3353
7377
6454
3101
1024
3908
5715
657
7735
5088
3871
4052
4809
7391
456
5890
8111
5086
4300
8634
5001
8029
5404
4358
193
2820
6475
8851
5268
5241
9697
9320
6952
3400
4444
2041
9125
5629
3126
2392
558
4345
2862
1182
8621
5179
4178
2205
3930
5702
2708
8707
1180
2943
3512
5324
1972
2095
2908
8203
7432
6864
5388
2493
5390
4551
7100
1408
2946
8414
6764
2481
1960
1908
8075
656
5167
4222
5736
5013
8641
4269
4920
9566
2533
989
8140
4008
9888
9120
68
7030
2720
4922
4959
3694
8956
368
5791
4070
8078
2770
9259
5515
8938
226
6747
9272
4868
2856
156
7750
6358
7894
9562
3163
1943
5822
9960
4400
6410
3092
1520
3825
8346
9733
9760
7038
6948
4381
1699
4798
8430
1666
6935
5871
5010
9405
628
2306
4242
8868
9140
7031
8963
2318
672
4826
5360
1796
1751
3134
407
1391
7659
4986
1249
5433
7169
9204
465
9709
2323
486
1157
5357
9320
4691
959
3690
8152
2537
5194
7654
157
7542
3951
4488
4861
6027
9061
4934
1678
5151
2629
8564
4391
7039
4006
1949
4621
9576
2236
1423
1840
4533
6544
8653
5874
3606
2998
5980
3867
1669
3643
9213
7940
2752
1233
116
1034
6761
572
1141
143
5530
8031
7172
7857
2592
966
2281
685
9009
9068
8576
301
3770
5813
5624
998
5298
8613
1255
3029
3080
1067
8
1507
3416
624
1638
5805
3889
915
7860
9004
1094
1280
6309
6502
9372
796
3282
2639
717
5294
4857
2600
5067
8911
4169
6938
5608
9118
5735
8147
9316
8112
7062
4463
8022
5664
4441
1968
9327
6475
6795
8094
1207
9572
9206
2489
9504
9121
1625
4502
5331
8615
2312
7785
6210
7407
6440
4504
6454
4699
196
4771
5179
9713
9687
2982
4218
1846
8480
3708
6355
1314
3312
4241
8499
6762
1392
5495
9704
1680
7434
6487
7492
1233
2815
701
5799
9276
8253
614
9224
9936
5513
4627
6278
2024
2915
1494
9884
6224
8271
7658
641
7917
8147
4017
5303
8070
9286
9447
6014
944
4799
4774
7265
3709
7278
3946
6897
8986
7182
4942
3593
7865
4484
6418
5800
8684
7963
6474
3847
9898
5610
3480
3408
9776
5845
9575
3086
8798
5397
7729
9989
8805
4600
8279
5137
738
7362
2568
4746
8968
4596
898
9041
3328
4064
2776
3433
1728
8216
6618
106
2812
5599
6116
5334
1318
1365
7489
7863
7702
860
8099
3588
9453
4953
4787
3265
6204
1281
5061
1322
5394
1727
4879
5301
4712
4439
80
5711
3069
6141
1357
581
8778
7622
7177
3206
8484
2945
3818
9373
9873
4705
7043
8108
6497
7309
9588
8375
9277
9511
7228
447
3155
5296
4712
1084
720
814
621
6879
1285
1777
4794
1560
9502
7518
4810
1830
7776
1581
4780
3259
7462
5688
1449
689
4684
6770
8804
7403
4851
1704
6433
3558
8913
909
7425
3482
2909
6092
2485
7669
2323
6939
8088
8095
9910
5482
8605
8978
2499
7757
599
7696
4730
3969
2985
7466
3846
4023
6400
3950
2009
3218
2028
9580
5343
1236
2647
8593
92
1327
8920
1683
9095
7111
936
522
7600
3354
778
9201
8164
9826
4903
7093
1105
8737
8827
4944
7924
9958
9635
8886
9692
8535
5660
9104
4911
8507
2751
8674
2834
12
8885
1171
8837
8916
8601
7619
3032
2462
9866
492
3244
7199
5785
2183
8314
4935
8474
6606
2408
7703
669
133
1692
34
1990
559
1450
1831
5611
9092
602
2104
6366
8152
940
3732
8255
2189
135
1208
1911
5461
92
9142
5641
2493
2750
3476
790
9976
32
6144
6265
5131
9342
8752
9478
8803
6925
8041
6168
1201
6851
774
9890
1140
832
7632
1242
4582
6679
6285
6470
1200
5792
5207
41
2549
4392
9497
7809
7973
1041
5635
9059
4457
5839
1235
8809
2188
4253
9452
5263
2094
5039
709
8610
9317
9252
4501
1660
5117
2234
6208
3297
3746
9674
5064
9338
4134
8710
6929
4411
7428
232
8194
160
1216
1714
5432
5300
9597
8823
9054
328
7226
1022
4376
6160
5083
6597
723
3297
9890
7836
2691
5739
4832
2337
5312
4783
775
1896
4674
3477
7324
5041
7835
1861
6845
548
7393
7602
3820
9200
2062
6294
3179
5879
6070
2724
5297
8903
4255
7536
7987
3631
4520
9591
7541
2454
5327
8878
6402
648
4525
7701
4148
5577
3003
2185
3186
2515
9315
4534
9204
3120
9477
689
5773
6397
2560
8952
6267
2587
9485
1871
7641
7137
5490
3693
521
8244
4319
4390
5221
8515
1200
3171
4675
4361
2146
7601
2876
3885
9538
2782
9588
9721
8332
4866
4154
3830
3817
1144
9893
6374
2611
3814
1162
2654
59
7010
87
9310
1663
4942
8195
4924
9313
688
1920
6305
6014
1411
4250
4959
6076
2382
3049
6703
2283
7920
8804
624
9538
6690
4426
3175
4496
8846
5904
7386
2008
2021
4302
5135
7513
3565
2221
4596
4587
4663
407
7644
2945
7848
7816
2405
6893
4934
298
228
765
4459
370
2139
8205
9463
9772
4973
515
5019
428
467
4784
4534
4297
3992
7109
9115
7445
2510
160
8453
2116
7620
7512
1160
7678
1689
8874
2021
6282
9562
8547
5675
6620
7548
1650
2162
6929
8050
3793
7248
4081
9567
4234
9940
2860
8411
3551
3823
5295
7777
7488
7787
68
2312
2343
2750
4627
7045
1784
8082
6098
8493
8737
866
1919
9108
7913
6748
2342
4947
2185
9395
8716
2912
4371
2548
3385
7571
8300
9267
8138
5050
6725
8504
2073
760
5607
4308
5205
8900
7535
9884
6265
5711
1149
5587
830
3368
8021
3751
498
6802
1481
348
5592
8093
9070
7156
7940
9794
9365
7055
8745
2517
9943
1047
1768
233
8792
1159
3501
3604
1543
3441
7412
2301
3129
3005
1762
8784
1718
16
9550
4548
8769
1335
3569
6377
2912
3979
1689
8450
6368
5410
9535
479
1139
3747
5767
101
3819
597
4575
6862
250
6893
5259
8039
2935
3290
4964
6065
5393
9155
8076
9348
7505
4196
3748
8608
7478
5390
7320
4813
9469
5050
7235
6132
3906
6933
1162
9382
7237
1661
4965
1121
5440
2687
4298
1875
6075
5530
3441
9621
9015
5623
3057
7213
7334
186
2973
6942
9998
7159
2623
8428
3276
9762
7392
5199
9657
9127
4132
6002
2128
5582
8827
3731
4189
6954
3908
4817
9898
1873
2532
1947
1949
7699
5798
3845
1992
22
8797
3720
3959
4220
9383
78
9037
6537
7845
5678
5295
9098
2217
6948
1397
7438
7492
3432
6796
9325
3023
379
6278
8155
7043
8125
4626
675
6478
5576
3963
3546
3206
9635
329
412
2043
7908
6198
8748
4694
7652
9109
8230
9522
800
9655
5583
550
4510
206
2365
7049
2667
6999
8418
7441
5803
7176
1258
5452
8362
58
2268
1714
1749
5891
2582
6619
984
5395
9584
7234
8047
4631
5371
1269
8048
8633
6243
8469
9042
125
1967
5369
1598
6497
539
2636
1911
2970
6239
732
4940
3296
6332
7593
6841
6515
7772
4908
7072
8964
9565
9115
622
5131
9001
8035
1627
7148
9393
7170
933
2789
6409
8237
8090
6898
116
5252
5352
9946
4707
8013
9155
8852
2294
4751
8299
7777
4428
1532
860
1335
1396
78
559
2852
4747
6466
7495
2504
1008
4763
3577
9069
9798
2150
6886
8095
9503
9942
6399
2520
9556
7126
4256
1551
9959
1770
2837
4249
9736
3850
2719
7860
6309
9598
1392
6331
7677
5238
2151
3649
7756
2847
8938
9944
4436
86
9053
143
7864
204
8274
4485
5133
8339
1778
4270
5821
9007
2892
2976
3629
3245
2767
7157
2043
5716
2759
200
758
555
417
4264
7791
2749
4764
6708
8187
4311
7115
9872
2717
2694
6385
9531
5576
8233
2727
7969
7819
7122
510
8670
2345
9174
20
4510
79
1781
7901
8719
7326
8852
9384
7309
9786
4009
6694
2383
3575
5070
6082
1509
1891
3019
259
935
6860
3236
1581
3809
2989
4790
2381
3636
45
1747
1918
8617
2729
254
6628
6406
6410
8395
2546
3865
3309
9075
9745
1566
1539
344
4394
2748
1040
9000
6778
9326
8915
9084
7649
6843
200
4091
5730
2536
6470
5748
7264
8039
2091
8077
9653
3321
8442
9675
5099
3495
473
6394
7626
7785
3490
14
2269
2644
395
9632
2595
1044
4968
2592
9701
3644
2604
9784
6206
2318
2665
9
7394
7560
1811
1705
9475
3462
691
1073
4306
1364
3901
3282
8852
2521
1458
9864
3352
185
1822
3086
2140
6838
3152
6219
3071
9499
8375
6008
716
8657
3468
2780
830
463
8999
65
5974
1785
538
8807
1953
9322
5325
1231
7143
1686
3739
7180
2186
2739
6431
6021
496
9579
7868
556
4407
5591
8634
9976
5087
4682
356
5649
7895
1120
2452
8389
3521
1392
3890
1567
9646
3015
1132
2818
1512
1921
9075
1385
5759
1194
3822
7976
2226
7447
2284
1251
2594
8443
5658
382
3151
562
3719
7270
8965
9676
3335
6023
9233
5350
3659
793
8849
4864
6374
7481
8446
5050
9043
2486
6516
7249
4216
3893
860
2379
3423
448
8835
1200
5794
5077
5734
3508
8415
9084
9295
3861
3852
1835
8585
3051
2151
409
7534
3028
9127
7361
1073
4803
2804
7544
9399
3171
3866
5902
6346
9826
6410
6586
6253
2887
7187
8033
9555
8582
5058
5341
6448
7290
8185
4585
1198
7208
3900
3464
5098
3806
6358
7831
3251
6061
9374
4032
8396
8249
5677
2563
9641
2513
2737
9469
7451
7265
5581
5698
5864
4117
853
8952
7970
3786
913
3783
6617
8219
6345
2191
9271
402
804
2539
3467
8579
3334
192
3513
3155
9636
1306
2904
2495
5699
3934
4552
8716
7134
3932
1626
8201
7600
980
2952
7405
9861
9465
5148
5591
7414
177
1903
3486
3291
9239
1709
197
6001
8871
3931
5389
2185
2708
4481
9547
6048
5475
8087
6978
9230
7901
1084
2413
564
1069
2802
9823
9587
6062
8717
3869
5044
7921
5740
9458
9402
9417
9203
6459
2225
4354
2714
8262
1
6237
6016
4891
6498
3405
1357
4385
1377
8169
6360
9513
9092
9490
2922
2222
6437
1885
610
9939
153
62
345
4263
6967
5022
145
6630
6271
1628
4752
4876
5186
2822
2412
4327
5052
7910
3325
6181
4704
4332
2491
6874
1561
6227
366
9912
6495
6981
21
339
3743
2775
8108
9939
5892
1753
7923
1475
3259
4727
8114
9749
3416
1484
4326
6270
7077
8594
7169
8526
8560
4428
5234
5821
7570
3470
2702
740
4656
233
134
9290
1606
4413
1132
2410
4714
2473
8434
3299
9987
1849
2922
9977
6217
2742
3457
76
1900
4095
2834
7900
9812
1494
1779
9314
7540
2286
2368
2421
9050
7183
6818
3026
4592
8824
8142
9003
351
1915
1556
4604
160
3869
8539
6710
1506
5257
9604
4827
12
2625
8839
561
7399
2234
9477
111
2633
1817
4870
2427
104
6013
4249
2804
5030
9895
5384
7393
4599
4454
9724
9984
2539
8229
7740
5942
2955
5069
7807
2282
2682
7541
2409
6424
8343
6257
5627
2358
9346
8030
6370
8533
7045
9128
4500
4146
9620
5735
1680
1610
9873
2210
227
5558
2900
8854
8021
9169
4493
3534
7156
7564
4010
2587
9745
2563
3603
7824
4460
8772
4268
3026
8047
6569
8083
1190
2939
3411
3729
3593
6322
7219
3388
6196
2409
472
7313
6851
3524
9488
8236
6457
7864
5811
874
8806
4523
4458
9382
1936
543
1796
1275
2907
7342
6846
4163
3658
7474
1710
5915
4609
5440
899
7212
9937
4175
7813
177
9273
5250
6752
4300
4971
535
7811
5161
2235
5695
9277
6667
8480
4028
1792
3050
4526
5944
481
8854
5562
6309
3654
9377
1814
3572
3626
1016
6964
8599
936
4630
6710
4280
109
6686
3790
7495
6303
2371
9531
1685
1927
7963
8196
5043
7435
581
3647
7849
2685
3992
3693
8958
4615
2964
1595
7375
2485
1398
6909
6794
8196
3636
4758
4647
9956
4200
3919
5106
9259
7030
9641
8110
9323
3877
4381
5690
1180
6771
6137
3045
7369
9115
5914
6944
936
7752
9665
7145
5090
6415
5009
4904
5462
2737
3488
8290
3205
3549
5086
3234
6661
8541
8589
5654
4351
5583
9635
738
8582
5904
6194
5714
5261
3863
9425
9081
7722
7814
3710
2204
4534
6773
15
2844
2020
4737
2647
6586
388
6091
2485
7631
1684
2902
6383
8827
525
259
2592
5353
8116
8927
8562
9185
220
9295
9642
1598
3311
4406
568
5391
9839
2882
8700
9887
8526
5745
3633
9614
2935
3049
349
2491
3419
8563
4030
2358
7479
597
8555
7463
5221
8356
4087
5607
8211
829
2623
2725
5094
1048
3274
5981
5523
7093
7792
8801
4202
6495
301
4780
6625
2978
2417
5067
8578
6071
5766
1657
5264
7284
4119
2714
5851
3105
170
1482
8795
3092
1676
7696
3121
908
4520
1887
9774
4367
6968
6325
771
5228
8155
983
296
3775
837
2242
5939
9019
7029
2140
5063
966
7461
7809
6929
560
130
2417
6923
6309
6
1110
4819
2604
1658
5717
8458
530
5292
4210
9103
9441
885
35
9128
3135
2417
2075
2267
7927
5543
9775
6062
9536
2633
2155
3446
6710
4957
9214
4236
4550
9401
4462
5222
7045
6164
7691
2116
5119
3784
5408
3726
2818
3036
5622
81
7426
8680
3793
8142
8055
150
8996
766
230
5047
5282
9971
9503
2271
1747
5572
6078
9974
4552
39
6423
4812
2083
6970
4725
9958
7147
4143
134
6048
3243
6499
7010
2073
6020
8029
1163
1071
6180
4400
405
3695
4991
1997
882
7720
2613
2848
2036
9835
7648
2844
8484
5582
3657
2613
6597
6823
3417
8096
3002
4853
631
4182
1803
8782
2960
7429
6250
3718
4409
5006
3793
152
9633
2727
9821
85
6088
7005
7345
4299
2106
298
8400
399
8015
1428
8416
3407
1432
4340
7654
8083
1397
5552
3064
809
194
2099
4759
5183
6598
8318
5426
2642
9050
8331
5949
929
2791
6511
734
6412
751
8703
2746
332
5782
1403
767
1532
9013
2843
2285
68
7351
5709
8755
4081
9663
9012
9891
3989
2245
2162
7701
3788
4872
5757
1349
9683
5479
7486
615
4920
3606
1242
7332
2694
2805
2731
5026
8790
1331
3227
6169
3754
6032
5358
5290
3340
9576
1867
1266
3779
6620
6745
4166
8589
1002
8958
5460
24
54
1083
6053
1527
2228
7364
6462
6109
8377
6060
1275
6931
3985
1100
2657
9018
5992
3946
7755
9513
467
8009
107
3611
6219
6835
8299
6861
7075
8743
1691
3847
7271
5002
8736
247
7173
4642
1526
8668
8896
9180
4962
3515
591
4334
9794
5520
4087
5148
2596
7055
1203
5946
9557
2044
976
2442
5307
5392
9064
9600
9033
9633
4369
7428
9660
8982
2363
2409
1845
1349
2420
9087
617
1286
3046
6591
3019
1884
7041
2779
2773
1927
6146
4635
2644
1324
5445
6691
9270
4731
9335
6133
9603
9295
146
5328
9146
3163
4674
811
3156
1677
3303
1247
4635
2115
5329
8270
8998
4385
9422
3422
8350
6285
6827
7106
3487
9733
4784
8336
3537
5672
3138
7113
2014
6286
9484
1321
1139
7717
7444
9856
7210
6230
9623
1095
8624
4899
0
528
5994
7175
7692
4885
5309
5912
7782
3317
2468
3040
1841
9413
8378
6337
7273
7484
8539
6189
9232
8349
2631
4007
7130
1281
6940
9565
6211
2120
6661
5731
8482
8588
9732
4256
2341
6362
7979
8253
1804
6101
8503
6166
8853
8099
5875
8031
1477
872
8956
2139
2556
2435
5666
1651
7896
1987
44
6411
7944
5743
9700
5662
6655
6736
4558
3253
9680
4122
3996
911
9504
286
4384
3131
9845
6465
5153
9031
5405
8909
8087
5338
3164
4522
3175
6047
2921
8081
6359
354
6318
1567
308
6060
6400
2841
9510
2117
3540
2622
8350
7355
6876
8044
2634
2270
8050
2535
1805
1430
6833
1012
1005
9035
7656
4362
2497
2133
3560
8511
331
1598
7763
3642
4593
7936
9977
8324
6730
7004
6955
3035
5491
2783
558
732
8462
5119
1888
905
7996
386
6275
4929
3520
5305
562
1273
8403
2038
343
7377
8556
5029
2290
6751
9592
3234
3451
4697
2292
9725
5805
4801
4475
3797
5521
8222
8476
6924
5900
7378
244
2655
514
9945
5323
2834
121
9287
7374
8703
9920
4691
6660
9578
4479
461
492
3806
1140
5227
1668
7190
8612
8271
4580
1473
453
9722
9784
2339
2796
1479
6138
2964
7132
5901
4514
2344
1428
6758
3112
4163
7322
3588
9805
1113
8141
4897
9318
5059
7729
4670
5784
672
5710
3053
4042
2243
5364
3849
2380
399
9503
5035
5907
8441
8552
3695
2445
8577
5947
8148
2378
4382
2114
7504
9868
5023
8465
3466
3332
5556
403
4724
4610
8126
5695
5466
7254
4079
1858
2271
6979
7578
4377
2713
4659
2287
7681
1364
2561
4445
2451
741
9112
9581
2292
1402
8557
8205
3185
9019
3777
1898
517
6823
9995
4779
424
7780
2745
3086
6441
8366
6718
3675
1168
4799
4
9401
2844
7580
7341
7101
905
8887
3104
9662
5611
5028
5834
4293
6908
9049
893
2839
8493
5081
7061
7553
2717
9880
1863
9900
8618
9474
8004
4085
4022
5436
8412
7492
1397
9156
5360
5605
1677
6675
992
1629
3719
333
9167
5395
1946
8452
6178
7392
7472
3879
5182
6086
7737
2450
6684
2964
5717
7441
8483
1431
883
9019
5639
175
6616
8341
2895
7751
3688
5288
1162
1817
4089
5431
3834
2383
712
6467
7954
166
3295
611
6612
143
254
2325
9755
8946
2472
2396
9888
4236
8192
9560
746
4699
4693
8992
8779
3605
5556
8426
3703
2184
2716
3364
1997
2306
8615
4300
2251
9249
9486
8316
8135
271
2406
5496
9920
4290
8586
3948
5279
1291
5399
6926
3625
4528
4684
9134
7689
1720
7687
4349
4609
4869
6907
4428
7426
6890
328
7449
331
8171
145
638
4749
9875
1425
475
2293
9197
9072
4488
5019
1607
3147
2412
6784
5790
9738
7468
7621
9481
6610
531
1562
5137
3707
3266
3363
7978
8070
3029
3962
1137
3617
7107
1146
4761
2176
3749
3103
4209
6841
8492
2648
3199
9330
3001
1722
4495
7643
1635
7151
2859
9828
849
1561
9614
9076
9611
6168
8158
7112
4315
1127
6042
526
3882
7989
6039
1265
2023
3614
5989
4365
3411
2639
8117
7882
8363
5807
705
1544
8867
334
6434
5878
1102
1308
2767
5546
1532
5684
2564
7580
4944
7097
2525
7365
6605
2672
5448
5011
5682
3229
5619
8021
1161
8494
6416
8210
3443
1731
712
3804
5462
6614
8244
3980
4692
164
9423
2573
5222
492
9733
6338
1049
8408
9420
6314
114
752
1277
5690
359
5693
5861
5637
4714
8413
4716
2608
4892
4557
2103
9801
4971
8760
2117
8330
8852
8544
2672
6441
3249
2874
9789
5190
3496
9280
6972
2752
9074
102
8096
2691
453
5022
3444
9769
752
2606
9265
6279
5447
6814
7680
664
8389
9931
1366
2288
6291
1090
7461
1569
8079
4835
2440
7484
5903
671
2141
5434
1440
1963
3534
4789
6461
9411
9347
9949
5316
2348
7577
6246
9278
6393
993
6435
5194
9125
6800
3564
7914
4683
6461
7984
2641
6526
4611
5618
2582
5959
3865
81
465
3831
4838
3484
3280
2891
4202
8977
584
1417
6972
3942
3512
1215
2290
1686
3841
6005
2290
6778
3871
8576
7520
6757
5501
5549
2148
9934
4800
3729
7367
9356
8483
7496
5780
5447
1554
7509
3154
2302
4922
7822
2980
6496
7711
2519
4471
1426
4236
2925
1776
6576
3669
7086
6210
1888
6311
8081
7982
7730
742
4268
4177
6855
4050
7615
5458
6016
5434
6843
132
6332
2850
9987
1855
6048
5596
1023
9045
2981
1078
722
5697
1874
1952
790
5687
1397
1285
3892
9135
3472
9526
5423
1560
654
3645
6124
2446
95
7061
8455
5992
7393
2792
5444
3725
3681
5230
161
6291
5288
9035
5000
6652
20
8570
2302
4903
3260
1928
4061
4730
1541
7707
6659
6805
7427
8427
1201
2403
9471
8577
8949
5920
2622
4729
8304
9081
6507
7064
2006
6166
1124
7600
3847
4436
4526
8770
1539
2083
1342
1221
9185
8167
3000
3724
4450
9686
6133
8639
6298
5253
4029
7758
6820
6711
86
9080
4030
5290
266
3220
8395
6195
9922
7894
3606
3940
3860
2223
2279
8657
6887
9117
1060
8250
9391
782
2919
8898
279
8618
2948
7868
765
6752
2136
3365
780
7136
4350
5445
4740
6249
1817
8121
2826
2990
8245
5105
118
509
5825
3909
6360
7641
8366
4911
6698
8570
7319
9303
6160
5131
5011
1648
271
526
5430
3170
5758
241
3160
6724
7872
6833
3916
638
7300
2938
5423
6401
2537
7814
8780
9769
2792
9038
1508
3124
8385
7225
6666
2210
9816
5047
9285
9608
1238
169
7850
2299
7559
5075
9347
9876
7349
9100
6037
9526
3724
7727
7611
3759
3146
918
6766
8346
6351
5241
8855
1233
9018
2305
4784
8533
3574
949
6908
2825
7548
4308
9400
7130
5088
3123
8841
7462
8467
8903
2420
3691
3001
1982
9399
658
9613
2907
9063
8897
8280
938
3256
5996
1314
6616
3281
5254
290
814
6302
6399
2192
3211
1977
9416
8327
480
8671
23
2077
9303
9879
7448
2820
5163
8231
7035
2906
4126
8919
667
1885
8010
4544
6609
1051
3403
5816
8471
9841
3587
7171
7652
2600
6021
1499
9789
4
9983
2330
9132
4235
9040
6820
8977
1059
5808
3176
6150
8385
6245
2347
6164
1894
5635
4513
4181
8667
5368
8364
4924
4663
199
181
8490
2132
2226
4847
6799
3664
8441
7031
2923
1795
9786
6431
2844
1190
5567
5549
5243
227
9666
86
3595
1239
1006
5758
6965
1507
7317
1122
4636
1618
7405
4468
4035
8859
8330
6844
8833
961
6376
2485
9943
9214
9424
4369
2108
9203
1668
2991
3099
9818
3121
4697
4997
113
6585
7250
1125
6468
7881
5292
6347
7319
2395
1305
4389
5317
2395
3985
2860
8722
6716
4281
3850
7180
142
4381
1815
6637
3649
7762
9838
4325
8022
4817
8496
2708
9471
3922
2273
1079
5719
2365
3079
1084
6138
2624
6818
8119
9979
6790
6808
7683
131
4377
3102
8839
847
7816
9970
2204
5435
4488
2818
119
5453
2021
9296
7577
2808
1681
5846
8473
1711
1780
3002
4350
1202
2765
1042
7518
7562
3695
6658
6859
953
2155
4194
3645
1715
9656
1861
1654
3951
69
5643
1231
9547
2960
5631
4116
3327
9241
5310
8297
944
8334
5971
8350
1374
8752
7637
8081
6774
2452
4641
1739
7829
5958
9165
3297
7827
5650
5862
3152
9820
4191
4521
1641
6137
1771
4802
8241
7134
6925
4190
8321
8385
8360
5915
2619
6183
5843
2271
2963
2018
3780
4879
1498
5428
3903
3401
3588
3794
2333
6289
7677
3378
2158
8477
6752
3812
4330
2213
9602
3949
9395
946
9849
8261
6320
3354
9469
43
6546
7114
1983
3379
2899
1133
6040
9311
3022
6213
2233
8369
1213
4447
4800
636
6513
4942
6227
9883
9162
8806
1853
3630
2668
9013
2623
2833
5030
3237
9108
549
3932
3545
7248
5219
4305
4297
479
1024
2437
7440
789
8116
9979
1233
2735
4948
6145
9212
1748
1377
7127
9585
880
7740
5260
8352
710
3885
8510
3207
4280
9785
7105
1683
4437
7668
7199
9581
6330
2215
4463
5202
7446
1722
8016
3736
3651
1435
6278
7674
6687
5818
1488
7730
3422
4346
2665
9507
9958
5953
3586
6594
2514
9229
3159
1004
1011
8296
6795
5066
7749
6564
2881
9532
6913
1924
2139
9158
9724
1524
4701
9275
7606
835
6519
8462
8296
9374
8261
90
5003
7691
9623
377
8629
7869
2687
8216
8562
7011
2725
5355
4639
1211
9925
123
2936
1956
816
1498
2207
3507
9783
8434
1251
4311
8987
1679
2710
4697
2707
1637
34
6705
63
57
6941
2503
903
9044
9236
3923
595
2712
8798
9346
4635
6394
909
6396
5525
6340
8557
6763
7882
1495
7907
1188
9126
4317
8881
1008
5505
3865
4304
1088
5320
7934
1148
9867
3182
432
1052
1772
2261
8284
2911
7070
9635
1904
9675
2592
769
6314
9171
6366
3079
3271
8822
8568
2149
5752
3377
6585
162
8227
8417
6729
8407
7710
4026
6701
5246
1041
3213
5093
5287
6785
4501
9598
8583
837
1553
7221
4642
6289
238
9191
4694
7937
8008
2048
9111
2580
7717
7429
7055
4467
1609
4033
9866
6181
8662
1924
7878
2973
7346
9727
3100
4077
1079
6294
8769
9224
9984
1312
4199
6155
1943
3873
7988
9225
2035
470
9702
1977
7590
2666
3324
5784
8037
820
5175
467
9731
2402
2174
9628
9343
1668
8942
511
6091
616
6858
1714
3279
9887
2595
6404
3230
899
2523
7735
6044
640
4146
8192
2222
5900
5383
4679
6403
7316
6040
258
1118
8301
9492
7581
9138
4570
6812
275
4930
7477
3134
1419
3611
7988
8698
7703
70
6919
2553
7138
8296
7439
4423
9090
8255
3981
7406
3442
6285
4263
4107
8774
4576
6599
595
4977
394
5014
7266
8660
4086
2248
2804
8566
7506
2726
4581
4234
7202
7679
4609
9484
4762
8901
1961
3678
3878
401
9325
5157
7163
3370
3989
667
3370
4360
6843
7011
7392
3721
7308
5056
9652
3892
3051
6048
4634
5856
1584
5529
9399
3172
6239
8605
9654
4622
4012
5674
4638
6916
1098
9993
5688
2108
1496
716
8258
2137
5196
3146
5883
7569
6841
3481
371
9552
9831
869
5850
5913
9043
8022
8816
3796
5757
3991
7130
5384
1013
8747
347
1168
2373
476
2622
7314
9368
7544
2396
2334
7789
2497
660
8438
9645
1830
6330
2758
8233
101
4791
3142
9823
8724
7872
3076
1176
1891
6351
7505
3586
2874
1123
6448
2798
4714
5196
6365
858
3056
184
2287
8473
3515
8123
6546
7361
377
4150
3927
7660
4371
7150
912
3956
7205
1345
3648
2603
9545
6138
7477
1192
4890
8748
4915
1374
4211
5640
4931
6633
9965
1900
5177
9917
2503
4668
6308
601
1326
5714
798
7740
2424
9844
9214
5723
211
2492
5592
3369
1547
3761
1312
6918
2707
1094
3583
4767
3208
5171
3149
4737
9219
7293
7694
2471
1973
994
1452
2537
5037
3047
1277
3831
5339
9736
8768
5045
9534
9191
1162
1719
48
1562
5086
6204
587
8258
7210
1409
1085
1541
7392
6154
2564
6061
8521
5130
2150
6742
3750
9216
1039
3055
8332
8499
2483
7481
1578
2970
2326
8537
5232
4017
4008
1430
4689
7657
2206
1490
1884
3715
3784
43
1451
3495
5655
5123
1266
9278
1215
3637
2895
2792
5440
1946
679
6992
3229
6586
3720
3105
6679
4239
9082
2547
6308
3375
2145
1134
1372
864
2923
659
4857
35
5431
996
1603
4836
2844
7360
6215
2300
1755
8688
5642
2440
8576
2062
750
7696
4427
5620
7769
8778
7035
9545
960
8903
7187
2280
2977
131
7906
350
713
2235
7934
5405
6514
9682
5389
8393
3741
6360
6890
4379
2483
393
6905
3868
4798
82
384
3675
6437
7303
2890
6079
2999
5886
36
2699
7648
564
4382
6083
4394
1404
7975
3406
4505
3170
5548
1067
2307
6033
1878
1409
1887
2656
7061
566
1998
3319
7481
2894
9747
4230
3913
3410
9345
1855
2405
627
9646
2689
744
3177
1977
806
9984
1079
2418
3498
9362
1628
4534
9316
1368
403
5425
1480
4191
343
8825
9469
701
4329
3083
1487
6336
163
7491
4565
4061
2650
764
4920
1421
9617
5288
8700
9432
1081
2671
5982
8147
8499
3956
5852
8359
431
2862
3510
7984
7864
7663
2062
1801
176
1988
6414
94
489
4470
9820
3587
7853
9437
6712
863
9614
7894
1750
5114
6724
2048
3109
7672
2843
1322
2201
373
7230
3128
5905
7301
3980
6580
6196
4986
8702
3118
1244
7629
8874
8606
8942
6611
2850
2394
293
9061
7243
4989
8745
2536
1111
8396
1260
5816
4553
4389
8958
8854
9786
6041
2863
7361
8564
2518
9607
1273
3241
1726
2160
6495
6650
4120
6240
8117
3105
6498
4821
449
1028
3140
3129
2241
4382
3369
6190
5584
5319
379
432
4313
4160
2390
7843
2832
5743
1581
8046
331
2786
9020
5820
5517
2828
2249
5886
6990
2155
3143
2711
8055
9567
8508
7825
6646
2911
622
2978
5195
6328
4022
5954
2861
1293
7847
2335
4259
6277
3407
2373
1523
8452
4490
7662
2008
7319
7612
9412
2132
7482
9199
3428
2176
7668
2377
4745
5652
4564
1196
9921
5121
8602
2850
4002
8764
3066
2958
4223
4980
9914
1626
713
8748
769
1187
9603
5077
845
5817
9326
5298
1209
845
7712
7129
593
3777
5193
8916
3102
6683
9695
5080
3485
7252
2920
5601
487
8898
8942
4361
3388
4432
2218
5856
8486
4680
1406
6480
2774
9668
4806
8746
1870
4622
3911
7756
5138
6873
8170
9288
7764
5307
1877
3230
1931
5632
5262
3516
8267
4001
4590
1946
6875
4964
1910
6776
8627
1856
8642
5913
2371
8713
6142
3434
1876
948
3210
8862
3341
5163
463
3613
728
9653
6597
8080
2554
8987
3925
2853
9417
7890
8213
8772
5077
2859
1871
6905
2712
7135
9129
3282
8231
2256
6917
9051
9165
8443
1354
982
2422
6400
175
3103
3538
976
1218
7221
8367
3829
4221
9639
7930
5788
6496
4480
499
7369
8356
9017
9077
6304
6150
6205
6034
7181
5382
8471
2736
7545
8915
4111
7633
2942
431
3017
7715
5109
5233
4101
1641
4649
8538
8882
2913
9489
5351
2442
5760
2436
8551
1795
86
2337
1905
6118
249
3969
7069
6357
5594
2746
4484
821
4913
110
2006
4988
5357
3479
6765
5390
2135
4255
7375
4427
7765
7268
3292
6544
1829
2939
2711
300
8994
7120
4024
5296
1037
4313
2767
3745
8040
8876
8506
8894
164
7716
3968
2803
7483
363
7085
2280
5670
3161
9659
5831
4961
7477
8352
2981
677
524
4527
2654
34
4184
1827
7793
6085
6709
3950
1043
711
3020
7349
3259
5748
8480
4263
49
3299
489
9061
1466
5854
431
4629
5833
7460
8193
335
3559
5961
9786
3068
7516
4348
5852
8860
5980
5889
6175
6717
773
6412
6041
1568
2650
5811
6399
83
6480
3214
8302
9682
188
1463
3061
6800
9603
9554
5994
332
7891
6374
391
5082
925
9952
9833
8910
9896
9620
8283
4160
7124
3771
8287
5054
9813
8862
1978
21
1060
8110
3854
345
7658
103
2879
6052
1287
9052
9257
6425
9894
5842
8825
4399
6020
959
642
2698
5978
7489
186
6859
4930
4142
2557
6416
3176
8007
6986
740
7576
5972
9272
9781
2519
45
7423
822
7072
3780
7623
843
363
1858
4265
1282
4945
3888
9033
8853
8219
9279
4042
3571
7923
6994
5415
3516
7545
6463
2876
3280
2065
8516
8848
3922
6570
9044
1879
5975
3535
9820
5626
2197
9865
9343
6496
3072
9876
1275
1471
9288
8973
8132
2520
8296
1929
5700
1858
5524
4630
3906
3276
608
904
4342
8778
1846
3009
343
4712
5901
2008
3057
5318
8399
3653
1845
3705
8580
498
2342
3640
6270
4991
3588
4306
3932
5995
552
1992
869
7185
6354
1344
9628
6544
5017
1292
5523
564
4649
62
9533
6563
5569
7279
5915
2814
4121
4642
84
1994
3277
5026
2287
266
7006
5616
7316
36
4846
5851
2456
8351
3842
8715
5654
1713
5689
1854
8635
552
8182
8015
5848
2279
4107
9706
9422
6308
8390
1117
1874
5909
1907
8874
3908
1327
9056
9362
9538
9400
3976
5487
5718
8798
7606
1181
2721
6854
1625
4202
7125
2266
6007
9532
3812
5261
9177
8
6159
7299
6194
1008
1645
3728
3976
6547
6444
4967
4807
4326
2656
6327
2316
9234
6575
2695
2297
7050
4673
2925
6984
2567
4683
4188
3992
9608
9902
2374
5062
8646
2149
9048
3202
2238
3206
2968
3842
1989
4822
1058
4737
7753
2047
7298
1546
798
9949
6772
2956
1116
2964
2127
5334
3234
314
3627
6324
7456
9736
4368
6645
4069
9904
6161
2176
3607
3124
77
6028
3607
8853
308
2227
3615
8187
9230
520
7384
2641
3194
9658
3129
9418
3945
5681
21
3714
9968
1923
9578
6643
6385
2253
454
4413
668
7849
5885
5122
7938
7673
9871
744
9348
2263
2655
9899
1719
5046
1083
3106
8939
4815
6541
4709
3515
4651
5959
479
2154
9892
3156
8154
6449
6964
2468
8054
1773
9201
7519
1381
4634
2262
4703
5520
9786
2385
69
1682
3025
122
1995
4921
839
6471
7703
1569
5711
5744
898
6016
1890
5406
2967
8045
4517
1717
4294
2384
9795
4601
8126
2517
7527
9702
8471
6677
112
1020
4922
1130
4582
4276
7453
2032
7897
8234
7314
9977
9260
898
2342
6029
8303
1502
9491
9228
9295
6657
1003
8069
8090
7684
1886
8424
1996
9477
7394
1137
8000
1026
1457
4690
821
9767
1434
7613
7952
934
148
6282
4403
4316
3124
8897
2258
2096
4214
6024
210
9243
7381
3454
17
6853
3039
6898
2390
9028
36
8420
840
6176
1977
8233
9440
7652
5207
8535
67
1878
1275
8360
6509
4720
3665
3774
4559
2989
6166
9899
5262
1369
927
8756
3645
8002
4673
3968
6728
4536
5222
8924
897
1728
5442
8226
2338
4890
9456
4606
6889
5679
5957
8331
7967
9020
6945
5296
3188
9264
2338
9400
2862
137
3157
9470
5249
3221
4588
1437
2978
1239
1807
5530
6655
2351
7462
4781
9277
5439
1435
9668
3533
1560
3009
9583
5412
2595
789
4624
1057
9376
780
7463
2198
5822
6061
760
8570
5972
2977
9117
302
8019
1627
5650
3872
426
1675
5616
1557
2164
6018
7748
7829
2669
5867
1302
7127
3574
4058
