9062
3748
4021
7540
3045
1556
5253
4718
1130
5197
3198
9011
9871
3029
7694
7611
2506
1878
7235
6984
1027
7565
8902
2370
8464
9725
8672
9063
6625
293
9878
3837
6123
3995
9840
7672
5019
6446
2018
1207
47
8996
1068
2925
1176
497
2404
6278
6616
970
1423
9307
9804
6017
8978
1496
4845
1651
9076
3320
2883
6190
8092
837
5318
9361
2887
5875
3189
22
2591
6059
9860
6028
6937
2031
6497
5977
1193
7966
7320
2394
2447
5654
8870
571
4032
106
5017
8343
2826
3368
7370
8698
8324
3856
903
231
7607
1815
7609
6529
3088
6593
8379
5363
9447
3776
9079
6947
4999
8868
458
1109
5999
488
3743
2438
1967
4747
5328
2781
858
4845
7195
9223
8689
1161
7703
3080
1127
6265
8369
9378
356
791
9306
5853
7274
3506
1123
256
1026
8070
3344
3958
2910
6261
2698
7836
113
8464
8264
2860
6487
4828
5670
8242
9397
9155
6674
8285
6073
5999
5819
8733
498
1079
752
5208
1182
7890
5163
8460
3623
5071
1755
2788
1501
3237
6313
2427
8463
9867
2967
2663
8001
5509
2891
5528
5120
1063
6455
8119
6831
2837
4182
5026
2250
4610
3459
1830
5509
7490
6654
2222
3300
9803
9236
1415
3072
2882
6740
6160
2842
4247
9822
6206
3031
3155
731
4989
8188
5223
88
118
1434
7044
1629
786
889
6728
537
6890
9777
4483
6918
973
3212
744
9362
8198
6273
1476
2456
2238
4322
294
5276
2584
3014
7976
1995
9095
3879
8470
3642
285
7401
6535
788
6255
8174
8449
525
6343
2344
9850
6383
8359
7328
8849
2993
2287
3793
2532
8716
6711
2766
7849
5796
1139
1768
9044
7771
2912
4733
1442
3011
1307
840
6632
3571
6677
9956
3107
24
7823
950
6112
9893
4472
3911
6917
5255
4164
4983
9708
5302
1346
9753
6930
7518
9552
738
9648
4487
9129
677
7613
1610
902
6838
5075
7518
696
5278
6315
2330
685
2508
893
5761
6654
7956
1323
7228
4850
3788
3607
7929
5025
6140
1665
1553
3910
9113
4019
5938
308
8619
894
7145
3336
4502
8991
7634
8835
9399
4559
8886
8667
7377
4616
8837
8860
1168
864
1595
9414
2420
9636
5341
7070
9683
6585
4762
5172
3522
3607
1583
1259
377
2022
2066
1614
3748
2424
2151
8965
3689
8392
5451
9229
4721
9262
7647
1524
2827
2692
2741
8248
2423
6523
7888
8982
5553
74
3653
7917
4228
2461
5313
5791
2975
7626
8290
5354
2550
7223
5112
8744
8712
2630
5725
4027
4185
6111
2349
421
8937
3238
2344
830
866
3334
8836
3853
4134
3083
6060
3673
8771
4234
4736
1228
3079
9659
6253
7094
972
2292
8974
5604
7579
3997
9535
9792
798
3860
4796
9441
7724
3231
8979
990
116
4483
4925
9641
8789
4436
1220
9466
1162
1439
9972
4478
7894
4496
948
4526
9858
5254
9449
6644
4264
6740
3250
6868
3798
9043
3054
273
8286
6619
5948
5540
5254
3745
1111
8596
4733
6612
8304
6535
1072
9507
4441
6140
4024
5057
1898
6301
2912
270
9583
2470
3781
2334
6726
3375
1232
8056
5842
9746
1381
946
1180
4543
5490
4432
9223
4148
3384
2352
9792
3246
6949
2913
5572
4756
2299
7109
2844
8741
7145
6753
7361
8016
7036
3478
1758
2920
7018
7735
7363
6677
769
8558
5153
125
8327
9897
650
9591
5833
7750
2916
560
477
6336
5520
868
6761
1970
1076
4123
5212
7100
2601
4628
3584
3163
7507
2011
2674
6303
7129
5648
4988
3115
2476
8390
7760
5447
6429
2401
6458
3252
2907
9394
3836
6801
7538
699
7957
889
6158
5048
6659
3239
1464
3669
5957
525
6540
5163
2390
8638
6917
9530
620
7267
5571
7362
3860
7129
3108
1314
5540
8675
7664
1959
4192
3206
792
6783
5625
6808
4054
1784
144
2081
8989
1748
1650
8807
2433
7235
8906
1265
11
7820
6335
3377
8774
6568
1229
175
6839
827
7781
4843
9507
7984
5574
9505
9476
2751
9732
9757
9537
5582
4584
5132
9385
8539
8278
3822
5712
5052
4696
5873
2408
4275
8663
9844
5623
815
4431
4224
5553
5449
9968
3226
4002
5301
2573
1005
6174
2145
9331
9682
7502
9149
1727
4429
3235
1203
3992
235
8289
7407
4463
1786
6131
1908
2435
5232
9320
5730
3881
8661
8319
5508
4203
4087
5613
1358
1129
4084
5965
7273
7648
3567
5721
5014
8370
3259
2547
4234
6608
4420
6823
4195
5934
8146
986
8181
7094
2094
2865
7341
1684
443
8263
669
1362
1994
4945
7640
8815
1877
73
9907
4270
1016
9758
896
6065
1117
3538
9176
2685
5086
9121
9460
1838
4123
9573
6057
3101
7431
4263
9035
1218
8624
5588
7204
5303
5051
3652
6376
8313
4907
5418
4731
4347
6915
9925
4917
8387
89
2115
5977
8555
3688
4655
6598
1321
8803
8831
7238
2420
8888
4538
1383
7613
1037
8688
5645
5428
2553
5593
1014
7465
7162
862
7778
9667
4390
5113
4922
4198
4656
7669
3011
5315
8286
479
7530
3968
8989
5883
6500
6219
6413
3955
9425
368
4034
7117
3309
8226
4280
9488
5833
4496
1101
8512
1393
2826
6877
6931
6931
3690
3909
3040
7764
1218
1526
6068
9327
558
1158
1677
6438
6670
9092
4795
1051
3206
1437
7409
5632
7273
1803
6695
9918
5167
1835
8515
4214
9773
9085
4703
7090
2058
8951
2810
2310
3373
6191
8207
8841
7966
7789
2751
7068
2602
3050
9163
5403
6306
7461
8187
1388
9467
1298
9657
1886
7213
3122
2596
9382
3011
1853
9553
1472
6454
4586
4380
7718
6282
2484
7677
7015
3229
8568
7665
9483
9051
9627
7315
2117
2672
3112
7908
2312
898
3315
7623
759
9294
923
5096
251
3594
8825
5830
6113
8235
1279
613
8016
8669
1444
9120
3821
9783
1171
8158
899
3632
173
2835
7586
5807
479
6709
9899
3944
7241
573
3139
6963
3621
8424
5359
7388
7426
3421
4404
2737
1552
1248
7772
9013
9298
3447
1228
3991
4087
2529
9727
5156
6723
7126
9120
8088
7510
4444
3114
2115
5931
2168
994
706
7474
1053
5048
3019
3761
6433
2356
7750
3753
8162
2080
8925
5063
8573
6508
7031
5481
5907
9857
4711
845
7982
240
6494
9304
7270
9877
2982
306
2289
6806
9384
254
7065
1538
8244
8399
8208
229
7654
173
1977
1402
8560
5046
194
3025
8937
7935
6082
6634
23
2310
6282
9860
9491
813
8553
3715
6490
6555
9373
7443
1464
1356
2695
8671
7997
7034
8263
8631
7272
5678
2203
4538
8868
6580
1679
1447
9109
4245
940
5046
4224
5654
6782
7074
3971
7204
2047
7431
9846
4493
3738
1098
799
4534
9938
7204
2351
1523
5027
1902
9672
7450
9362
4345
106
1744
992
2911
9134
7105
4605
2245
5614
4326
3219
5809
4573
5621
4699
792
4987
831
8785
2778
1939
1105
3739
4334
6642
4475
9096
7585
9217
9037
5374
6773
6292
2437
6967
2226
6212
9135
8297
2740
9887
1493
5484
6472
1314
4128
2630
6729
6823
4235
6915
8840
8665
6583
2405
9001
8005
6657
6268
4658
8008
7019
3028
6576
8952
6445
9516
2136
8653
2473
4579
5851
2534
6044
2891
446
5620
7266
3019
2513
1844
2366
762
4981
2122
6534
8107
9709
31
7966
4221
9554
2867
3638
4731
2867
8464
8907
7520
4868
4612
494
8076
4350
9655
1064
6305
2620
3691
1959
3380
738
3638
3754
2814
5642
6257
8046
4454
2417
8338
9806
2104
687
8251
5025
2984
8895
1312
23
1981
6713
9746
8150
7901
1349
4290
6411
5326
1058
229
5486
6018
8072
4585
3482
5916
9112
824
9089
6610
418
4452
5102
6530
4805
8390
7388
6098
4630
8080
7409
1307
3668
9977
6666
992
5487
5852
1464
1351
9846
2720
3396
2188
2851
3788
4031
6101
4769
9108
3871
8071
2223
3413
1562
2260
4643
1619
3096
2959
6901
313
695
2977
2819
4179
2349
8095
7918
2490
428
3259
9359
7738
6764
7698
1056
2914
3679
1017
4358
1286
1329
5521
4208
9338
9084
254
8414
4406
6348
3868
2756
8505
4449
9533
2024
418
9369
8672
1438
5936
8183
2278
8680
611
8712
4484
6649
3864
1204
1729
7940
2079
8600
5614
8983
5173
8769
3481
5094
2095
9680
3512
6142
6560
503
854
3288
7231
5673
637
3545
5007
9578
8422
3103
9050
6841
3596
625
4599
3605
4550
3202
4618
5927
676
9904
8834
549
6851
1649
5888
3577
9343
6256
4671
6136
2119
108
7858
1196
9418
8191
566
8184
2933
2500
178
2511
9933
8331
5172
2855
494
8489
5129
310
1523
632
9826
949
4453
6681
8821
8988
7657
1429
235
2166
8432
2914
4721
3488
2767
3403
4187
6359
2635
6434
2994
8176
9726
6323
616
8519
6477
3032
3082
853
1126
4360
4612
1487
282
6908
6742
2736
9369
1577
526
1503
2265
8011
4078
7019
3610
1683
88
7091
4302
8770
7674
5088
7638
1650
1223
8130
6065
302
2511
4624
8346
9381
1040
4071
8301
3234
3206
5858
6661
1450
6990
1057
5908
1490
5910
1714
2244
3597
4909
4793
2944
5991
6551
2355
6686
9524
3848
8632
5685
8611
6670
9066
9066
5902
3156
2883
6971
7
8717
375
8477
4229
429
2851
1780
6616
9180
6147
5739
9508
5885
2468
5392
7717
1679
2355
2829
8684
7385
8777
9385
4574
172
8049
4780
7923
1991
5
8334
3027
4742
2237
4879
4533
6316
8715
5561
3700
575
69
343
7701
2892
6176
2725
4202
3674
1348
4222
801
54
8286
2621
9940
990
3902
4056
2380
8070
3856
4625
9175
7813
2712
4765
3648
7589
858
1401
2964
6793
9128
8109
7316
8434
1684
1681
3996
5323
577
4249
642
5783
7532
2972
6456
9615
4939
3543
2413
4658
3181
5629
6718
5444
1168
9887
180
1410
9077
6613
2815
9947
1257
4007
925
176
5305
1506
9305
2221
60
7056
7493
9607
3982
3391
280
9739
8309
4033
2650
7315
8987
8306
3612
3498
1391
1871
7265
1797
1500
2585
6246
3964
1434
695
4525
3525
2047
6279
4309
3432
4238
192
4597
6124
8136
7110
1462
7776
9606
441
3100
5043
3963
5499
959
2951
394
7426
8785
3434
4240
7508
721
7474
810
3528
8173
3286
8866
6755
7691
2030
9723
9217
3077
8795
3708
7488
5362
4280
409
9489
2190
1058
9484
1202
1
5934
9735
1574
3130
4621
7494
875
9192
6729
9471
7123
5314
4608
8937
8175
8910
2850
2750
1070
5320
4745
2422
2164
9242
2906
2064
4504
3024
4751
5317
9662
7989
9607
3527
2238
3551
7292
3624
3069
4535
8847
25
6347
9324
6585
2174
753
5343
2233
579
9339
8307
8413
5881
5255
3512
7571
2331
224
2557
2989
7850
4441
1412
9808
9133
5706
1081
6698
4624
1618
9226
9680
6534
6473
4720
6074
2840
2657
732
1310
9160
791
4172
5977
1354
9575
3725
8271
8726
5980
4960
3400
512
1546
996
5583
4934
9515
7451
6467
9672
8644
7608
8960
113
8626
1879
9408
535
7437
4731
9673
9491
1247
3829
7059
269
5435
8453
9557
1980
2809
7972
8644
6657
5825
9168
4988
5476
9136
1140
3324
5206
4264
1637
516
3182
5211
5863
2728
7696
4317
7736
1288
1249
5287
3908
9265
7717
3937
5314
9499
1062
7894
4487
6862
671
8964
2303
4288
9458
6890
3931
1398
6297
1406
4467
5227
9609
3312
3876
5057
9571
5725
1860
7662
5073
6683
7395
1369
1916
9902
7271
1539
3821
1640
2261
7311
9777
4774
9844
4218
2907
1575
3269
806
386
6337
4991
9842
820
8681
9656
4404
60
256
9927
5337
6033
6824
1789
3987
1569
933
2371
9555
9619
2391
7576
4656
9145
7155
5449
4834
3468
9658
2150
7996
2455
1054
7276
8735
1692
7553
549
3234
246
2867
1479
3564
1713
6924
1278
2952
2985
5856
2649
1974
9203
3713
1187
7994
8761
334
696
3664
3232
4821
935
402
8106
1930
2881
4978
9547
3053
2295
4015
383
9137
9308
6751
912
4011
2943
2220
5876
2496
1848
7612
7009
176
8793
8742
9867
9282
9974
1357
6856
6885
2
5425
1931
1077
5458
9782
4043
6300
3405
9932
3560
8633
1590
66
4404
4435
7082
4749
7391
8476
7788
735
2972
3323
3392
7930
3137
4138
5111
265
3078
938
7159
3498
9134
3883
4820
9835
8553
3161
8177
9576
9091
1916
4051
8375
8585
8726
4337
5432
2200
5225
3966
8380
9097
9267
2452
8607
7684
7527
6644
9904
1189
3139
6854
2622
1474
8091
932
521
9614
7246
6195
4230
298
8211
1643
1056
9272
5016
9344
4410
9801
9678
8065
7852
6972
8778
4401
9866
1431
6213
2151
1026
6516
8272
8387
5952
5062
1428
6901
494
7794
3816
5817
4953
9030
9735
8081
885
7624
1396
9334
2667
8182
2234
103
1510
5074
9001
5650
2695
3689
1065
9089
3400
5095
5169
7713
2026
9823
5690
5994
7843
8115
8850
6615
5984
3860
3111
8822
7236
697
3516
2242
35
6878
9483
2843
4281
8169
6877
878
6061
5778
4206
6804
6729
4726
2417
9857
3860
2021
6055
1061
1933
5402
1491
4551
9332
5619
4118
7649
1962
178
8413
1998
173
8822
9054
6522
5611
2325
3432
3856
2946
4812
9933
2064
3908
2045
9885
1258
1443
3253
4961
5214
4641
2454
309
4632
5387
4931
3510
8662
4050
9227
8915
5882
7364
2208
6631
7907
5671
5894
4246
1535
8589
2198
8115
7120
5469
9426
643
7287
5733
2859
6206
8708
5216
3199
7356
7719
8512
4421
1134
680
8814
4769
9806
3719
5896
4050
4700
1700
5413
1977
5586
5548
9007
3426
6624
2443
4339
3188
9163
5961
4288
6223
2928
1190
3021
207
666
4165
4851
8912
9395
1250
4760
3566
2720
3819
2392
4395
1224
1418
4726
8942
1873
3755
7273
657
9700
1790
6574
4913
3379
5323
5257
5173
6391
2591
1841
8615
697
5689
3384
534
6848
6501
2582
4336
788
5441
705
2805
50
9943
1964
7745
1234
5346
4349
9172
3917
2363
506
8876
7590
9938
5532
4071
5992
9587
7174
129
1978
3777
3698
5534
8034
4191
2093
5372
1173
2936
9869
4259
1084
3769
4862
3436
3359
7512
3938
1045
8241
2668
4697
8333
5182
4508
2943
6910
968
8511
8344
1201
8266
576
827
6273
6245
6429
9710
7043
3252
8976
7999
980
2494
6247
7791
3821
5075
2096
711
8479
5648
6129
1887
9309
9079
5364
352
3526
1247
5182
4403
2661
4592
8667
5992
508
2942
8589
7190
6929
7801
6895
7792
9265
4669
3716
5839
8934
6716
9122
1835
8872
7799
9864
5552
2137
8688
1517
7193
881
6077
6184
5795
8069
4572
5337
6388
3826
255
7283
879
6486
4905
3782
678
8753
8337
2622
4640
5362
9525
1417
6809
2125
3347
5531
4861
4727
3115
3855
1819
1424
1395
6309
852
1616
1099
9722
4692
9331
7328
2012
8679
9432
8243
5349
3967
4017
9186
6799
3800
6065
6876
1831
1356
4659
9375
3670
4722
9041
475
1660
711
6400
5463
9454
5090
8595
2930
9061
7653
8614
7930
5309
8033
7512
2737
7376
3882
7998
1564
844
5541
6315
54
5754
4548
9564
4953
6192
2241
7428
5000
5651
8855
5668
1300
2279
3969
8788
258
5371
1086
124
9145
5185
8135
1567
3797
3843
1921
1998
9788
6723
7477
9631
6118
4395
6345
9709
4906
5526
3642
6738
6819
224
3613
2279
6454
2365
6211
458
3407
5093
7740
6192
9757
5416
7170
4869
7619
2981
5767
1110
4270
243
7640
8277
8173
9223
9549
6905
5933
4260
3882
4732
1729
4348
3305
8920
1572
5856
5112
1431
7631
1463
8590
4695
8983
1285
9873
702
7225
1476
2090
1925
9759
2531
2467
6576
2584
5336
4105
7230
2815
9306
4524
9147
1211
3008
4462
5409
2111
8249
3296
1762
7868
4335
3478
2807
1652
2945
9294
6888
9350
8847
9679
4457
2169
1957
4972
9197
1880
6728
6336
6235
1750
7882
8616
8324
6938
9443
3484
5974
6822
4464
8590
8976
8179
327
4056
5423
9053
9660
4924
9639
6042
7217
7880
3967
9626
67
6977
9253
8035
5264
3528
5383
1912
7061
12
9985
5719
5153
5868
2208
9461
3319
65
4885
257
703
6277
1842
7900
9549
144
2219
1804
6697
193
4533
2
4648
8697
6870
2466
4230
7939
1558
935
3207
7063
1118
314
4071
9704
3899
3791
2715
177
2723
7151
2994
3710
8923
3789
5134
1353
8486
5120
1309
3579
5215
6867
5479
9983
1070
6456
8998
9742
5230
5379
8507
3950
7050
3640
5159
1528
3829
9844
6244
8427
9088
6519
7470
7382
7008
938
9774
3081
7331
2877
9453
6437
9626
9628
1848
4250
4835
4087
8634
7443
4793
2973
4947
7343
8643
9043
6660
5283
8629
3606
7523
8641
8875
2881
4490
8695
9397
8097
2975
131
6681
5916
2410
2353
5925
2070
4324
7421
1791
909
6692
9741
1210
8801
3634
6114
1572
126
8738
7964
4278
4491
4451
3725
5353
811
7562
6745
5137
3152
4852
6738
1112
8502
761
8876
563
2593
1417
6573
4719
9238
3491
7720
6913
7782
7431
74
9247
8376
7123
9271
9358
5010
5853
2190
1465
8684
7000
5114
4507
7579
2284
8639
6057
9954
8628
2707
8039
4757
5551
8979
8708
2165
3244
5040
999
6731
6811
7570
3380
7488
7497
6761
6029
5580
7379
6102
2649
8571
7411
1878
5592
6303
2065
7140
6954
4851
1663
6959
9153
4724
2034
4489
2824
8144
563
7193
1765
813
1190
4734
1873
9429
1734
7019
81
5523
2610
476
2574
2526
58
9468
7345
3673
3386
2404
99
6104
8086
6148
5067
9852
8417
8655
5453
3007
3936
7885
5017
186
4336
1835
7380
2676
4
6163
4569
5045
7059
1430
2241
1187
4384
6626
4665
2566
7143
9151
4757
8158
7093
5661
2727
5042
9666
2021
1012
3078
1566
7073
1586
4725
5458
2388
8190
8222
2087
4669
3668
7222
7834
5054
9045
6655
3906
3880
5467
1790
3989
2887
5863
4784
3127
6858
3093
8674
9108
2338
3010
7983
5151
1491
3479
9985
9844
7516
5728
1996
8436
6443
478
2474
5483
7535
324
2038
6615
6072
1135
5786
6553
9221
9088
8678
1209
6802
1597
8599
9294
9515
9114
9749
1658
5684
2071
6343
1574
9059
6810
6390
8151
3471
3353
7546
2408
3388
9301
5591
6534
1054
2059
3036
1202
7223
1430
5929
2403
4800
8775
3042
5918
7129
2701
8921
7328
729
816
9799
5463
3981
464
7556
9261
4745
7634
3081
5868
1541
6269
7820
7501
6005
2064
8240
7456
6078
8546
4435
4253
6142
3939
6774
283
3768
471
1022
770
4432
218
1679
2572
9501
128
2553
590
4502
3774
6457
9589
8349
61
861
8530
955
5541
9912
5064
4460
1464
1250
2182
6381
5545
9321
41
3690
7272
5492
4273
6611
2311
1435
1323
4590
5247
7999
5877
9510
7650
2953
2303
2089
4845
5904
6080
3078
8243
9328
8227
558
5957
6309
2968
8967
9497
6191
3956
806
2512
6900
7230
8281
2183
2977
6038
8626
9538
3940
5707
7542
4035
5553
6810
8511
8946
92
1535
9640
3240
6963
5446
7943
7265
3715
654
6001
8467
2355
5092
9056
4042
5071
6998
749
5722
4021
9906
1868
9866
7454
3539
4302
3621
685
6523
403
9499
4457
21
9404
4656
4316
7565
5549
1453
9287
1016
8468
2323
36
159
7183
8847
6650
3499
8963
8555
6060
2788
4924
186
9667
9773
5786
3423
1144
4321
6579
7191
250
6502
4010
2333
5688
4399
9726
7505
1448
9296
6435
3005
1438
9544
9829
7295
6356
5454
6970
7185
7559
1848
3438
1668
5096
9217
4988
4542
1779
2125
308
4965
4436
1276
2073
3534
6149
4849
3159
2250
3773
1458
7107
6764
6352
1919
8748
122
9944
8490
7067
5689
7350
9394
9632
8402
3063
2341
7236
6471
9410
5183
5726
9322
8987
1470
8568
161
7471
6295
1146
1506
2295
4719
3411
6101
4740
6674
5316
3177
468
4866
4598
3288
5058
4619
7614
5042
1643
3671
470
3807
7612
6687
2839
8589
5731
7784
7776
4882
3350
8586
2651
3648
7344
5560
3394
2631
5982
3531
3661
6389
7024
4059
6002
4544
585
2438
4264
4368
3855
3526
8518
3800
5825
7338
3893
5607
1879
4822
369
6955
8897
433
9826
1882
2215
949
5944
9497
1224
4983
9059
8112
9
4080
6783
3553
685
8295
8003
3293
3520
3407
1027
9824
68
8851
7823
5
1666
7786
751
1160
3161
6705
7491
6590
4233
4120
2329
9636
6494
4767
3143
8871
4466
405
3790
1744
555
340
4922
3584
6818
7075
3435
5490
9406
1
1813
3363
3126
5938
7830
3438
4232
7899
4951
3304
6589
192
9319
6565
5965
8367
6799
8753
264
2155
5358
9663
5061
6078
9450
1326
2864
7166
4341
6085
3270
2001
7184
4231
2306
8965
6509
555
6936
9705
4639
6566
5454
485
5155
363
1020
8356
7618
8450
276
4682
5225
7251
4642
2150
8302
7047
6488
6504
573
7065
3557
8865
34
4587
3008
5088
4259
7000
1858
6243
1816
558
7515
8792
4209
4575
923
9087
305
4507
9548
5891
5809
8587
6775
9932
9588
155
662
9462
4067
432
9131
7574
3008
6588
451
567
7355
5932
4097
617
6592
4032
2865
4667
9736
5850
7941
3727
6123
7401
6199
6065
7516
7666
3056
1446
7812
3075
5499
4103
6338
2395
2176
1384
1426
9940
5783
7620
4123
356
1731
4372
410
8930
9298
1776
5722
2108
196
3738
2214
6934
3338
6666
4232
3066
58
5342
3532
9005
2755
4279
433
9994
4279
4196
1855
1481
3240
9796
66
321
9604
5767
5669
1826
5655
8585
8367
1279
5724
5703
2879
1760
1889
9403
9057
5510
7151
8360
9882
441
4088
5118
7601
7452
3939
415
4650
5101
9920
4240
8868
399
3672
1893
7330
7571
997
2405
7410
1472
6974
2252
3280
7051
1400
8672
8105
4876
5139
6345
4329
4879
9913
9625
6232
4485
8165
8216
7887
5239
3935
3265
1358
1483
6835
2479
8088
9996
2072
1486
4513
4745
949
8409
3466
1836
1838
549
6052
5266
2310
9774
9962
3575
9911
3988
486
4047
5660
2845
9405
2780
4518
2171
7537
3708
893
1796
216
8920
584
8109
2804
3652
1832
9584
3929
1503
6158
4396
2647
7615
2164
2621
2928
4160
3302
7783
1572
2846
1993
4041
4335
9227
2080
1732
227
8778
872
9757
942
41
333
7131
4682
4201
6969
6309
1742
326
59
8982
7888
1263
198
1790
615
1896
9242
3376
405
3109
224
7370
6927
6542
3773
3577
1572
99
9356
5150
630
6400
3454
2606
7281
5032
7939
8726
7190
6993
6040
1245
2787
3010
6152
3071
9029
290
1117
8330
9536
7496
9351
7832
9816
2963
204
8139
428
3392
4737
1643
969
4908
8351
1488
7809
