1329
590
7128
9537
5017
785
8894
5661
1462
1508
7127
4815
1649
3234
9091
8520
6397
2944
8660
1063
430
5805
4663
9699
7133
1554
9171
7259
2193
7100
1398
8834
8741
1295
3454
7821
8299
8418
2212
1648
5489
7270
815
7726
1093
8415
9665
9690
2519
2669
9607
184
8870
9339
7237
5524
5927
7428
2404
3462
1614
1635
3467
4362
110
8293
6073
354
9779
1269
221
7979
732
7011
5573
3159
4989
6937
8605
8717
1889
9480
4739
9523
7492
1214
9963
9402
4057
7930
1894
870
6014
8750
34
3854
3802
6453
7615
2800
2342
9311
9910
1249
2447
1628
9451
1858
3765
4078
534
8990
8822
3686
1573
2133
6895
3943
6869
8896
8329
6670
6297
1849
9375
9351
1965
1982
6977
1719
9357
8535
9321
5805
6375
2577
9569
3490
7076
5864
1762
8104
5637
9979
7395
2903
2047
2327
7177
7900
6959
9858
9584
8719
4470
5671
3014
8061
1874
3096
9662
7469
4881
2046
4721
1999
9668
3016
7311
8995
2563
3405
6867
1004
7133
225
1033
6318
4453
6472
7304
9638
4805
9076
4759
9498
8951
602
1335
703
9563
1508
1615
3980
6201
4293
3222
3590
5257
5396
3234
9030
5015
8181
5337
3554
2990
8579
1585
4245
4638
6696
3607
5402
5791
24
2663
5805
7286
5222
3047
9066
1680
6608
9432
1055
1789
2887
4802
2839
7002
7442
1060
9057
3237
8273
4622
6623
3739
1205
6507
371
9016
7090
6065
2866
7900
6213
8188
6177
1629
7417
6304
35
2348
4168
7349
8407
8749
4281
1764
103
3776
8746
7242
7195
5636
4550
2164
7518
5401
6040
2066
6081
8715
2676
49
4590
542
6565
3155
5575
4699
8625
1209
9584
1138
1025
6708
9069
923
6215
7874
9458
9440
6404
6594
270
9847
8870
7230
3349
4049
669
776
5589
5351
223
1319
9672
4118
2759
7864
2183
1125
6189
5403
5151
7536
7658
6056
4611
7842
3095
6594
9185
8166
2607
6640
2310
6081
9779
4742
1672
9335
9806
1526
4030
7849
5620
4233
915
9705
7035
4950
8164
8351
5690
8332
3251
1000
1442
2734
2189
2813
2619
5506
953
4074
1590
7423
2743
3582
9008
3591
4339
8017
6191
2848
1319
4663
1373
7302
1915
3425
5141
4906
806
8145
8430
834
2475
4275
3389
1310
4638
7044
2552
8859
6716
4299
572
9955
6258
8197
1489
7332
696
3444
611
146
2159
2842
7013
8587
9627
4140
818
8764
7671
7713
4699
2808
5644
755
4947
8468
193
7698
8952
7294
5464
7332
6131
7019
4090
1418
1043
3718
1935
7809
4209
7362
7533
8283
8675
9633
7261
4801
1682
498
6226
3788
1187
9003
9599
7764
4311
5503
3249
3021
7138
2997
4492
3317
4682
4826
6710
9994
4496
8209
3096
7100
6829
9862
3503
7337
5274
7360
2080
5314
1206
5391
6016
8453
1067
1676
6145
7128
7419
6326
7106
5540
468
8913
670
1212
2870
4216
3601
3849
2922
7267
304
3473
7402
9125
6958
1324
5500
2262
2489
6950
3423
7935
1814
1746
6981
6038
2249
3005
8680
9582
2574
8170
1102
7555
6632
7915
9192
2290
4467
1058
3758
8231
2391
3939
5087
2543
1051
1942
4717
4821
1628
5157
3837
155
2117
2532
7099
8923
4231
6831
1967
596
5168
3340
4692
2134
2370
9847
2493
9043
2131
3209
7795
1431
3192
5191
5543
7875
6659
4437
4987
307
8287
3859
7954
7417
4332
946
5437
4099
816
269
8059
7635
9090
3162
3062
9051
9247
2952
172
1203
9448
5674
2689
8419
7362
2405
6963
6925
6988
9223
2263
9793
1844
1660
2308
1308
5386
7274
7801
1423
4409
8393
8227
1861
5149
159
2340
29
2129
6492
8628
3707
4265
3783
858
2613
1169
9534
55
1927
3983
8511
7110
1592
8006
8266
5790
7430
854
1754
3665
1972
5150
8749
6794
1054
7446
827
3269
7202
64
6933
4796
496
595
8555
5527
8061
801
9694
139
5851
7219
5874
7440
5897
1282
6634
3855
6882
4369
4910
9175
374
2826
6656
8557
5516
6988
9803
5166
341
6265
2853
1862
7049
3714
6614
997
9450
2738
7729
6629
1159
1614
7814
4752
9275
1308
896
9771
811
6972
6387
2833
5154
7757
4421
7670
3939
9998
11
1072
997
4527
9798
9586
4366
4012
390
2183
4668
5637
4405
4144
6639
8281
8016
8760
5012
1903
9282
4207
6092
32
4354
3369
9877
19
6707
9291
9293
8943
7057
9452
2726
6656
5631
6631
1816
8228
386
5263
918
8713
5102
5174
2566
2243
6193
6873
9741
5661
2658
2036
715
5804
4979
965
173
6428
9708
4346
7304
1098
2890
5724
8579
4952
1417
9983
2649
1385
6944
6783
1516
4019
3288
7379
4929
9180
802
7634
3826
9834
9550
3631
6285
5021
8736
6922
1676
4666
6458
5387
8519
6040
7958
9819
5823
9378
6594
7613
825
6210
4223
8355
8717
5874
519
6696
2515
7600
6036
992
5626
2073
520
7470
1548
9258
9439
3557
6216
4494
8306
7983
4927
1556
8263
5476
6060
3469
1556
5551
2585
3188
6809
7615
5610
1194
4914
411
4502
2039
4406
4076
8629
5465
9761
6446
5519
487
8271
6564
9938
3037
1397
6330
7904
6240
3428
7160
7610
5042
635
9046
6044
484
8407
2437
5264
2904
1860
353
4344
9028
9055
4176
88
4229
9353
9461
1795
1817
9956
5573
5197
4991
5612
9548
1791
478
9711
9369
7765
7753
2800
9459
1403
5359
8032
8145
7058
7323
1182
2615
8627
7918
2220
910
3982
7220
6242
3674
6886
3967
5365
5793
5086
5062
3849
1052
4872
8858
646
4785
3193
2490
2587
6590
6227
9595
2772
4728
6197
1208
2402
4471
634
7341
6946
7279
2770
4702
5566
4570
4235
6036
2482
3798
2388
7007
4373
6341
1510
6979
3272
8200
6677
6396
9422
6136
5330
5630
4682
4386
4447
1513
7476
5678
1564
893
5158
7744
8116
6569
8281
170
3292
6075
549
7156
7
8789
4201
9220
5221
6431
3218
9217
7935
4202
7794
4237
7919
809
1948
7140
19
1179
122
2722
8559
6804
2233
1495
1848
6628
8224
4941
8697
3102
4907
601
5846
2265
6128
6541
1428
5462
9165
8016
8295
8259
7742
7361
3098
921
9825
7306
4620
1141
150
2113
5952
7827
8596
3202
6555
2706
7371
8592
8206
8276
520
4833
9295
7192
8390
5653
4680
5407
5711
4556
2013
2106
4426
300
9062
4871
8397
927
6803
917
320
7556
2951
2794
4649
8019
3668
2925
9986
8722
8090
573
9809
18
7739
2909
8066
5905
2530
4171
2626
9213
5429
5594
99
3846
3400
8295
4140
1683
4309
6444
1788
7289
7956
2963
1881
6500
2543
371
1985
1755
5421
6989
6465
1440
2297
4408
2561
6153
6804
2491
8397
2632
8291
1106
2127
7357
2695
803
4618
5372
8785
8302
4413
1646
8784
2520
2061
4775
1027
1566
3362
2158
2186
870
3792
8440
9128
8658
1548
8992
5734
7987
4878
1817
8046
9156
8997
6850
836
4524
3805
1740
5752
6612
2969
7118
2575
4818
2656
9777
2346
7786
5125
5238
9128
6238
445
7420
7313
3686
8228
4036
9254
5626
9638
797
3423
2595
3599
9627
3522
5211
3939
6503
7761
1622
6406
5574
7901
6674
5864
4309
6002
1771
6645
7948
2862
9640
2689
1808
8710
1576
9536
7149
6295
9768
2485
125
6973
2172
3695
9980
1219
3028
6254
7135
3846
8621
7477
7506
9831
4871
9519
639
7822
3918
8034
7482
8981
1690
7935
3783
9906
1791
916
1945
5674
6789
207
7992
9136
6281
8600
5728
2979
5884
3090
2973
5516
9509
4101
4240
2162
5182
1977
3839
2057
8896
9327
2377
1734
5003
1143
5283
4237
9911
74
9428
2112
4309
1460
7057
8414
9485
8370
3550
6271
3791
7660
1937
827
5060
1965
9471
7588
3695
1620
4723
9813
7077
9888
6778
7461
7830
6257
4133
5137
3317
1491
3067
5810
3662
861
1207
8049
7044
5825
2677
6812
8426
7568
8265
1236
7389
1549
6673
3037
1672
7694
542
8290
5350
9614
5034
4420
4682
9595
584
3227
4236
8413
2953
2299
4593
6127
7164
4199
758
1422
544
7869
8943
7911
1387
9509
1622
5541
71
6280
9583
1096
3465
5622
949
4776
459
4048
5826
6787
3367
7448
5241
9449
2575
13
4614
5966
6643
1262
4384
2474
2279
250
7149
2672
9347
7439
8226
5525
2797
9140
9523
4303
3644
3140
4948
7331
1350
9816
5667
3116
8372
3970
8054
3095
2627
9494
5335
1374
4894
5656
8898
8809
1895
7109
8817
3214
8472
8276
5429
3020
5822
301
3989
4226
7925
937
5805
9434
5065
7282
4616
6826
5595
1268
4101
8308
2195
4054
45
9853
2103
6852
630
7141
242
713
2408
6534
4323
1733
8858
3073
4387
2646
7294
8071
9981
3827
5170
1689
3689
5901
6308
7611
1039
2071
3214
626
3007
508
1019
4418
8231
5575
917
8969
9670
6847
3984
7211
8529
9270
5110
3332
8424
1542
2439
2948
3974
6029
8326
8367
8883
8355
6164
6202
543
3018
6101
8170
7499
1781
3526
3815
713
4439
4842
8811
1729
8324
8401
3133
9843
7958
3160
4418
790
2976
9187
9497
9632
266
6651
6978
2182
2652
5534
9875
9411
4714
8425
6651
746
5814
9712
6747
5743
1295
2618
3984
6700
3627
1218
5650
7628
5192
8524
925
5194
1745
5411
7566
3831
6604
8537
7233
5129
6548
1632
8061
8905
4966
9400
7014
9898
1749
2387
4029
8246
6412
8675
9495
358
5203
2797
6005
9047
1001
9350
6989
4127
4609
4680
7665
9303
859
2820
4142
7276
2478
1618
9194
9662
4556
5079
1733
4226
4203
5751
5878
2805
4494
2678
8782
3069
5916
7208
8627
3807
2532
8185
4127
7198
4643
3933
4295
285
1734
7711
9039
8928
8245
6752
5767
4794
9480
9832
5801
123
1063
1778
4843
5250
3471
4183
9633
1931
5898
4596
3387
3651
4192
334
4744
4292
7490
1996
5019
623
783
1447
2491
6492
6712
6949
4560
7741
6910
3987
3588
6083
1406
8503
2743
753
3342
8877
3726
459
4300
2364
4387
7138
4323
5388
4736
7910
2008
1475
7304
7484
4813
5178
9340
9615
9287
8351
8537
6522
9623
1891
5020
1910
1007
7303
2244
5688
7591
3991
950
8612
8270
4559
6322
8419
7060
5353
2168
1324
2213
6650
5733
5435
6683
6104
1270
6227
9163
3127
1466
4991
339
7204
836
2408
7344
2476
6131
7020
3143
9047
318
8017
524
8691
9214
253
8855
920
2555
3933
6182
7213
4308
2972
6158
9584
5227
4902
6033
6016
6525
4463
2525
5959
8272
1066
3722
3914
1075
4583
9222
5148
8180
3166
6331
7715
4910
7991
6890
1016
7372
8242
571
7532
8808
3126
2895
7864
6250
7759
7249
1228
986
7126
2521
5854
5492
4565
419
8148
6530
4941
9845
7972
4711
1033
9033
1142
6640
8442
4674
7236
8012
5016
8644
8282
3892
4992
7150
5146
8170
5858
7664
3316
7333
7994
4161
1053
644
476
2223
345
7571
8742
4486
2431
8397
2599
2821
7775
4092
1753
1223
7807
3084
13
3215
5970
8482
4239
1962
499
7415
5272
9977
672
7277
6529
638
6717
6871
7979
497
6164
6218
4329
9664
9270
530
6213
9884
1293
2171
9374
1053
6416
4635
9856
231
7320
4778
8191
2571
6404
8513
1724
2930
2299
8764
3814
5153
1867
1960
6104
903
6113
1255
5059
1589
8755
349
3945
5440
2268
4354
669
8328
8040
4219
3560
6036
7420
6298
3318
1938
8680
5407
4092
7650
4494
1399
7364
505
6716
1059
8017
9332
6066
8471
4940
5161
9576
8267
1475
6970
832
2751
302
2049
7843
3396
4889
8080
5203
7777
7732
5569
8641
4165
2223
706
7162
7408
7094
7356
2984
3439
8724
1209
6337
1336
2261
9569
9279
8399
6460
9153
4822
6347
1105
5929
5104
2043
9806
1097
6509
9284
5301
8938
3326
2447
691
1901
6247
4233
7998
2167
1172
4119
3986
7393
4027
9093
5712
6506
1135
5320
8800
6804
1316
8579
747
2293
3059
6294
5601
5119
7602
5997
847
3699
8138
9785
7882
3890
645
359
3321
5045
401
4293
7981
703
2361
3712
1902
6011
6330
3299
9962
1188
483
8497
7621
4747
1700
8398
8841
9953
8632
2878
4565
5175
3271
286
9254
4241
1210
1821
5861
775
1999
3755
6403
7023
598
43
9931
9347
4392
9589
8789
4302
6034
9658
3215
9641
2163
3135
2189
2247
1518
3367
6412
7522
9727
2805
7431
2075
4458
7660
4801
4508
7438
9187
9188
6728
2094
598
4149
1656
8466
9494
5561
9043
4089
262
9140
3612
7070
9613
2078
8075
9632
3614
9256
8632
7343
8880
7295
7792
2612
7856
4889
6731
4788
4280
6864
6847
470
6487
7547
1565
8986
533
3780
2024
7805
7369
3433
9465
3665
3818
5004
4844
5581
6726
4876
3823
9930
556
9384
3213
3302
6356
9044
610
4605
8829
4254
9809
3398
2293
3142
583
2066
513
9088
9098
9834
7232
826
9973
5446
7830
4126
8793
2851
44
1150
8062
9403
3040
6916
9913
7102
4333
8262
2629
1489
3169
7419
8976
3114
3624
6066
1371
676
4421
2777
5068
7637
5777
3989
2698
9729
9411
7766
5471
2229
250
7758
4560
7679
6192
405
358
5377
3228
3480
7733
2250
6459
7609
6664
9813
1850
6859
1822
1763
2755
8117
8430
7267
6081
424
3625
9050
4218
184
7691
6566
2791
399
1238
5410
2858
1296
6921
3218
5708
5994
7447
941
5044
2817
1178
8168
7325
2884
7879
2551
5944
3707
9474
2132
9328
7293
1597
5767
6779
1307
1158
3044
5788
1167
9459
6059
6370
1253
6954
553
9937
8603
6055
6760
669
7489
2222
3264
9246
5457
1724
1333
2304
5139
621
9083
924
9105
6082
5565
9699
1153
6439
4400
4836
4403
5152
3877
3358
5118
1797
6072
5929
7325
2613
7340
7652
2714
1462
1839
5070
8333
6521
1322
9583
9824
739
648
545
376
5134
7264
5171
1389
854
8783
2164
1654
1924
6266
2337
8345
9905
4128
3659
5652
5403
4979
2526
3281
1430
8210
7643
4242
494
1365
4632
5116
4817
5011
3663
4503
3332
2982
9983
4532
901
4540
6470
3830
5176
5997
789
5196
9502
6725
8427
2393
7662
3930
4420
5760
8122
7263
8945
6924
9621
928
894
9488
4151
7047
6837
6912
2603
7833
5013
6923
4144
9126
4751
863
8508
8695
8104
5433
7420
2446
4740
3769
2938
2239
7453
886
591
7903
6380
6068
4036
3059
4911
9972
3646
6982
9678
8128
9159
3877
2592
1668
1712
1504
8248
8536
9179
3557
7251
9426
9158
3511
9503
7174
6188
7124
6550
1911
9594
5950
6321
4700
1453
8944
2886
1084
4215
4778
7216
1526
9016
9976
6273
3543
9854
3071
2057
1434
3990
8917
1707
7033
651
6953
6909
524
3555
7736
3784
6522
431
7767
8533
3209
7555
7892
215
2767
8617
7164
4320
4401
6341
5725
409
9182
7238
5960
7320
3117
5066
5116
7921
677
4243
9288
4048
4500
2035
2362
7529
6479
993
694
1094
1249
1442
3064
5987
1961
2856
9290
2816
6826
4596
7305
692
4926
6543
7727
3286
7595
415
667
1455
5315
9845
7856
8966
8267
3844
5715
732
6255
9635
7841
3408
5646
4630
9160
7739
4174
9972
5359
261
5775
2299
1095
6080
6937
8595
9121
7956
4307
9075
9933
6063
325
9238
5779
1403
3585
4098
7719
8117
7141
8558
6561
7191
6754
3897
5045
296
7383
9987
9112
7622
5056
406
5679
3015
8750
1776
2028
9672
4722
7758
6424
7179
9701
1778
3082
6408
8850
7756
4153
76
2252
7241
3120
7217
5738
3903
9325
3040
3550
8825
573
4320
9963
2311
1006
9919
3558
2764
2653
1809
2069
8047
3394
9382
2134
9382
7489
4976
815
8636
1445
9627
5833
9035
5369
7814
7286
8462
7277
4846
2450
8988
6121
5896
7184
2103
7215
7390
772
3162
2850
6086
5103
2344
8006
4205
3847
3737
5083
6356
6414
4349
2225
4913
7379
946
8486
927
6941
3191
2633
5095
5486
7806
9359
3081
1925
7497
2197
30
2166
99
4204
7652
5785
5359
4523
3489
1029
1164
3967
3549
3379
921
8432
8100
6763
1208
8517
6238
3617
6287
449
7580
529
7754
599
7296
2985
4925
2279
6349
1539
5052
4189
6315
145
4572
9127
2019
6422
4996
9898
5776
9223
9083
1716
4565
9373
1258
6318
717
8980
5959
6413
5878
9649
6623
7122
8030
4760
7227
504
6104
8885
7618
2009
8326
6731
2117
7955
2190
2080
6497
9816
8620
6389
4672
8357
1445
6038
6033
7922
1726
8607
1561
7368
5580
8639
8310
6665
3522
7450
1096
7259
9195
4491
3794
6891
1604
7074
3390
7833
7256
3303
4127
8636
2482
6142
7792
9489
4977
8266
5676
1992
8726
9304
8777
7496
7323
249
6428
9686
8420
5452
4432
4739
984
9238
620
4128
2595
7781
6752
4371
2648
8200
666
8423
4479
2924
4886
9437
847
8821
1687
5256
1774
9104
8533
9891
5714
6297
9567
1355
645
3703
9412
1804
8870
9388
7652
3244
5521
3663
6893
7196
1513
1304
9344
526
8637
354
3017
4399
5363
6991
8839
9599
3764
9176
2965
1880
704
729
8414
6298
8213
5397
3725
8944
8787
8861
9553
5091
5272
1641
3915
7183
1927
4490
3742
469
9759
8006
1253
5359
3279
5168
5991
3654
4863
9813
8039
9693
6422
5772
2539
4792
5249
595
8982
6116
7579
399
1739
9776
800
7926
9126
3721
3075
1656
7671
9273
5434
2496
2120
2698
9476
3054
3018
3045
9405
71
4081
8973
821
9860
8668
9500
9101
9123
1933
1332
5508
7625
2890
9359
6267
1477
4559
5352
6041
2269
578
3207
2142
8766
4258
3926
3651
9841
5315
2194
7576
5937
6711
7507
6318
2765
8954
940
9258
9625
4619
3952
9722
6338
3765
7809
9606
2761
6430
7999
8495
7665
7003
7135
9493
873
6831
2055
5601
4741
5849
9260
3808
9739
3755
9571
914
5382
3040
3501
2523
3618
6094
6415
7649
6626
3484
5803
5001
6448
4320
890
3411
7315
3699
9910
8933
9575
8013
5444
5934
6898
5338
4516
3776
5359
143
9983
2583
4194
6895
4223
9720
2928
5476
4876
1571
587
9485
2867
7389
1028
7054
9152
421
4959
5849
6492
6040
3844
637
1338
7369
7596
7567
5624
8280
1577
2639
2290
6482
3500
3219
806
9553
97
1170
482
1838
8822
8339
8345
89
5146
8055
4906
9844
6185
4095
8817
9510
3651
3943
8738
3556
5557
6853
2124
5361
9852
6596
9993
7948
7195
6385
3888
7808
6247
9599
323
3789
5367
4653
7217
5504
2292
1248
2222
9540
2661
5779
2094
7482
3821
2779
2831
9557
4480
7250
3996
3243
9045
5121
1986
2226
8346
396
2894
8761
4166
7097
3596
6586
3771
5028
4143
8997
6725
3233
1264
4308
4631
2583
2699
4072
4502
2510
4126
4415
3554
4331
3327
8997
5603
7080
4743
245
2667
4991
7158
1895
8354
3461
5374
5563
2183
5508
3710
8793
8636
3833
2831
1247
5985
9687
8612
6462
2421
7914
7723
5835
6270
8478
5207
9835
3770
4599
982
6691
285
3897
6329
1734
6075
9369
5954
1169
7208
7135
1889
8993
8800
5332
5779
9720
1499
2080
3011
5915
8468
8280
7824
4753
7267
1323
5624
9875
8254
5538
1793
7583
4525
7019
8508
4739
7503
1097
5172
6616
3732
7442
9253
5285
6024
8730
7035
937
2699
5486
8336
1690
1588
5066
8223
2004
6072
1576
4466
4751
3744
6079
2915
1670
5342
4306
4468
1781
6824
1040
2216
401
6908
6395
2182
1025
9026
2538
8728
8537
4288
4687
7175
2767
7202
103
5995
9458
8795
6504
8666
5926
6630
420
2871
7653
4527
7583
9943
1718
4261
5253
4113
1659
3270
7934
4781
5192
2883
7197
2978
3534
2848
5929
463
9057
8903
147
4468
5238
8310
5009
2985
320
2373
6289
3771
6487
3524
4529
6498
1443
2595
7009
4275
9034
573
5516
9497
9267
5321
802
6575
1598
3525
5131
3077
701
9957
3813
8750
4379
3115
4704
3407
9252
2268
3793
9285
6980
4163
8294
1668
8354
699
1535
938
5839
1653
1428
8483
3387
650
5200
9917
7508
8433
1387
6794
7242
3211
3070
6530
9710
5778
2119
8327
7890
3601
5022
6765
6780
6230
2516
5104
7027
9134
8220
899
1990
4193
7238
9047
8528
5330
5363
3728
7914
4787
5899
818
881
6999
2043
3769
1092
1763
1958
2575
8579
3207
3048
2238
6631
4663
1703
7156
8134
95
2889
8374
213
488
4803
3048
5973
4023
8001
4379
415
8391
412
3103
7701
4203
5884
9781
4186
8747
4011
5263
7175
5644
2319
8783
1145
4999
2415
3865
3627
8206
5593
7818
1897
7525
605
393
2195
8994
7795
7069
3761
7578
2160
188
2794
9945
4536
2427
8779
1921
2970
9387
6084
7626
1198
4568
8168
6020
1903
973
1607
4136
752
2209
2797
2594
1205
176
3598
5490
7585
5191
951
6942
1501
9597
3484
2131
5988
1199
463
9988
5086
1705
5235
6206
1734
4271
6327
6037
2225
6175
7091
6822
5461
9625
6825
9950
7390
200
8739
4360
8829
3288
4335
7778
8435
9141
6124
1600
1083
6037
31
703
510
1619
9050
9046
6973
6590
859
6933
3849
7560
3265
1410
8100
4129
1480
1876
2771
3534
4740
5788
2460
6102
1159
1797
7370
7457
7771
2593
8146
4726
4954
6187
6143
6387
6311
3842
574
7779
2976
800
9340
1806
510
1268
23
2924
9677
4306
7661
4248
8829
7549
1296
4242
8243
4407
460
7252
1676
9516
8819
8266
8786
9123
2606
7077
5266
1713
7817
7637
1301
4992
557
3940
6447
653
5592
9890
1774
4445
7779
3464
4931
3898
5897
7405
4890
1901
8143
1904
3382
3322
6102
3460
1980
1074
3019
1387
8662
2946
7657
7963
6488
23
2947
3836
6991
7356
7794
7589
8815
569
5478
7231
1736
5354
3334
4888
3226
5201
2186
3365
3570
5912
4255
7979
8889
7097
1959
5373
7634
4204
1228
8827
6787
9816
6975
4908
951
2060
413
7533
4106
553
3089
2812
7843
8871
1724
6625
7740
8130
8161
3460
759
4292
4393
575
5768
4968
4946
9894
5397
2421
9954
4610
9341
6650
444
1920
8378
8425
3937
1165
4787
4652
9259
3016
2823
1442
135
18
5372
5333
7633
9503
6042
7767
8068
2494
5422
6400
9140
5982
7113
519
2136
1684
598
8478
3471
1192
8426
9803
8246
9314
4193
6995
8672
6107
5033
1377
7752
4325
4832
4927
4521
64
4788
451
8568
1573
8582
7949
6498
1978
9285
7954
4052
4268
2516
7574
2417
4345
7971
8942
1592
5569
7086
8318
5310
9046
9095
1960
7461
4044
8647
4814
1150
2185
5997
2072
6896
147
9909
1897
2609
477
3305
6268
28
6238
2943
4403
3591
7458
8960
3406
6354
5889
3335
8952
2977
6469
5140
9521
2478
6622
487
2453
3330
4471
6803
1866
8270
443
677
2269
4435
6074
6333
1114
2263
818
8290
9071
6102
4691
8369
2
5084
5241
8460
5260
8849
7045
9094
426
5007
388
9418
5987
9990
852
2937
5557
9434
1077
6133
3147
6781
6690
8971
279
9556
2221
6688
2158
8179
6068
3418
7787
8253
484
7369
8089
6010
1542
3016
1225
1348
251
7262
4047
6656
345
1123
1411
7881
2732
9636
5025
8558
5221
3221
8393
6270
8180
5704
6628
357
6936
2247
8938
6969
1630
7734
9505
3482
4847
9546
7891
8061
4908
1799
6529
9428
4924
3623
9211
1097
5277
4277
5446
6431
8393
9229
3031
7262
8976
1819
7829
5838
6388
867
4412
8003
8323
7077
5025
2611
1617
7928
3033
3186
1744
6964
3650
3422
6691
8964
1346
4557
6493
5530
5079
2659
6800
2506
8576
2401
4702
2243
4506
3028
1716
2053
1672
4040
7386
8526
1105
7846
8598
6599
9479
7349
1243
2260
4687
1429
5579
9609
570
11
473
3272
9344
857
5788
1753
1203
5816
8501
2624
7908
9374
3421
5
1469
9691
5291
9610
6035
8165
7858
3499
5959
9893
6050
7730
1415
4540
7819
7147
6822
5093
1672
4495
2554
8444
2708
815
8251
5633
7322
5288
9345
5974
8691
104
3927
1237
791
4995
6137
5969
3573
2405
2152
6973
7313
9451
4806
8057
337
6663
7996
1354
5801
2815
7702
8926
7450
3024
6982
4475
1358
402
843
2569
4154
9985
1201
5946
3802
178
3748
2824
1009
853
1519
9267
2342
5581
1130
3257
6009
193
5295
659
7291
7990
172
5876
2402
5001
3786
7766
8012
1661
4610
3171
1562
9582
2819
7328
8249
8860
4254
159
2914
5172
344
4948
1296
8435
6583
1869
1894
3725
8466
1164
5106
183
5277
6163
9812
5325
3543
8801
6391
5982
4811
9347
6242
8347
7705
2759
2762
3802
5007
7148
5939
5136
7745
2119
7645
5223
4580
3967
8417
1916
5872
4287
3195
3446
8064
1378
4304
6655
7515
2923
5316
5453
3767
6931
361
997
8706
2948
730
3824
9107
8091
8717
1317
5225
9970
2438
3158
8517
4589
745
9576
383
4474
110
524
6152
2796
283
6326
8454
6106
6286
2084
1832
485
1368
813
1757
6648
6516
1631
3237
4593
2809
7780
5569
1877
8221
8093
8940
1146
8137
2925
2178
5740
5069
9292
6821
9837
4845
5910
2664
4403
5369
3000
1805
6633
9485
4739
8602
1625
1401
1869
8073
9113
6339
5790
1665
2329
4954
4274
4574
2189
7386
7308
7969
3361
9906
6091
5416
2075
3991
1920
1802
606
8966
8833
9223
9808
5975
8935
2391
3481
9491
7314
9745
6268
4852
3064
9400
9278
7627
4491
4882
570
1335
475
7016
8061
5031
8443
6727
3393
9323
6526
7634
9480
66
7467
147
7505
6567
1856
6354
6019
1882
1093
2697
71
7563
1700
8508
6841
6690
6137
4447
9499
7038
1232
9270
8491
1816
1161
4776
7531
2207
8998
4158
2965
9680
264
6201
7385
2917
1895
2711
5771
8136
8862
8688
242
7777
6944
498
3330
9935
9885
6702
3185
2078
8134
2442
8834
8196
1655
5689
5405
7079
8823
3811
2884
6935
9732
391
7298
5499
1123
3924
4795
3425
8676
1362
8175
2543
9028
714
4871
662
1446
7595
2322
2295
972
886
1546
7821
7367
9188
1261
6205
7305
8691
9313
5051
5803
3306
8044
6553
3199
7831
8811
5960
1907
9759
3401
6771
4267
6290
9168
941
817
4742
5633
1227
1489
589
5962
8845
8845
9477
8132
1934
2663
8590
6120
9985
2049
3123
6740
5721
2669
8318
7463
3614
8784
6361
388
1212
7485
4774
3554
1076
20
319
5388
2562
3058
8085
3561
5214
7344
9199
7708
3722
9699
6877
3297
3317
3639
3416
4722
1143
9550
3446
8272
2499
7279
2018
2443
5128
201
4750
1360
4070
5922
7056
1914
2343
3202
3557
6926
3963
9562
1525
8377
3470
609
3740
3915
1906
3063
7070
7573
4068
52
2410
1525
6573
2047
2888
5282
1039
5642
8433
5012
2594
7838
3637
7799
2643
4963
953
114
81
6489
758
1581
8024
5069
4802
1890
3539
8103
536
2064
3130
7177
7292
4018
3511
5530
5340
295
313
8275
5887
8321
1128
6512
5783
5631
6971
5940
1272
6943
2110
6955
7491
7579
9293
829
3500
1504
7245
998
1743
2936
5105
6369
1882
5417
546
9619
4287
7112
9622
657
9801
1806
602
2437
452
1511
9286
9170
4918
7598
6830
3592
9954
6174
9685
9712
4725
2682
2029
3836
3050
9315
6531
2951
3215
4759
4630
365
5085
7352
1652
4159
7321
1452
7154
5685
6977
6855
377
1988
2217
8074
6080
4145
6105
1513
6415
5708
5731
833
4893
1605
5082
5786
7607
486
5274
7650
9221
5692
6881
8920
4085
7565
5945
2671
6271
8501
9019
4000
2735
7869
2305
40
1618
4976
3234
2386
6846
1702
8344
8922
4634
4252
2458
47
9076
1534
3844
6668
410
9326
7633
4684
5107
3297
3989
8514
8199
3433
5241
7913
6688
1731
8097
7024
9300
5042
4168
2631
7251
2888
804
7519
7347
7958
4286
9833
5107
5898
3594
4737
4657
2351
3589
3409
235
7620
4933
8321
986
4720
4186
3412
6461
431
2234
2902
6154
5434
747
4034
7365
1213
9416
7521
8521
114
7336
7148
9010
4156
3406
2301
9839
503
3255
4336
8141
4687
6788
1679
109
5847
1644
2530
8702
7392
1057
6916
5724
1383
3678
9672
5150
9560
7371
3443
2935
6068
4887
120
284
7784
9310
6830
1313
1884
3572
5957
7175
7898
4760
1466
8645
9068
3925
1518
9569
6885
8819
1129
9056
420
1424
7626
477
3733
7150
279
3132
9812
1401
2073
9800
6667
1394
2324
6536
4813
1216
6817
3819
5100
9740
7826
6623
2211
1027
6082
5634
5852
3874
6049
7248
3758
1063
9864
6359
1683
6353
7579
4733
3293
2824
7363
6496
2686
1666
1977
7673
1600
4982
4755
5669
2001
7309
3956
679
3598
1003
8265
2706
1067
4644
7279
5937
5352
4825
6041
5603
1530
5965
4852
8460
3637
2083
525
2275
2376
1329
3936
545
9049
8409
4034
870
9118
380
5247
6448
7107
9184
2761
679
8087
4873
3665
8649
5545
1425
1144
7861
5624
6373
6142
5635
129
6295
2031
9917
6784
1680
8302
2268
7067
7720
3656
2658
609
6409
6819
4972
9577
9593
8496
2345
3203
4172
372
8763
8417
1875
6730
951
184
6075
4920
2675
2266
8398
740
2823
8348
5329
9663
5427
881
492
3612
367
1216
1007
8039
9135
4606
6172
8283
6031
7877
3796
2431
5957
5923
3268
1499
4908
4950
7351
2083
992
2799
981
391
2211
5669
3995
6623
4248
9929
3068
1464
2710
560
4
7547
7410
3835
7594
6344
4012
7791
8889
4798
8470
5966
4783
6900
5080
3829
4754
477
3530
8408
2620
7568
235
615
5828
3466
610
9548
4035
6101
4808
2332
9721
5397
5918
5720
4089
1073
7355
1006
8071
3201
3909
6182
1921
6244
885
7095
1543
418
5174
2591
7934
4301
7939
2436
7312
6794
8006
4128
5733
4463
3755
2787
9989
6137
6245
9386
981
9359
9740
3681
3122
2523
336
9419
3658
4052
8694
9584
2580
3515
8005
3617
926
2216
4398
5419
7457
3482
8408
7295
3066
3226
5272
3608
9445
1121
6193
5784
9998
1499
6113
2183
678
1492
9469
5410
3964
8520
8777
3259
8100
8422
1547
2218
6457
138
1860
7772
1739
826
1928
7499
951
2444
615
9895
7250
6728
9973
2536
7859
2910
9586
1080
7401
5821
2939
9434
2747
8987
1454
8937
4704
5148
9195
4644
1679
3054
7150
9307
9260
8420
4044
9172
9571
8614
1232
8233
877
9574
8160
7236
8546
6240
5400
5189
8835
466
4816
636
7199
2426
5025
2751
9371
2991
2794
5802
3249
5971
8216
4195
9577
666
3275
9438
8865
413
1509
8787
4588
4705
8556
3172
827
4217
390
8464
9748
4005
5808
1212
8237
6514
2108
6834
3395
1293
9800
6579
5819
5429
4984
4906
1358
3964
7659
7879
2965
5962
6324
8421
8957
6028
6048
2493
3869
1852
1924
5154
2600
4330
6054
9243
162
7003
5958
3063
8558
6441
6042
7571
613
4929
2967
9158
9721
3650
1814
6862
6557
2511
5499
3785
7681
7386
2255
2208
465
9614
2964
1543
9369
4646
3979
1489
9375
5740
4743
4354
8006
4596
9321
6523
9919
8752
7808
4027
3061
6889
2772
218
38
5061
8596
89
8830
2268
1562
2775
4748
3749
2597
8943
3477
4499
8202
5966
950
1478
9783
3980
8907
7459
8856
1961
3190
8975
3866
8928
9578
8228
9147
3576
6842
2745
1504
4308
6050
3890
2658
7106
4177
1967
9606
4256
1999
377
3046
5420
550
1841
3076
1583
7105
8791
1311
2578
6204
6634
6898
9855
8402
2634
3197
6520
4601
9020
2101
731
2994
3893
9916
7059
8819
2676
9803
6939
7853
4599
9962
2813
5929
8446
8378
7736
5151
7564
6470
8051
1433
8926
8103
9416
6991
2803
8704
1543
8770
3086
9655
2978
8275
2315
2425
6656
1925
6016
2763
4428
8988
4372
4724
1604
6671
4085
3926
9956
4256
5461
1368
7037
2550
4050
9297
4067
5789
500
68
6015
3972
8259
8169
4767
4944
6984
4537
3613
6020
1721
5810
9134
4800
2041
9063
7061
4201
6499
2744
2905
8877
8747
7287
3309
1717
2617
427
4225
3017
8357
866
1425
5948
6748
456
728
6202
9957
6659
9687
9548
312
3936
2534
9650
2234
2236
508
4987
2235
9866
9290
7756
7162
7138
5225
972
4860
3049
2327
6556
312
596
7662
855
4384
3186
8052
1585
8334
858
4244
9839
3056
3357
8564
4811
4752
3658
9483
380
9919
9237
781
8491
1575
3669
8785
9609
5230
9755
1342
6907
4332
3131
9235
9715
6273
1679
5266
9047
4184
8922
6652
1376
5621
9450
4699
3805
8574
413
6220
1201
3566
1946
6637
1074
9814
9170
9279
714
4400
8443
6354
8579
9516
7336
5506
9925
4121
8848
8538
3073
8392
435
6196
996
2585
9405
2870
2124
8970
4980
1035
4817
3534
140
3341
2386
6493
8161
9901
7102
2399
4551
4647
5741
2567
8072
1860
8285
3944
4774
9683
9725
1875
3147
2809
3131
5750
5640
8488
409
6300
7154
1744
9420
7408
1537
5045
9375
3995
3120
3431
5960
8947
1435
673
3841
5788
454
8428
4513
7544
4584
8180
4196
5296
1309
2941
387
7331
210
6636
852
9672
9492
802
5244
2806
5226
8333
1030
3027
2485
4289
823
1342
3722
777
440
2473
8968
7343
5295
7212
3975
2864
1715
8974
7548
4123
6098
8596
4657
2044
3785
6484
2578
6288
9454
633
5428
1034
561
2121
7398
1485
5059
295
7356
2853
1574
531
2501
7913
8362
2866
1340
3640
5696
6628
9086
6270
5257
1103
2235
2433
8369
440
504
4339
8763
7434
1323
9806
7045
7933
6781
3174
9814
2489
7804
1420
1617
4695
2549
5566
6095
6744
3681
918
5143
8938
591
2826
1546
9157
5777
9458
9886
4964
3116
4619
9790
3017
4089
4140
9208
2694
868
429
6085
8166
3826
3206
8823
7665
4653
562
8554
6669
6338
1625
6759
9586
9196
9825
6842
8496
8259
7887
2156
7323
3288
4849
9373
3185
1630
8599
605
8408
6357
3400
5875
3252
4833
6976
5112
7384
4003
3881
4504
5214
903
3216
8625
1491
7860
203
3821
4264
7297
712
4434
2981
8273
8761
4878
8976
3833
5638
6035
6053
9957
145
312
2937
5749
3506
4753
2219
4713
9457
4493
4378
3383
6941
6419
71
6223
7881
5325
1426
4778
6340
1111
5644
8966
2894
4979
6071
2098
6136
3551
8364
7846
8450
5257
758
2904
5687
5741
4353
5450
1602
9551
7840
6219
56
9598
1331
2341
4807
2752
5951
312
4608
1275
3616
9033
4667
3971
2855
8527
8681
120
8577
5906
6128
6532
4932
1684
5660
7166
535
2140
971
5975
3176
6789
3270
9425
8909
3296
3647
3730
7291
3383
7599
8052
3237
7175
1640
1724
8237
1716
2885
5825
6768
1481
974
1934
90
3523
4665
9647
6680
7640
2216
3811
9341
8632
8098
6826
5762
5241
5061
9559
4879
4951
2829
5193
8306
8076
3294
7757
43
3935
8929
8819
9254
5145
9206
1695
5815
1336
9334
5385
8630
4000
7049
9651
1166
3788
8711
4605
9076
4813
5962
2995
6654
3326
945
1817
8652
5780
3627
2014
229
6908
9604
2744
8710
3396
4556
4195
9425
6403
1011
4426
5907
9675
928
879
7902
3178
4026
4518
9365
8689
8680
5229
7973
5933
2165
5928
4199
7389
3042
34
7709
7319
5156
1722
4396
4304
940
7770
9231
4515
5179
2673
3802
1536
7088
6978
2398
66
3915
5474
1754
9108
2649
1539
8227
4374
4770
2777
1231
8628
9995
2036
3360
977
6716
8587
4519
9205
6483
3597
2237
6256
5286
4849
3510
6006
1427
6437
8845
5187
3530
4133
3474
7568
8280
8600
4670
3616
3495
21
9533
8163
6538
603
4520
3143
9312
2824
4819
8500
2458
3192
3582
317
3236
5497
3822
7800
8029
2220
2946
8333
3931
6044
5098
5861
8562
5792
2697
8115
3917
902
5710
6462
4063
4074
9717
4683
328
366
6693
8602
1618
345
2728
337
551
3156
4332
2782
4778
6869
5586
1274
7075
1200
4231
494
5504
8659
4581
3520
127
6703
4583
1556
7481
7119
6253
9161
5780
9138
7471
7662
5526
4343
6714
3586
3315
4760
5309
5405
1459
9914
3337
7047
5315
4436
9387
2863
9843
9223
9179
1669
5785
3173
8474
4914
5761
1172
2856
3431
6902
5170
7001
5639
9397
7923
5747
2731
4485
645
7178
743
3349
9175
2060
213
3366
7535
6240
3045
7732
3390
9318
6557
9959
5802
1877
2353
5869
1800
7824
2143
1904
1877
8503
6288
2913
7697
7649
7391
8688
6655
8377
9197
2044
8435
8319
6610
1112
8261
1547
8226
4931
9810
5699
3511
5852
444
5680
3594
6046
3393
6862
2684
2821
5035
8838
1472
671
5771
7300
5669
9885
8848
4356
1076
5012
120
4512
1523
7483
5267
1241
7607
253
9597
7211
2094
6178
4991
436
2468
2016
4055
1345
5295
9793
5692
6376
7008
9597
6846
5938
5340
961
5878
8340
6082
5454
4622
8499
5732
5931
4157
6111
779
2152
9255
2431
3223
7823
6744
5293
5680
5335
4831
3652
5830
7503
9061
1283
9319
3744
7504
1926
636
9328
5901
6645
4374
1256
1129
6639
1556
6492
4704
6536
7858
7943
565
3142
538
3261
3152
9185
2852
1553
258
4
6130
2225
2510
8579
6393
3338
9179
1987
8427
2231
5474
1450
6251
2609
8056
1967
6694
104
3737
9187
631
8295
5793
7886
6938
5918
744
6058
592
8318
9073
9083
9070
5896
515
2149
8746
2550
246
8217
7312
2716
8108
5627
2469
9115
6891
7928
5204
1185
2491
2747
7815
1070
9372
7834
6431
4624
1641
474
2593
3121
1395
108
3157
6390
2380
354
2094
5907
3220
4144
9858
5519
1874
7914
186
166
5416
7822
9026
2816
854
9407
5827
6325
1267
8000
6523
2680
5718
4122
909
9771
5623
4191
1321
7999
2469
6079
6735
6536
5834
9297
7964
8346
2889
2296
9195
1458
7648
6265
9207
3818
1448
9777
2267
1988
4281
6831
5122
4379
3831
9414
188
9098
3234
87
9895
7683
6593
2186
7696
9337
1087
2489
6982
1556
1442
7480
3436
8971
8804
5065
5032
9453
4914
7091
8323
5846
1924
9333
3718
5638
956
2355
2705
6419
9108
8865
5111
2802
2400
1512
4864
5461
8568
9869
2730
8958
2795
710
545
6800
3394
6151
5575
8765
4381
735
4183
6143
1763
4049
5758
7260
8468
2058
8381
8732
