888
2456
3877
3307
3446
1784
3493
9175
3110
3746
7
2025
6563
9704
8006
9992
3404
551
545
3146
6108
2263
8910
859
4141
6225
3915
696
7517
9816
4771
4439
4
5291
3917
2970
8272
8896
7787
4334
4507
2498
5464
8697
862
5619
5711
5234
4422
4590
925
6383
9691
8202
3827
8625
3545
3017
9165
7220
7869
2797
1658
3293
8975
5568
2020
1272
5786
5036
1720
4507
2764
6210
8638
3610
6799
213
9997
8521
513
8680
6273
2926
8890
8387
4747
1802
1463
5292
9424
5255
9730
566
6464
1710
839
2170
9721
5294
3599
4439
9447
9386
2870
6418
3618
3480
9564
216
1825
3332
3019
644
6706
9188
6523
8732
4402
587
820
218
9808
493
5611
6464
4776
2198
9745
6927
2771
4628
492
4703
4922
6074
9233
6887
55
2472
4769
1266
2237
1247
3466
6092
2235
9086
3859
7276
5187
2107
7767
9133
4473
3380
4630
8953
3774
6405
1641
1420
3734
2637
7445
7197
2840
8316
5721
632
9955
9635
8676
1930
5818
9553
7980
8561
7027
9519
4229
5690
8339
2469
1740
663
6861
1358
229
1541
1444
279
3113
3649
830
3348
7531
9600
3801
6269
3252
3919
3364
3226
7320
5551
3430
5837
3314
4920
5400
6068
1926
4254
2176
5951
3080
1265
896
6781
335
1481
8086
4180
9187
9676
6522
5026
1099
2469
2022
8380
4760
757
6267
309
2325
5112
5149
6189
7233
1024
8044
5309
6141
5375
8352
8858
1473
4879
268
6266
8704
7020
5933
1770
5832
9184
4039
7643
9029
8403
4737
844
2898
7019
1308
1168
7987
1866
3626
7968
6115
4707
9548
9311
3437
2777
8038
3812
1323
7663
3553
6220
2201
5755
9676
7739
4823
4496
4477
3141
1073
7506
7160
8829
6286
7199
2411
9121
4067
7184
870
9606
1253
2299
151
3996
7472
6622
8333
3054
1145
227
6320
1365
4849
8517
8642
7142
7343
3568
6344
3491
7389
485
6895
8609
7547
718
3025
6237
366
8916
9744
4139
6793
3947
4967
9902
5604
5679
267
8201
6162
1422
1995
846
1186
5794
3980
7769
8556
5268
1778
498
839
7379
2217
768
5404
1542
6449
6753
3596
2095
2688
2228
482
2180
4572
902
3550
8740
1538
1664
3300
8142
7328
5966
8489
6048
7423
1752
6737
5255
7681
5097
7138
9246
3299
9413
1730
4198
4497
4062
9230
3513
4604
4067
8734
9766
364
9005
1222
3077
4218
9815
3730
114
7197
2696
50
6250
2278
9355
4118
4696
16
8341
4414
7590
5090
1235
8880
5158
9172
9351
4243
7476
2433
9787
3537
3261
7232
8722
5684
8417
530
3660
1036
7865
1367
7024
2048
603
9363
5479
1920
5141
9943
4533
3497
6263
9653
1144
4676
9128
124
6063
3905
4867
5572
6253
7680
7410
9158
6789
9018
3555
3671
5701
4166
6355
7304
6548
6222
8065
9186
8277
5795
3692
7431
9101
7533
7900
6289
7274
3607
6087
4046
6556
8293
4466
9754
6169
2293
5114
9344
4638
1444
2573
6460
8364
1470
4241
367
7141
8959
3104
4921
6611
9941
1846
268
213
7436
6470
8720
9780
1120
1884
3181
2930
9509
7114
7407
9699
6601
1134
4254
1108
8721
4548
6833
3221
7232
9066
7631
3291
7532
9147
8314
502
1166
7435
6615
6446
4198
9541
8733
5822
6393
9563
3517
9560
9392
3529
8855
4355
6834
668
540
7825
8849
3813
7889
5392
5013
7047
2980
8369
8839
5428
2247
1973
3570
2678
1764
2074
499
961
5501
7060
2401
8432
4714
9157
1030
7273
3829
3702
211
3275
6457
6864
8607
488
1652
7352
9545
1222
1433
7150
6560
364
6983
964
7316
1544
5989
6713
1765
6780
3856
5873
5167
3479
5424
417
9099
8731
4361
7740
3218
9278
8157
5563
8971
5383
3365
3081
1026
4412
2528
9276
9528
8350
500
2036
1448
3749
1841
9486
1283
7115
1936
3431
9418
584
1697
5127
5064
1234
8253
813
6860
3692
3932
7281
2206
1420
1993
1933
8178
2908
5687
7353
4252
4580
6345
6817
2979
3387
8969
5350
6890
4875
6457
6102
7342
4726
6145
8387
3686
8238
8016
9791
6158
1714
2415
5835
4417
3218
9830
28
1756
9908
1307
8374
1428
4583
9178
4837
4238
4880
2147
1677
2265
2902
3923
1985
7235
7830
9939
7480
5274
3605
8247
9940
4892
5896
1194
2537
2165
509
2399
9761
3557
8941
3594
6982
3567
8082
4673
2758
5547
1307
4148
8805
6090
6339
7525
3256
7791
430
8600
6587
3279
2349
4753
8150
1661
1367
3482
5532
3388
6641
2672
3729
2480
2386
8120
3324
9308
6941
8417
9152
3156
7180
1932
3967
9456
9441
3849
8552
8370
7938
4745
1735
1908
5812
6481
1207
4187
5443
5320
2199
4600
9141
9370
8905
8634
419
6325
3703
8219
4201
3947
850
2012
9448
3431
6099
416
785
8693
2220
7518
4929
7162
5450
1895
937
1820
6668
5905
6912
9136
3864
1620
6217
4552
4014
7810
3027
5332
9037
3115
145
333
4168
3990
3895
9722
2460
2380
382
790
3402
6750
3100
4681
9670
1979
3919
7009
7697
8598
9656
7798
1306
5065
82
9230
5794
4896
9416
8289
7389
5452
9656
9104
7372
4596
2993
1459
8000
1215
9359
4287
5523
6121
5733
7114
8519
1536
4881
2035
3890
6017
7635
438
3459
2347
9027
9103
3908
4665
3927
7564
2964
2092
3401
7949
7093
3996
7308
5074
8985
2459
9009
6481
9238
5369
2275
5184
9331
2967
710
4258
14
7381
4398
1372
7816
9217
5645
5025
5568
3890
7551
3334
7287
1795
1323
3430
2720
7784
21
4522
4227
9807
3049
1430
7007
1153
1200
8089
72
3842
9771
940
3955
9668
7550
5582
7693
2028
132
7876
8351
2283
9505
5095
4908
5674
9194
7443
4046
8844
2463
1547
2946
6187
30
207
4331
2968
4364
6662
8017
7555
4953
1726
4118
6610
9379
7618
4245
5740
5736
692
7651
2144
6171
1944
301
7954
6521
1332
1959
3756
4043
1227
1379
8224
7994
7767
9638
7342
1251
4725
7664
3469
9859
795
7329
7779
976
8298
6294
1575
3198
8305
3108
1771
3895
801
15
8085
9905
6377
6446
3031
4702
4260
3511
3725
347
5894
8615
1612
7980
6902
4489
1010
3027
4181
2285
5375
4614
2521
6977
8223
5038
384
558
5737
8119
9607
4328
7192
7751
1552
7436
4873
8279
4632
8766
5598
7284
3604
7432
5082
9682
4682
3594
6295
3816
2097
8743
9714
8516
4640
3471
7384
9399
8223
7993
4318
3702
7773
5606
739
1565
1423
3860
6428
9466
9615
2731
8395
5414
6686
8091
1010
5089
1895
8540
355
6790
4262
1921
6022
863
4614
8676
3111
8081
52
5473
55
6639
4448
1895
9510
7998
6693
3516
8259
821
7165
6829
4201
9365
348
4299
1829
6548
2460
2294
7504
9683
7638
7527
9439
5852
9583
9875
6951
2747
749
8347
9413
4141
2675
1756
965
4791
8581
3012
8396
8379
280
9533
9624
7433
7720
6656
515
315
6846
6563
5620
7758
7969
372
9000
6921
2456
3657
8414
6817
6565
5512
72
8818
7416
59
6689
8592
3333
7038
7967
9447
3898
9124
9402
8104
7902
2006
8132
2926
9360
6635
5900
4185
2726
1655
6171
2303
2755
4044
2334
4923
4598
1578
1814
4767
9460
805
17
7660
9967
1922
6981
9807
8595
6173
3859
8845
969
896
9018
449
5525
5487
7457
9929
9612
5886
6092
5760
3887
4386
5837
9289
4703
3043
4849
2319
7310
4635
8644
7096
1989
471
2959
7437
9654
6092
5590
6553
7795
7326
1333
1858
5025
1885
9398
9110
4121
1885
5155
3573
4713
4256
3773
5581
6085
7691
5103
5551
1323
1540
1535
6334
2252
1921
8460
5053
2528
20
274
3519
296
9539
7965
6560
3052
3978
4263
2818
3645
5739
8197
5424
9479
5070
2383
7732
6698
7378
1351
1962
988
38
5229
6254
5791
4999
9606
3103
3424
4344
6582
4101
1610
1635
3276
5174
6291
7212
2528
2106
3428
2285
1906
5583
3343
6110
6854
7181
9538
728
8354
5149
8668
8312
2530
258
4309
1710
769
8052
4372
1160
9394
9301
9157
4096
3814
7843
1794
7209
1440
9486
4849
9244
8534
8703
8132
9645
2911
9681
8145
2425
3565
2695
5990
1432
5433
3298
9105
3018
864
4581
6443
4476
7734
2267
2890
2605
6426
9246
2296
9010
5387
2329
9287
8868
300
9423
9777
3826
2126
4663
8798
1087
9907
1946
7594
6698
3310
7725
8662
515
8738
8775
6344
6859
3043
373
1510
6266
5813
5527
3219
3664
7385
9134
7037
1235
3408
7121
1131
6009
3520
5278
891
6201
5783
5355
4568
5787
4673
6191
9294
8701
584
1780
272
6611
5984
2428
5825
9926
7913
3511
8013
6599
1444
5133
3702
773
4908
6358
3290
6188
6593
2653
6994
3459
7884
143
1075
7687
5805
5722
1593
9621
6233
4517
3080
5604
8862
426
5250
979
1296
1204
8096
9
7265
4292
4756
650
1652
3795
879
8314
2901
3105
2107
7930
4785
6812
8727
5841
1352
8137
4121
2190
1917
8392
366
6926
2052
8097
1910
4482
1108
2310
4892
5389
4556
6985
6194
3592
5386
425
6034
2010
4843
3279
6720
3127
2410
5150
819
2050
1699
9409
9626
3159
7082
5905
8091
8873
3925
7830
8597
3555
1884
6396
7206
590
8213
6718
3373
7799
617
5134
455
927
2102
2111
7347
8638
1671
7238
4516
6901
7278
9860
2782
1699
2683
1732
8306
8651
8893
7321
9666
7555
1827
2479
125
8446
6073
6130
4914
5691
1776
3019
1432
6564
8953
8699
1057
4970
8558
9452
7201
6687
3314
1695
6276
2023
3613
5507
7906
6480
8412
4722
8906
3296
5468
2900
9099
9622
1986
8901
2565
5541
2323
8825
5125
4258
8428
6218
2745
3984
675
3335
93
9441
120
2978
4241
131
6203
8101
4832
566
8224
8434
7278
7053
4113
8136
1096
6053
9600
1434
2984
9656
6886
1660
4364
4489
6570
2017
3595
7395
2761
3922
5805
5077
4629
9464
3176
2489
8658
8967
3419
3884
4068
1999
7317
3888
1546
8071
145
291
5122
6692
4383
9240
350
436
2554
8460
8614
9752
3561
4185
4506
7436
7804
4301
2628
2201
2424
4648
4960
8606
7394
633
8015
9100
5588
4887
4342
475
2942
8498
1872
3304
2273
6068
9538
6564
4726
4193
6910
4715
3875
8906
5406
9234
9378
6631
4195
3015
1260
9344
5647
5496
5331
6515
9297
3750
1225
1250
4848
7667
4117
8139
6809
5063
2312
1201
5163
1735
4763
6063
7474
8230
7738
244
4730
8488
5227
8781
9721
8956
692
1327
9215
3598
2850
6376
7972
5757
6770
5788
5339
3476
9345
9243
598
5736
2097
343
6921
8176
1468
2459
8252
5196
1870
7416
7758
5086
1785
809
8523
2443
1528
5891
6974
2789
8923
3211
2212
5936
3229
9405
4964
8974
724
3997
8885
8494
9645
8994
6391
4884
1859
1545
7488
8233
3075
4018
1728
5433
8617
2885
3972
5961
7265
2895
1948
3453
2268
7808
6812
8886
8130
984
4947
2062
7494
9277
4472
7872
8531
9263
5441
2790
4418
3639
584
9982
8403
8741
9714
4904
1482
6779
7318
343
5433
9003
1709
7828
2049
5432
6226
1836
2182
7504
6753
874
6598
5425
738
3797
9546
3855
6902
9354
7444
1181
1542
3626
2311
1966
5049
3526
8094
1907
7403
1351
3666
4604
6628
8490
7568
6643
5823
3098
3037
3604
608
6913
6885
9709
3384
2977
8002
5916
5358
7626
9876
7964
2898
4252
7461
8083
5516
82
382
2699
3742
274
101
5402
7208
1993
8797
2248
6229
2902
8032
3803
6317
3840
573
4628
6740
2602
8581
2071
5523
2177
6549
9776
1474
5701
1706
2376
1029
9485
1127
5740
2715
337
9861
333
6812
1483
2500
1390
4180
5754
9687
2455
9594
6072
1647
9057
3678
2832
1342
2914
1501
8310
7175
1564
3725
325
3927
1507
287
6420
1219
6744
1775
2292
1088
5979
3978
239
7816
5257
101
7190
7891
9769
2490
4093
182
5401
4053
2648
8697
8196
8142
8212
4239
4404
3162
8296
6608
6487
7555
993
1103
7760
4534
2942
679
7302
4984
5668
5079
3439
5016
6084
2813
4310
419
7405
9074
9631
142
8526
7453
7639
7722
3023
8601
3562
8052
6683
2817
5681
3631
1329
7702
9107
6087
131
5234
9547
3414
2880
416
8385
7568
5258
3180
2057
5399
9929
3985
5756
9222
6976
6344
9028
3539
3463
37
1511
4340
7117
9249
8301
2851
9397
9808
3686
8382
3705
8222
288
2170
9526
6217
7262
8109
9068
70
2464
9842
6544
8162
8123
2698
7060
6459
6654
4985
8673
5568
2623
93
3723
5206
6296
3630
2115
5534
8171
5449
9493
3675
1694
1706
3696
3585
9695
759
9081
919
4471
3393
7573
1669
7796
8954
1125
5603
5790
2937
3154
8701
9708
8137
5598
195
8447
4319
9920
3631
5994
3533
1899
7015
348
2868
6468
6417
9001
3475
6763
5894
5904
7754
1096
9230
2520
2054
7410
7342
2505
6512
9743
5233
2295
792
3966
3557
6107
3501
5138
5376
838
5449
4925
937
1493
558
1320
4927
2485
4708
6601
2315
6174
7259
2797
1954
7040
6368
7675
6393
6909
2577
1126
9481
3789
6665
4719
9556
8902
2911
309
5499
8337
1387
5055
454
2829
158
7736
1961
733
2482
4857
7796
9910
7428
9059
5035
7995
2011
6516
9739
5826
8744
8466
8261
4322
5443
7147
4828
5838
1763
6025
9574
4398
1102
3978
4786
2203
2342
9125
6881
8631
5713
5659
4427
7720
3330
9571
6361
7606
9684
1561
6890
6394
570
9673
9592
2921
6794
6132
7385
3010
2908
6123
8969
6456
5282
3398
8808
3450
4273
2832
5652
2886
9635
1107
113
3085
4039
540
992
5871
786
7222
6154
202
9134
3180
3827
1428
4385
1864
5408
6210
1739
3870
5723
