4593
7872
7242
8701
954
8036
8394
2660
5846
9564
1412
5299
840
6865
8810
2532
7637
473
6951
1495
785
2566
9727
962
7743
3017
629
916
9124
9914
899
8330
5368
7262
3069
998
9197
7368
9310
5509
2003
5311
5240
465
6729
5830
6153
3117
3272
6339
5163
3788
5570
7774
5750
2026
8145
6279
958
7936
7407
7477
3536
5931
8664
3082
9931
3577
3796
7812
3335
269
1162
1441
9491
5473
7325
9261
4232
1913
6864
7512
7644
2784
4751
7111
2760
7593
1512
1042
2853
2917
6409
1374
8102
4526
1775
9309
1800
3647
5899
2576
9320
5460
3003
4893
2626
4128
8283
277
4701
8883
2046
9045
1072
9894
9833
751
1180
1553
322
2337
2065
2754
4959
418
3859
9787
3339
4965
3697
8016
7461
584
6013
4288
8192
2184
9781
9857
4485
8631
9310
1234
6341
3970
870
7364
302
8208
4692
1024
8129
247
3325
3561
510
6566
500
2585
1034
2838
789
3317
6579
6684
1421
1461
3031
6784
1702
7649
969
1322
7067
1690
3027
831
6412
989
9547
6495
9485
5130
272
2673
9887
7213
7259
2451
3777
1625
1683
7195
8823
1647
7841
5993
4654
9656
2548
9408
4332
3518
6506
7043
54
6806
3179
1634
534
9679
153
9511
3038
4539
3352
5658
3044
3906
6797
4208
4202
580
3006
76
5965
3774
2499
5420
3849
7034
6176
6755
8441
138
2162
5966
8624
3229
2619
3080
4033
5624
1917
4097
1471
2172
4157
4284
8294
2182
2948
748
2859
8339
5206
3752
511
6429
1077
6279
4307
7759
7785
3499
3503
3397
1070
2899
2376
7386
7034
9815
1286
3716
174
8578
8662
8908
8604
3793
9617
8214
7126
1666
4085
5427
3896
101
4932
8410
5454
2195
2151
6339
8773
6274
7839
8417
594
8073
1101
1257
1907
908
5148
3133
9462
9143
8165
6628
5089
1603
7824
7284
6662
6092
633
6118
9413
8075
9501
968
7967
3966
1931
4838
7663
4947
4942
3900
739
245
8314
531
2691
8359
6307
6218
6518
952
5965
4753
1936
8304
3320
3851
4370
4866
9676
2680
5641
1720
9003
2518
8572
132
3290
7941
8976
309
5469
4514
4200
4264
5889
4843
3288
7293
4592
8303
9785
4414
9600
8461
2110
4748
9032
9663
645
8079
467
2796
5270
2262
8259
9018
1241
5796
1958
2558
5069
8366
7241
6208
5482
1450
553
7671
2415
8476
563
7077
274
1373
2895
1226
2119
541
407
3824
1100
3627
7295
897
9841
2672
9244
1938
6004
6870
3602
7492
5334
2033
3234
1419
7173
3392
2978
660
4195
1360
7247
2168
7515
3390
2522
3897
9366
7033
6899
699
5388
8134
1458
1442
1070
6343
6366
2810
2205
8614
1667
5545
4874
3070
1742
8241
8138
1475
4052
8727
7563
9747
9629
9739
6379
5126
3381
6451
150
5347
2571
8971
9970
2902
2104
7200
574
1792
348
829
7025
168
8454
5580
9693
1702
7293
4445
1647
4281
5758
7890
2980
8172
3136
5640
8504
1719
5062
5943
2962
9915
2660
6858
6043
2695
5574
1972
966
4542
7666
6346
1127
3222
1701
7394
1293
4049
45
4676
7833
8936
4804
5868
9588
4680
5990
1798
9765
6463
8695
8855
6729
4405
7867
7110
7508
1595
9536
6997
6128
5321
3478
7104
6614
9412
6763
9758
6470
5742
4347
4455
1673
386
8110
4025
5110
6791
7270
1363
6705
3776
2207
4503
5846
8811
9617
6722
5355
4591
9885
9697
4512
3047
8548
2511
5458
7699
9254
176
7916
6232
5327
4023
2115
4240
7182
6342
6294
3841
1999
717
4324
8172
292
2351
3114
8975
1258
7803
9795
41
4403
1879
5856
4650
9942
8625
1838
5598
8567
7411
7536
7094
3447
473
8449
8183
2387
1605
1629
3274
427
1513
2591
9168
5372
6340
2755
6196
9397
6482
6440
1450
380
7874
1829
3447
8166
7465
4298
8556
4504
695
5274
4588
3180
7230
4725
9819
3902
4930
6587
9652
6174
6521
9614
2889
9288
6688
9277
3602
5870
5642
6200
2084
970
6086
6713
5572
8643
5001
16
4922
7307
3072
8769
9731
6239
8002
5987
8142
1614
2935
2293
4467
9895
6788
5275
3859
8260
8939
4159
1478
8187
695
2686
8862
4495
3189
3618
7094
517
9153
1175
8900
4913
1665
2345
3102
7751
9882
6650
1285
700
1135
1987
2934
3348
1732
2189
4181
810
2853
7311
9704
842
8538
6734
6611
386
9907
5236
3049
4383
8893
7624
2461
1760
3393
9554
8229
4442
2173
6108
8378
2288
2873
777
7052
8708
9751
5514
2762
999
9436
6283
7663
1841
1470
8058
6374
4931
5733
2715
7843
4645
3600
6902
1807
3510
9526
1174
9955
2178
3960
9739
8636
6744
8933
7415
7969
7760
9682
7903
634
4393
2474
2050
4947
2609
9961
619
289
5334
3179
3298
8709
9458
8265
3732
8688
5971
8970
3541
9181
8577
5558
583
7039
9697
7647
918
2908
4055
89
8614
5248
7830
2080
3450
2171
1550
1954
9198
3549
8906
884
4620
8998
661
1029
9178
8479
5200
8727
1997
8789
6140
8721
2057
8834
1890
5010
5249
4961
9042
7710
6234
5245
4565
8049
879
7377
4814
1561
7137
4016
9771
9992
274
7692
938
1584
6377
8667
8468
2439
7708
5327
8091
9824
9108
9108
22
4615
280
6539
6705
4236
4506
1195
4650
9375
4433
2611
150
1800
3664
3638
1589
7981
9018
6148
8446
4365
7896
305
8633
6581
6492
6603
2
906
7154
4740
8941
1770
7354
199
1281
597
7310
5535
5485
9078
3041
1563
7151
3765
8517
6667
8774
4069
3738
109
806
2960
661
5657
6719
9974
7906
123
7743
7903
1193
3744
2220
9693
3670
8380
4446
3465
2357
991
670
3482
662
9367
1323
6332
3154
4867
8064
9825
7828
5932
7168
7044
3933
5980
1108
1697
3479
1306
2691
7186
7791
7581
7885
9296
9342
7458
95
137
2221
5308
1712
2746
9438
7323
2297
1294
4333
387
6820
3039
2059
7918
75
5260
6576
5176
5759
7689
7271
2749
9986
1051
8300
3483
5691
3081
1482
2027
6990
5696
4772
7927
7603
2520
4220
4421
7605
6610
3683
9814
7363
3092
4485
9651
5127
9872
7506
2624
2720
4166
1698
2405
2865
9472
5321
660
4445
5955
1632
9215
9811
2306
3396
1124
8267
4132
314
7554
1040
2154
7570
9149
4006
7456
5385
6894
6565
8648
8356
5818
5575
8857
9306
2823
3997
2367
5061
8131
7198
3559
9976
1650
4977
4467
2
5057
9695
3361
1384
994
9558
9951
1584
565
6596
2549
8399
5408
4086
8427
4094
5797
7598
5814
3640
953
2999
573
7127
5900
9071
2183
356
7481
2178
5919
4171
9538
7454
328
7198
3204
7263
7362
6260
5623
7273
8741
6227
1447
3968
9652
4044
8770
9464
4178
4052
9163
827
9049
2057
9122
6234
5484
1923
7374
9595
4102
8386
676
8377
8860
7954
3758
1229
890
8533
236
9554
8017
3680
4258
4345
5679
1932
9418
8138
1585
8016
7999
1866
5008
8710
8404
8270
8076
6970
1779
5439
8885
6027
3170
354
5550
3070
5107
1698
285
7541
8574
5644
3816
9609
2809
5368
7799
4776
554
3552
2504
9235
8009
6086
387
8809
3368
149
9549
5488
3152
3919
6754
4796
668
1989
509
3903
8794
2608
6824
7719
7852
4044
9442
2354
8050
5399
5900
3035
470
3300
6416
8226
2934
9649
8018
7084
9967
6741
9701
4957
2148
4797
4389
4655
8890
9019
8940
820
4859
3895
5981
7945
6727
4785
1383
3965
6644
8032
759
7969
4248
6513
5017
9852
7503
8528
1862
1019
3971
3424
3936
2053
2907
1867
5570
3055
9655
4786
3464
9030
6458
5080
8176
6574
7318
8470
1498
8149
8266
4052
440
1935
5981
1731
708
5635
9779
4536
7152
362
7156
7921
6848
1434
9959
3927
5038
4859
9214
8327
4310
1857
4567
1728
1510
9168
8337
8442
2534
9032
7029
3713
2752
9918
2984
2001
6072
1175
1159
9935
3275
5118
7634
3102
1874
8537
8231
6741
6615
3390
3432
6639
8934
9938
9742
8583
7367
4253
221
1539
7298
1337
2002
8119
3332
3443
5168
6930
8450
7957
7855
3862
3700
9278
5052
9191
4222
1464
9854
2973
936
1595
1827
9143
5600
390
4778
2813
176
4401
4633
1818
954
9619
2637
1938
3115
9515
9770
8430
3368
1301
8290
8657
5534
9569
2938
9656
4886
550
4361
5902
4399
7247
603
5702
9509
2859
2518
2942
8664
2355
6753
4049
3323
6037
2907
4080
6641
3114
6076
4706
1694
1423
9604
9634
3305
3169
3608
6031
7451
5122
7927
9626
40
8730
7419
3707
9016
6935
2428
256
6997
6827
9765
1013
4548
4241
5333
9497
6662
8857
3014
1771
4473
9654
4208
2975
7643
968
2397
6339
9250
6487
5490
3542
4427
7126
4009
4592
8617
9200
5064
9705
685
5819
7708
4867
1657
8591
5086
9063
7835
4111
9368
8594
2107
6155
5152
385
4522
4443
6063
8047
4538
6088
1006
510
1337
6223
6585
7422
231
741
879
7462
3792
3309
1086
8654
1945
9341
1318
9051
5881
3333
8504
5139
7118
6896
1434
8271
1973
3624
69
4174
3136
7016
5167
4597
4813
7198
3529
5434
2005
7664
8832
7094
3231
1906
4801
8798
5069
6498
8439
5181
3125
7012
2166
1205
7584
5866
3392
4440
4788
8313
5448
6607
671
6705
4325
6776
8141
6488
3841
4747
5811
5884
7045
8217
4501
1409
1907
5211
2095
2636
3202
5475
5184
4888
1049
6124
4850
3962
7012
8946
3806
9089
645
3692
2215
2224
6423
6526
7580
8025
656
8580
2656
3692
9370
7241
9966
3948
6703
6174
3958
8180
2345
2152
5111
9973
1423
5782
5656
8201
1925
4179
9475
4895
940
6721
5238
3353
6001
2276
4985
5381
7631
4070
1979
4621
2818
1491
5517
3807
6158
902
7258
838
4987
5625
6743
8492
8580
2242
800
640
870
9379
6099
6476
9104
7761
2751
2648
2002
6612
7946
4427
1189
8577
549
8275
172
489
7154
9932
265
1848
2043
1023
6921
8637
9907
5314
9978
6746
4772
3759
1475
4344
4511
8251
7970
5503
5516
5056
8739
2868
1805
9545
2955
2830
9648
6410
5076
8468
8320
8090
5087
868
375
9022
7336
5076
9555
467
7854
7436
2670
5256
1839
4186
2951
6844
4066
2297
305
4669
4973
2097
1192
7396
43
2497
8067
4090
8989
3497
238
1510
8425
6681
8672
606
3969
5489
915
2893
5947
5049
7202
1302
198
6548
7706
8768
9879
2804
2343
2778
8162
3650
3117
2989
9675
2979
8978
4838
7009
5465
1478
4356
7198
1159
6830
5157
5514
2344
2875
8577
1382
7411
8722
9923
4894
9890
7197
3494
4791
9298
4211
6184
1153
7459
3347
4774
3564
5682
931
990
6510
6077
5884
481
3571
2846
4103
9038
9718
2548
3254
7534
9929
3766
1396
750
4928
3194
8094
9785
5781
5484
46
7710
1254
5293
3203
9739
7812
2055
1593
9832
1413
1885
2066
5305
1527
8240
6352
2048
5786
8159
3776
2242
6044
6676
6255
7386
6062
2596
9845
370
7587
1145
5208
1025
6030
8174
9227
8277
9642
4364
1226
7662
955
3421
6120
8044
1699
6091
9223
6688
6841
6046
3998
7622
1708
7803
1665
4577
9038
5816
3676
5215
2209
1223
2244
267
6676
1041
9274
3353
9013
8074
2406
1422
6932
6114
1287
2622
555
8210
5686
9971
3373
3157
3528
1541
7147
7586
9317
8226
6508
4649
9239
3825
687
6011
5452
9732
1177
5853
1367
658
6816
5869
7675
8767
3640
2576
689
5593
6516
9042
4022
827
130
3705
1841
9052
7694
702
3120
9089
1723
1048
6845
4364
8834
8580
734
921
662
1555
1445
4702
6843
5028
3154
7504
5482
4760
7901
4571
6897
3723
1710
7465
627
8412
3695
6982
4169
6399
2037
474
2733
2278
8934
5768
9024
3311
9932
5059
1841
9767
4931
4961
7597
9319
3984
5102
551
4337
3569
2933
2801
8548
2191
7999
9338
9379
3736
422
4884
3752
6751
4262
9517
970
1969
4564
6093
7385
8479
2171
4828
2841
2729
7129
8792
6748
9867
1307
4427
8593
6430
9832
2829
9103
7673
4184
86
935
6429
9644
9574
9510
174
8089
3016
668
5443
6627
7350
9419
9008
3165
5857
1398
8105
9959
5819
5062
9207
2589
9511
2429
5994
6291
7321
6918
1432
413
3297
7784
4478
5158
955
8834
2597
5317
2666
4640
4112
8123
1304
3240
3957
5008
9584
3265
3975
1431
998
7713
8365
5024
1727
3840
133
7144
3515
3883
768
6097
9236
5030
3329
9565
4941
3850
2209
7022
8801
2787
7292
1178
949
1083
1284
6270
8472
986
6707
4055
2943
1
9415
5583
9419
9453
3430
7115
8701
5452
1801
8783
3871
8015
8887
6274
9910
4391
66
5733
1055
6952
2630
8210
420
7186
4074
643
2555
3862
8672
2529
7176
6712
3154
9234
5615
7746
146
5487
420
5094
8321
3348
985
8509
7306
2934
2196
5009
6359
4080
919
973
3000
5991
7370
1204
5162
2232
5379
2786
4559
4839
6780
9272
1607
7159
4861
9652
659
2164
4245
4578
5313
5961
8630
9282
7224
1911
9879
1140
8447
7545
7502
4591
1609
6202
3712
7162
1864
4410
2583
7913
108
7633
534
3481
6567
1713
6902
147
8073
2543
4350
4195
9835
6341
5660
7038
7360
8088
3980
3251
2352
4239
4338
7013
7337
2189
7662
5404
3447
7698
7788
6249
9581
6331
4470
7679
5427
5148
2715
5510
5009
9732
3066
5903
3195
3306
4755
5268
542
6673
9801
3775
429
9331
5560
5868
3295
3520
6144
4377
4050
1497
6699
374
4755
8100
4613
3503
1870
7980
1610
2211
5373
8469
8242
2620
1172
8434
3818
4030
7434
2394
4862
6773
7896
4012
5820
249
771
8601
4384
1907
9004
8337
1460
3511
3033
2692
1148
5095
8693
1252
3398
2561
5062
7589
8402
1959
1089
2940
4696
4860
9701
2114
6943
1656
6635
9925
2477
742
2280
4364
2732
3268
3596
9703
3207
7036
7009
4730
9586
8480
7286
8723
5336
6181
8996
2300
1711
307
5610
3860
9159
7830
3905
9524
2205
6889
1393
9804
6875
3107
214
406
2814
4328
8519
129
8965
5359
4381
1366
4950
6359
3353
6216
7573
978
6777
761
2659
4335
8214
2170
5131
8420
5204
4902
9363
4072
7498
6318
5642
7205
7854
6479
8266
6879
5908
1007
7662
8867
3334
6351
5925
4244
8909
2800
4476
7688
1950
1226
111
632
7144
2540
4893
8043
5274
4394
9124
3617
765
4893
7860
8063
5723
7745
8504
6874
7950
694
5069
5769
3099
3792
1000
1862
6245
886
9510
2403
425
1675
2121
6272
6206
5009
61
5313
1586
222
1605
1514
1883
4044
8102
8441
8491
7861
8520
1164
4296
7602
9738
1256
6156
4342
7532
3351
1540
3030
1797
4388
4884
6720
3192
9090
2771
1588
1857
714
7684
3190
5287
7727
9089
3555
3886
9054
5690
2558
3371
8384
2365
8345
8107
2822
1936
865
115
1863
7476
6709
3773
8556
8425
7216
6630
5163
852
9012
5669
6902
6003
7806
3480
1105
2314
2011
2167
2601
456
8478
7661
8981
9658
3413
2022
6538
8612
369
7153
1906
1473
9993
3237
974
9416
6731
9302
1872
6925
8723
8202
6678
6888
6468
2380
4558
4864
7002
507
9924
8698
7514
1407
8998
9048
4791
8897
5011
5194
91
6550
482
1858
3763
5429
6010
4569
2506
1688
5583
2709
294
5675
1733
276
982
2093
3189
1032
7463
1674
1610
9862
7228
3207
3959
8585
4238
1926
4625
7834
4290
6677
6834
2172
7719
4820
3124
1039
6370
9989
2358
5313
4924
7215
8403
1838
9674
8721
8065
2698
5707
3978
7730
8416
4939
620
4629
556
1469
7424
330
579
7063
7748
8418
3617
8841
9560
2557
6162
8968
2150
4662
7474
9315
6297
4937
13
4804
2121
8911
5516
3860
1927
2127
311
8946
8417
7232
7099
190
2568
9569
8945
9658
1778
8249
7176
8796
4786
2996
113
6164
1903
3729
3557
9315
256
9100
8642
5682
4616
5751
9348
8513
4813
6718
5136
5621
8107
4670
423
2328
5457
5972
6399
2580
5717
7815
7537
8047
7761
1216
18
9124
8797
9351
1957
8197
8570
995
8689
9316
8590
1416
5573
6817
220
432
4844
5060
3113
1555
689
115
2572
7785
706
5930
7329
976
3598
2441
1563
594
7921
3399
5733
224
9715
5462
4761
6938
7050
7111
5980
1107
3737
4041
398
9582
2359
5285
2970
2476
4934
6206
527
9902
6551
1011
8644
6026
867
7593
7397
6248
7753
7995
3495
2174
1083
9996
716
9382
299
6174
4504
3578
4135
1465
4047
6665
5532
7747
8616
8313
9470
9086
5660
1715
2872
5830
3673
8703
6817
8734
6071
9457
9713
9732
3353
5742
546
8224
8498
2363
4568
3588
2177
8759
1702
6948
5767
5085
6963
1979
494
3120
8977
9084
6777
8666
2335
1779
9301
5253
6323
2012
2565
1564
102
5046
3864
4402
8111
8305
6118
7308
9248
6252
3745
5882
6908
6900
12
5923
63
8587
1739
4837
8239
2951
480
629
2954
4687
3407
8766
8922
3245
6040
2555
1022
612
8656
6655
3084
1364
6973
8658
5860
3186
3871
2724
5339
895
1757
5434
1767
3377
5190
7735
273
7727
3325
7151
4566
3235
1447
3424
4898
7352
8385
6003
212
1189
4859
6295
8243
3357
2839
8698
1613
3081
8976
5053
9080
7756
5289
2059
2929
7972
6999
5545
8055
8305
2282
3295
7287
1505
2088
9848
9917
3549
3759
8508
4801
7868
2511
4149
6035
5461
7191
8409
537
6491
6122
7191
8750
8272
8071
6810
7945
9388
494
6926
352
2839
7947
1907
8907
1564
9008
6737
1269
2991
8781
8064
9321
468
252
1211
5244
1140
6024
7468
780
8590
5008
1563
2182
5090
4544
9015
3434
5277
1902
528
3054
6833
8155
1961
9920
604
5242
4471
6453
453
7140
7545
7710
8058
7869
8282
8020
6859
1566
6805
3364
3026
6145
1762
7831
6383
9724
3816
7019
9993
3303
5991
1088
8252
5009
2487
2312
8290
1290
4639
5898
1552
1014
327
1450
7462
3853
4124
7221
6262
995
6574
3711
5097
7164
28
688
6393
4129
3537
880
1425
7451
6460
7149
1148
6457
9458
3049
5382
5969
9729
5568
6927
906
1811
2011
5818
312
369
2530
5599
6595
757
8998
6729
2279
5991
1087
4980
1799
5919
4161
7753
3758
4472
4101
4554
3177
301
1005
4395
1075
1839
292
1265
1005
6784
4190
5353
8017
4870
6080
3760
1006
5280
4829
6694
7462
420
8868
466
8370
8068
3582
50
5568
7814
3168
6433
7710
7456
2640
11
9364
8135
4524
4756
465
7732
5724
5495
1800
5734
6963
6928
9838
400
6747
8478
9642
7406
7092
2757
1432
539
6024
3006
8256
241
5697
3190
3615
7756
7643
560
2229
6069
4396
2871
755
73
6229
9729
4695
3372
8665
2636
1105
6653
212
5167
1067
4690
6791
303
364
9883
8578
8825
2110
1518
6500
223
2034
2533
1880
4043
8090
6403
4699
3768
6004
3875
7722
9569
1177
7362
8061
8059
1873
3388
1901
1602
28
530
2122
8925
965
7339
196
2346
7490
5571
761
9237
3573
6005
7695
2162
1492
4622
4545
4702
1954
6444
9163
7192
6967
7221
9125
3001
1821
519
6951
8722
9616
4897
194
1504
411
2955
3077
750
6207
2352
6277
432
3114
8485
5996
5171
9667
5899
6566
7250
8842
7199
9647
3584
1366
4930
1957
3744
8214
7194
524
6971
8619
2038
9620
8675
5811
6191
1751
8537
1545
3794
8494
9601
166
8731
4077
8482
1225
3954
3334
5922
3952
9701
9879
2417
5249
6609
137
5480
997
9332
2536
9012
1828
9306
1812
1075
8864
7320
9360
3476
4148
8029
5705
5047
8704
45
3417
2635
852
3475
2518
4260
3860
4601
3018
8918
2159
7203
3425
9201
6053
6270
7540
2212
1258
9482
7773
860
6918
3001
9618
3904
4593
9857
1774
5923
3995
4832
3713
5203
3191
7502
4627
7522
6814
8276
5151
7226
6287
2894
8916
1661
3894
158
7423
7877
489
3493
3789
9221
2272
2557
5717
7851
3857
8613
9666
4002
2827
7095
4922
7326
3490
8221
6009
8550
1642
18
5398
2981
4331
547
4573
4023
4085
7956
10
4435
2434
3897
5434
502
1043
4491
2931
634
1785
6776
3665
8200
8610
1148
4399
9191
7971
1589
8170
5673
4148
8872
6235
470
8094
807
4890
1724
7983
1693
3765
5900
8603
5230
1568
8929
1661
4419
6283
8998
5289
5374
6765
4865
6352
7197
4371
3182
6148
5381
6052
2495
9786
4336
286
3561
7661
4963
2407
235
9600
1207
2651
91
3011
7765
9596
3379
9580
5469
7530
3551
5305
9172
383
8773
2107
1369
4118
896
6435
1708
5576
2602
5641
1270
6114
4266
4944
8006
1268
6697
2012
6047
9398
4082
2723
6673
1854
8587
7601
992
3602
678
7850
2500
7189
613
3953
1513
1453
6292
845
1510
3800
7892
5630
48
4450
1740
1651
5329
8435
1573
4201
832
1539
9257
9774
6300
6049
5434
9515
5530
3295
5442
8105
4898
4751
3140
4080
5500
313
3431
6552
4976
5852
501
2247
1505
8451
2674
2222
113
6936
2272
2557
2028
6477
7018
960
7931
839
7652
5463
6019
6776
5315
8215
8358
9786
732
5297
1310
7660
6150
5016
5004
5020
9225
4980
1038
7010
8268
7848
3375
3212
9401
8593
1023
2885
6076
8420
7733
2179
6148
4660
2660
7968
533
8199
537
2285
3889
1718
7719
7377
912
2453
785
7255
7553
7008
7252
2037
9922
921
2571
9804
2088
2806
7375
6721
7192
5472
3710
2311
7563
9130
1511
1490
2355
7035
4486
1025
4442
8752
3121
6549
129
5997
2300
6947
7807
3767
5332
9068
1168
5695
2257
5227
2089
2856
5880
7726
824
3815
5093
8416
8008
5407
9813
1781
942
9295
4900
517
2521
6226
7595
1169
7800
6021
9674
6090
506
427
8914
3424
140
4641
1143
1868
6873
6284
9401
9499
1155
6760
201
626
3659
4704
8541
4721
6183
518
6005
8512
8867
4814
6546
4941
8099
1087
7427
6067
3181
9789
7219
396
4901
1668
8275
3366
4263
7945
4908
4657
9893
5400
9361
5761
6025
6969
7510
3095
7479
4952
9907
9988
4422
401
4557
5325
8094
6202
3768
5785
8857
3333
6317
1366
9540
9804
5724
1990
6428
5174
457
8237
5609
1347
8618
3466
5453
785
8916
1130
3576
4331
8587
8229
9882
7231
5974
4499
7110
2950
5271
8061
4177
9122
5800
6559
9083
7994
6220
6220
1244
5520
6666
2305
4494
1669
4379
3074
1783
1091
9872
7309
7285
2637
2209
4525
4746
8088
1484
2309
3830
1224
4879
3478
9902
2396
4060
6486
5546
2058
4383
7458
4565
2695
9886
8056
7665
6282
3734
8212
2851
2900
2716
6019
3077
7962
775
1540
6913
1275
1813
994
6510
3910
2389
19
640
3187
2402
2098
7609
7893
7527
9724
6708
2413
2744
4589
2750
4153
6860
8463
4354
3271
9457
930
8508
8859
401
1940
1620
2520
9572
4271
245
3388
948
654
306
9866
7415
4477
3879
1635
603
4958
5372
2991
9311
663
5218
6186
8789
2760
4414
3349
6640
3238
4453
1459
1511
1780
2786
462
478
5088
8320
3255
9479
3319
1465
2090
4283
2883
6737
2382
4583
2718
2668
4499
5557
5516
9548
9737
6722
5434
3731
6812
9856
6895
6747
7709
6201
8846
8355
5635
1690
3417
1157
5514
6638
2116
3512
5991
9197
3127
1902
5905
6023
2032
8765
3921
570
9953
5902
5994
2232
3049
3739
5044
1357
1507
3399
2583
6572
3756
5889
5437
4528
1102
692
1166
1561
7153
7860
3440
2003
3556
539
3594
3532
7825
789
7824
8129
2825
7139
6247
2944
2360
3402
8640
9678
6112
4156
5130
8717
928
9419
5441
7238
6464
1376
4920
1339
7599
2360
3416
2093
2461
3991
8675
2509
145
1512
3532
718
5574
4454
3746
6617
9641
2493
2167
7699
2051
1487
5449
2997
2730
4722
1075
4136
5098
6355
7067
6448
5868
6485
529
465
3722
4154
482
8369
4727
6130
9532
4600
624
4411
3143
6474
5673
8823
7596
3971
9209
7221
9288
6111
6911
419
9362
7738
2915
4538
7411
3789
4444
7083
4850
9089
3924
3280
2895
5487
2011
3797
2972
5920
1955
848
2372
8318
1579
4600
8463
6274
8758
3096
7239
8646
7196
4417
3554
3303
4791
2743
5453
188
8719
5743
155
3540
9561
4054
2550
2393
5928
2109
1960
5411
4249
3367
4156
6062
8046
1044
6159
8315
6075
1137
5031
1348
9844
6204
1892
9506
9725
9591
696
9267
8343
2783
7201
6211
692
8831
8757
7525
2050
6070
345
6649
1136
1827
4397
3829
261
7492
5256
3747
6583
7138
4113
7582
711
8807
3696
3357
2161
3043
2668
6336
1412
2692
7068
1465
6166
7944
5369
9214
2286
8634
6264
5
791
8381
211
8016
1807
8063
9245
2232
4335
6949
2683
1204
8670
9619
5500
1885
5135
5400
5363
9006
3402
4009
5236
8443
4759
2931
7663
2316
2122
6042
1460
7949
874
4107
6790
2330
8595
5680
1549
4098
3798
435
2001
4463
8
5863
2794
6547
2444
3484
4079
6886
3270
7257
6603
6782
3145
1767
3257
8875
399
6929
110
8293
5488
4733
330
4563
2828
3169
3289
9455
3850
1264
5208
2966
2007
772
8434
8895
136
1115
9871
8638
1962
4573
4678
3617
7504
8
9184
6827
2422
2674
3698
6869
324
3708
8975
5275
5533
8231
3719
9274
195
4624
3036
2005
2049
3636
4774
2372
3333
4361
8739
9284
7057
1472
6330
914
54
6713
7058
2819
3985
6461
7032
1175
7566
8338
2641
8298
1797
3159
3362
1904
7396
596
8442
7338
1537
2673
1567
3868
5233
6811
3494
8060
3935
4414
9811
8852
7378
8060
5220
8819
1173
899
5289
3733
7591
1860
4439
3710
994
6476
575
173
999
6834
1887
6461
3029
8992
9377
7381
5145
3190
7585
7173
2967
8971
7240
3151
8527
3789
920
3736
7939
4542
731
6496
5306
4709
9746
9677
8233
7857
2873
8757
6236
3321
7061
7101
2527
3349
5823
8385
8683
7838
3674
7982
3314
8116
766
8619
4619
1287
5182
7205
5555
6838
2233
6456
6102
5390
1155
8320
9245
9699
9148
7287
316
8827
937
9645
1910
139
624
5177
7966
2534
5053
101
868
2748
3182
7190
3942
1126
5057
6945
2674
5668
3202
9397
1087
605
998
7136
2194
7503
9139
8983
8689
6386
7666
4486
7179
1120
6709
4480
663
5
9239
3020
1784
2132
5587
3353
2208
3965
4377
8119
4642
2202
4613
4647
5625
1539
8557
1304
9140
3488
2982
462
3394
6070
1411
4481
5082
8695
10
2822
4416
577
6282
2668
6429
181
7612
8955
5017
7644
4927
8229
3126
1020
4340
6487
1773
3018
8861
5639
2562
5404
5339
7174
7023
8776
9626
5714
720
1106
8270
3513
3954
1554
3702
4065
5920
1944
8218
5444
3927
9602
6287
1495
8561
4752
7336
2374
1730
4924
2707
2064
9833
4371
259
9012
5237
9107
5645
7653
554
1898
8234
3911
9373
1413
4275
1571
7317
275
567
9829
4799
3417
1711
2960
9117
3843
8613
2270
1439
7252
3983
5796
8398
6206
3680
9582
1295
4690
8827
6813
6298
564
4889
2029
1367
2375
2122
7147
477
5765
5056
1454
4356
2877
7264
6415
2659
7299
9894
1393
493
3375
6213
3302
7914
2438
5512
3167
7732
4692
276
2627
1447
3753
3531
4234
8528
9682
1592
6741
1721
1465
1792
5674
2196
2529
1439
5520
8941
7264
6922
3995
4795
7433
6319
2922
4350
1586
4114
8928
6863
8954
9415
5784
5488
2428
6
603
9346
3029
7887
2977
5706
3152
9672
9027
1583
539
1106
5385
998
9992
4226
468
7770
6280
7831
4014
7434
608
9884
6942
5567
2663
9878
2767
2050
6007
185
9767
2522
836
6174
5911
9377
3945
8289
1642
7761
7291
1339
3811
479
8729
7930
6870
4728
8946
8014
9207
4596
5992
3168
8737
3145
945
7409
3042
3274
6905
6977
5575
353
1339
2862
162
3817
8314
1091
3825
7991
6189
6252
142
9269
6072
6462
6838
4733
3007
8038
3103
7993
978
5170
6529
7668
7436
2765
8431
6535
5246
8368
856
314
5764
3458
9140
5866
7767
3053
6413
7855
4189
1216
8407
9739
3025
9467
7073
4483
571
8308
266
8866
3873
7581
9375
6168
6333
2494
6381
5549
2659
7289
2745
7820
5396
9828
3505
2613
7321
971
6965
9954
1625
5248
3803
9761
6763
6789
4642
7968
5691
3948
5964
6937
8102
1989
6441
8182
4083
2972
9533
5273
6671
863
5195
6899
8471
586
4342
3197
5962
4459
7161
9599
1342
311
7240
8624
3778
9613
9404
9543
7851
8412
9857
8711
1325
5807
9718
3406
3387
5323
8530
4349
1438
1692
3282
761
53
6904
1290
6176
2446
1445
2006
1232
6786
6364
5595
7790
4748
7816
4404
4469
3567
9989
7421
8259
1006
6484
5574
2663
868
936
9809
639
5928
2812
8161
9650
7028
6479
8571
6874
8322
3228
7096
6406
6406
8625
1924
4961
212
1927
8657
5570
919
4061
781
1448
4270
5023
9755
3568
1329
8626
5308
1510
1635
1366
5303
3974
8203
5944
761
8269
9245
7529
6146
339
2893
1014
1853
2380
4560
613
2451
8940
2278
4239
9720
1867
2031
6712
5379
2005
6724
5003
5544
9696
7919
5585
4771
5039
3322
7949
6757
4267
1166
388
6325
3389
7914
441
8555
3255
3170
7374
9008
716
6174
6367
9232
7395
1646
3435
1943
1490
565
8755
1545
4242
1985
6450
2419
7307
6243
6813
9058
6610
3855
8184
7774
1889
7913
6331
3953
1589
8157
2123
8835
9349
5994
4827
3521
1552
6352
7375
3393
9886
6006
5266
3702
2410
8842
2083
1403
1463
8021
1247
7012
6356
8315
2398
6860
7990
8593
7343
9482
5314
9481
353
3333
8441
9920
2195
8247
7157
2929
867
955
8867
3419
9171
603
8588
4482
5364
3046
5829
4927
2490
3567
6910
5111
2478
1034
3596
7967
5530
2958
9009
7893
8078
405
5653
1933
5260
2490
6647
3836
4245
8533
7154
292
8144
2937
9144
1794
8271
3507
3228
4296
3652
387
6991
6786
6423
3330
7441
1161
4650
9190
7398
7908
1945
974
5340
8766
4950
6655
9221
2874
6399
1993
681
3956
6413
6618
6966
9541
1889
1802
9695
2023
9729
4713
4240
7691
3413
8866
5509
1930
5048
5485
9185
5055
1135
9245
8346
7170
7596
377
6844
1616
4286
354
7896
1658
9705
3035
372
9805
6363
7900
9271
2848
9495
5375
8178
7232
6733
7649
5353
6083
1145
7290
7825
913
2807
5626
2821
7168
8271
9795
1945
1511
4957
8078
7736
9375
6816
2581
7986
377
8494
5704
5566
7148
6213
6337
5560
5759
1066
1114
437
9947
5024
761
470
6995
2529
6983
8850
4078
214
3204
1533
6568
5955
7760
7890
1416
7638
8803
415
4151
9662
4975
7589
5441
1724
677
4699
6470
65
7061
6101
7157
9358
1997
6486
4196
7608
741
6845
9833
3731
3907
163
5289
4170
8998
1193
8453
8446
4144
8120
2262
698
6285
284
49
3171
5029
5271
1851
2283
2380
4013
3152
7102
4376
7210
3957
1273
3693
3807
6896
1958
582
420
5755
4811
2299
1270
2725
9484
6245
8024
5921
8940
3839
6458
3072
1713
6437
1024
2579
5470
4993
7549
1351
9894
7011
8187
9794
1788
7235
7180
4752
336
1224
304
115
5865
4529
5237
872
3758
2545
2367
6037
4355
8091
4211
3263
7918
4137
2244
4835
2669
1228
1426
6964
3033
9069
5860
7800
4112
1476
937
2248
9065
3271
5585
7716
3535
6342
7207
7183
1199
152
8820
2924
2625
1511
6995
1803
2800
4923
1876
7650
4991
2344
2083
9107
9797
3340
7082
6796
8668
7437
6760
2282
1608
119
6972
1083
2505
6494
9728
1575
6930
5060
3635
2517
2408
8502
4338
1521
2074
4057
4999
9188
9600
3286
7256
6721
1188
6477
7919
195
9260
410
8515
3762
3391
6537
1315
2505
4539
5911
9297
6305
5195
300
720
9931
8708
9566
6699
1295
9001
5560
4721
4611
2437
7571
2682
8322
2863
251
9895
6028
8574
9533
2315
6519
6545
9873
9125
5870
7186
1832
6982
6162
4760
8694
3992
9299
2565
7325
8012
1622
9777
6624
1193
3699
5689
3903
1325
5819
3854
2993
9642
4287
6016
3268
7730
5662
7985
4200
3385
8835
440
829
4109
7169
8577
8559
9851
3743
3579
3383
5756
5538
2238
8272
6250
1950
8339
8615
830
2641
8548
3305
2015
4192
2189
2695
146
1491
963
8330
1313
8364
3939
9177
1181
8948
2514
4024
5122
7129
4052
7581
2240
471
7236
4104
2048
7743
7018
5780
7323
9370
3370
744
286
7135
8813
9916
4979
5882
8412
8359
2780
5248
2069
7392
1598
3061
7091
7302
9435
4315
3493
3700
8588
966
1064
1543
6956
8085
646
2403
4473
5182
1007
1943
4994
3195
8890
4046
135
2598
9045
9239
8717
5692
4801
6992
8402
9844
2505
8987
652
9715
6344
3007
5876
9669
2155
9320
6071
7269
2959
6893
5235
6009
3886
7597
4241
125
2397
8403
4170
3045
7167
6837
5270
4253
4983
2895
6165
4072
3141
7112
5580
1659
1751
4757
8838
7999
6066
5324
1039
9570
7974
2865
9639
2151
4004
2707
1806
7204
2750
8276
7446
4101
4816
7606
2548
9507
7737
1623
4686
9259
3155
1999
4128
5847
1313
3576
4258
9129
8758
6242
4058
7073
7364
4599
5070
4301
7198
3118
249
2275
1089
8960
1321
4864
9665
1478
6842
4144
2208
9331
261
4443
638
1780
6415
5975
8737
3791
837
427
8449
2676
8445
6507
4218
372
6737
216
2536
8247
2309
4618
1374
2410
8169
4194
677
9263
6181
9834
6733
113
6921
9427
5980
9615
6435
5584
8184
9094
5563
3406
2280
9821
3826
8413
514
4814
646
9293
4741
6625
1608
3960
7022
5643
3069
8227
3610
2221
5298
9474
7610
1003
3694
8336
5754
9018
526
4603
3937
1153
2032
3441
2683
8902
2337
1552
8584
9755
3679
5862
8616
6888
5093
108
8505
2960
2404
337
6545
8207
1973
5962
3795
6089
5796
1277
6127
5490
2659
1495
4287
6043
5355
3588
4593
8166
1276
8119
3305
1516
9643
3854
8541
9435
857
721
5910
3586
9830
2793
6613
189
8057
5730
9179
6069
9645
6594
3106
1060
5425
3094
7096
2183
1575
2573
1533
1504
5514
339
1684
4285
7032
5029
8563
8118
7421
4360
5232
5074
5367
2541
5659
9865
4882
4098
7986
9624
4409
8523
8520
4682
5012
2245
6090
6549
6758
6357
7860
8283
9188
4405
8071
9491
1109
2328
3156
3027
7166
1060
8648
5285
1362
8032
5692
2884
7434
7231
7301
7476
4587
1908
7095
6991
1818
7002
9272
4787
8939
2014
1360
1063
6499
6948
5885
962
4470
6168
8755
2554
941
4958
2458
3348
9874
3235
3319
6980
6552
3205
9114
9526
9056
383
3696
7280
7309
1079
7673
4107
3055
8369
4088
5152
9700
7584
8786
4414
2146
4730
8414
1266
8475
4747
6535
9628
9449
3747
7116
8583
3682
2292
8235
5733
2899
1834
2007
6115
3252
8604
3652
3390
8495
4648
9498
2572
870
7305
3648
2290
4448
8905
4833
1821
4791
7848
1050
4308
3848
4067
7831
3562
3962
9090
425
763
133
8354
2252
7866
5577
2670
1162
3542
1077
5023
2771
3827
5248
3962
8758
2143
99
4826
4134
4776
7458
6413
942
5051
783
7698
2266
9184
773
89
9428
9405
4222
8735
2438
2515
5053
5782
6712
1778
7743
1291
744
9767
5076
7223
9059
9886
5309
5687
3463
9135
4955
5648
3304
3720
7412
7201
7082
7878
403
1977
2768
988
5595
3366
9604
6513
1523
6242
7090
4317
8113
2356
7032
6167
5669
1175
9974
3560
8638
2380
3875
5086
6626
292
4449
8574
5431
8717
5103
7851
8699
8834
1374
5766
8522
9755
4171
1710
7618
2546
8362
9066
8596
9146
1022
2599
8615
7136
8051
6236
7227
3522
9239
8023
8102
7682
4361
5303
8917
1030
1082
2805
1139
9239
5617
9279
982
1266
7645
5913
7004
8263
5941
6092
4018
4809
6489
7480
9270
1849
9958
8294
666
8866
624
5176
9594
3350
7663
839
5394
8867
2793
6588
1463
5556
7926
9357
3528
1742
1617
7349
9491
2138
9232
8963
7580
3147
4005
3293
1192
6881
6033
7067
1072
2788
2139
2273
8615
440
9684
7631
3603
6805
518
8136
5470
9353
4628
8461
6882
7132
3951
7527
232
2609
8803
8527
9633
1660
7596
6447
9345
4370
9646
8513
2834
5726
5516
8675
3417
5652
742
3088
2057
3985
3745
2685
1620
1096
3493
8227
8518
5543
6410
4060
2929
8505
6834
8462
3984
3612
2640
6954
2844
3237
8285
9232
7159
2004
5301
9743
3837
5953
5044
1230
6389
863
5469
6246
8863
6118
6907
8536
8167
9368
7928
3802
7959
5585
5584
4329
8891
7053
4690
9804
3011
3787
243
8820
5700
4512
5525
9615
5795
3749
4390
2565
499
5179
7670
2066
3035
587
9599
7866
6704
4104
8787
3476
5308
4483
1273
1573
6420
972
852
6783
1262
5239
8218
2602
619
6649
546
4350
592
7292
2741
4417
4978
5363
3302
2779
7914
3518
1293
8303
7454
6824
3099
8907
5000
6767
3511
1216
3239
3952
3194
4823
2897
7606
1303
5259
6960
5068
1446
6386
41
5248
7274
9412
1363
4369
8497
9945
1180
8493
3658
2902
9678
2548
9329
4437
2139
9311
7601
3852
3137
9329
1110
6640
4098
7917
1520
7371
4060
8043
5818
2845
2071
4906
8262
2206
9550
3687
7544
630
8269
3566
36
4746
293
291
5144
348
8277
6865
3119
7649
7467
7594
3249
711
4137
633
5314
3445
2849
1126
5884
3137
2674
812
830
4771
4286
7123
4887
8452
1767
6971
5582
9570
9293
6364
6346
3806
2773
1172
9093
7194
4923
8169
5378
4477
1657
7550
8068
8916
8372
4099
7780
7142
7681
6898
2072
9481
9460
373
6061
1154
1977
4667
5882
495
2011
3679
1417
7773
4287
1507
671
1677
2033
8690
8213
4504
5433
6353
3114
6735
9054
5971
79
7668
9190
8439
1888
2394
4291
6865
4346
2400
5110
7938
5216
256
2287
4883
2466
7978
6132
295
4628
6865
3427
6103
5109
8991
8685
7568
4047
3107
7258
9326
2100
6006
4588
8214
1305
3572
1790
9022
3481
7421
7161
8271
6566
4094
3473
7956
2217
550
3887
5135
602
8759
1342
3214
4240
3086
3330
2896
3709
6723
2818
1238
5141
5783
5838
9210
5668
4073
3577
8893
6187
7110
6813
7206
9703
5155
9536
1015
5518
728
5350
3496
9220
2123
8723
3341
4663
1373
3973
8218
242
8893
5313
6758
4603
5922
3130
783
8255
4262
2288
8143
6972
4993
8947
3492
1945
4135
3510
9085
3549
2314
7378
2980
1372
9321
2018
3017
7060
2497
4547
4294
100
5359
8651
7294
1796
55
2603
3780
2024
8753
2759
1255
8440
7207
6523
4226
3175
5231
1395
527
7863
4887
4668
7927
1515
2333
5386
5281
3904
112
3722
5757
9715
7994
8043
1613
6341
1653
1696
1890
1532
9730
7060
4796
9555
6122
4540
4165
2798
7791
9842
1829
1102
4019
6431
5212
690
724
5779
9463
4669
7321
9876
1912
5030
7002
1540
445
9163
4910
7885
1522
3534
9505
8995
8132
7826
9872
8372
5392
7792
1220
2483
6112
270
1893
4655
5695
1562
2831
922
5616
5874
2232
7221
4210
9853
5148
9765
2552
4582
4094
5002
7888
9906
8320
8294
1597
5024
8298
7385
818
2352
386
1670
3448
4837
3764
1641
3137
2346
5844
8883
6331
3987
2268
5647
1302
2284
4784
8279
2678
106
5819
809
3698
6218
4595
6205
1949
3598
3058
671
3264
5445
103
3264
5487
562
3772
9373
6089
3506
6627
206
8737
5211
8670
3900
7637
2672
6992
9312
239
19
4707
711
6533
9577
7972
7229
242
7558
9692
9538
9288
5173
5619
886
3883
9004
160
739
8511
5411
2190
9171
3479
5612
2072
8487
7548
695
8568
9277
6606
3745
431
3245
738
9391
6730
5910
2590
6543
9130
8530
3814
7089
918
3564
9592
7783
16
8632
2512
6252
801
4828
7828
5535
7232
920
7504
9484
9681
9547
8990
414
2932
5542
4741
2373
147
4492
2273
4250
8149
1968
6280
3659
5356
6389
4694
8507
8895
9764
678
9935
6764
353
2943
5603
5416
5202
2158
5810
8405
3105
6861
9583
9540
3399
4157
5375
8823
7218
7636
5524
6359
8261
8103
8833
8548
4169
179
843
6225
8997
589
9916
8868
9055
3649
2578
2599
9138
6957
4944
2333
6463
5845
5044
5106
6696
4119
1956
2232
9319
9684
1676
2128
5153
3576
8503
2250
4110
7054
1247
5023
1315
9584
9407
2515
6945
714
484
9749
1578
2775
9685
260
2691
3191
9895
2416
3059
3727
1851
49
8222
8610
6906
9313
8912
7788
3715
5479
5146
327
8489
2083
5709
9921
1017
6878
6437
2528
8160
5982
3634
2207
653
6543
9999
1415
9436
1962
3680
6086
9191
383
5203
1198
6801
2705
2678
94
3602
9157
6999
5005
4602
1251
4286
7601
4550
2769
2174
3017
5979
530
5566
5868
6414
6015
7956
362
9313
7496
8351
1752
1798
9060
1136
8105
6879
4511
3120
8311
4200
6342
8925
9003
8982
8628
7604
9402
2256
2397
6865
6666
9787
663
106
8660
4816
9334
4783
786
4749
2315
781
6106
805
5246
3207
5542
114
6181
722
39
9649
3862
8816
9637
1605
6562
6886
7785
8411
8553
8106
6916
631
1684
1965
1135
8953
2475
3289
7544
9728
2334
3562
1884
5561
2819
8198
3736
5421
2061
9288
6075
1675
6825
7017
5925
1846
469
7055
8254
2448
6997
2375
6195
4209
3864
5474
9121
3281
2071
6588
7638
2891
3177
310
7315
300
6932
4075
8786
8364
3150
2364
6349
9265
2030
5240
3805
4667
6039
9289
8483
5420
5034
5096
2731
9959
7366
7674
1696
7344
9076
454
3350
5473
1649
3183
8497
6515
9701
5625
4914
6394
8268
9890
9298
4633
6025
6930
2179
8623
1668
4453
7241
2782
8104
2218
7857
8081
7579
7356
2933
9257
2378
1441
9287
2695
9013
876
7616
8846
6743
7290
4965
414
4374
2089
7151
5144
5797
8097
3933
436
5495
3072
5676
4622
3212
568
7368
9430
5326
416
8935
2344
2691
5656
4015
6827
602
6602
5619
5149
9314
3332
1880
4378
9487
6827
8407
6014
5066
2712
2283
9481
3423
2497
3762
9306
5764
4664
9483
8445
3507
8185
3520
6327
8354
2620
7722
8718
8074
324
4542
9195
2478
8783
1121
2162
1191
1298
5134
6384
2160
1353
4364
2613
8132
9454
8921
193
1894
4708
1062
5937
7119
7174
1642
1128
9812
