3144
5047
326
2739
8625
7451
8648
8754
1280
1017
2952
6397
6317
2853
8507
5808
713
687
154
8588
6097
6902
6931
1447
2921
2725
8255
2901
6173
4641
4665
9486
2839
1137
3985
4010
1041
1860
8281
8656
1277
7193
6439
1568
4698
3017
6217
9699
240
8332
8559
2080
7591
2957
6061
6242
8116
8878
9817
5899
9196
5746
2581
6638
6352
3465
3558
5180
8868
4497
4767
8852
2405
1497
7310
8903
462
5362
6749
9903
6508
8555
2660
7841
6082
2585
1895
9881
5075
7742
5894
2163
2042
2381
9460
5531
4612
9801
5216
1232
9459
1037
831
5743
3565
9706
9674
6093
5647
7158
5779
2753
2128
9913
9391
640
3086
4739
555
3767
1570
3676
104
1125
8602
2604
6809
23
2036
1779
4291
661
146
5517
444
5471
7723
6916
4275
6376
2910
5801
4234
7917
1963
3141
34
2129
2990
8820
2444
9872
9246
1448
9662
5782
932
9706
7141
960
2896
9650
4057
3867
2866
5117
2606
6611
9468
3920
2916
6169
464
4178
856
5768
9442
2187
9161
5461
2569
4680
7033
3216
9335
4419
1414
8697
5854
4662
4538
8017
9775
3314
3479
3260
1744
366
5050
6845
534
3423
2660
9069
5903
6275
9408
5067
592
3893
6339
8744
544
1679
8391
8216
2617
840
4532
8447
3703
3909
756
4806
9381
4898
6393
7149
699
7596
4024
9075
7137
2315
4927
9146
2020
7963
7313
3059
5010
6347
8105
1960
8322
5794
7472
8095
4923
5263
643
904
5834
6602
3142
6624
2666
7853
9688
1004
9881
2258
4368
2996
9869
7264
1607
8229
6752
9244
6195
4653
3526
1472
3436
7355
5804
8796
6484
3587
7426
8297
2225
5436
6952
3120
3241
534
9172
8302
6480
4167
8275
6308
3177
2751
1979
5108
2090
1058
4186
9243
1343
5679
9067
5989
7377
4361
3165
5786
820
3870
1369
6100
3578
1584
33
8931
6043
6749
4022
1072
9056
8449
2763
2028
6377
7218
8294
684
5376
695
6705
5425
9401
8182
6954
6546
6369
962
5743
8879
7368
3385
7482
2610
2798
2175
2730
1593
2718
3047
9065
5341
7035
3113
187
2893
2915
7038
9612
158
6066
2480
410
124
7164
5943
6699
5395
4630
3487
2562
5080
1006
5142
3704
5670
967
153
9230
4202
4487
6700
7966
2329
1630
1363
8389
6287
7995
4060
3630
9330
1350
5584
2813
4887
2975
7357
5445
6854
5476
7334
6963
9231
484
3984
4334
1893
9409
4516
1925
2761
7808
5409
5671
9366
4514
8081
8494
5800
7553
411
7400
569
9856
3232
3729
5422
2329
8816
2694
3610
4708
2375
8726
7153
9737
8734
1844
7645
7029
6496
6877
3478
2135
868
1522
5941
9913
3447
373
4894
8862
9644
9301
5064
9934
6394
9375
7252
254
8912
9564
593
1822
8314
8053
5432
6683
8518
9628
5779
6237
848
8771
1056
3533
3921
8434
8987
1709
7788
5509
8882
8443
7800
4748
5063
3074
3661
7218
3342
9359
4591
7391
8117
6932
6284
1656
3820
2815
6089
9258
1394
3818
4593
8657
8013
873
8245
1530
6012
7959
388
5542
2466
3402
681
2149
4022
3566
2990
2358
3021
1299
6286
6420
1645
3457
654
4124
7249
2265
4614
6172
5619
8530
4114
5064
3850
9142
6734
4190
4828
2130
1206
5382
8971
9048
4924
4714
6250
4134
7634
254
9824
3731
6236
95
7532
8172
7011
4555
218
4120
4281
3747
3345
4215
9923
3936
9288
5617
8299
4879
6831
8799
7529
890
92
903
7449
2597
8533
5939
7873
3114
4631
4359
6347
1888
2293
4018
7531
5677
2131
2179
3971
708
7849
7459
2037
4755
9125
988
5426
632
5834
2754
3422
1024
6202
5345
2
6629
723
4413
6022
4278
6246
1166
9115
8985
7868
8034
1642
5269
8085
2622
2748
4652
4828
6821
3041
2633
8865
2693
3472
7544
513
7241
7280
1876
937
5322
5686
6947
4016
902
4954
7717
6156
9692
4461
6683
8343
3051
6886
1090
9345
157
2546
3212
6
8770
6196
9381
2304
7368
7763
8029
941
8477
3765
9005
3886
7238
8048
2545
2348
4694
1253
7182
7667
5031
8495
5135
2359
6357
4290
5814
5806
2381
8198
356
4694
4067
