1391
7009
895
4961
1016
6869
1503
283
9226
1463
7148
8607
845
6309
1996
3882
4537
7620
1148
7917
4616
7971
7107
5395
1996
9574
1560
4936
9125
138
1952
6781
549
7956
8209
804
4802
5990
8624
3415
8634
3541
6500
7368
9461
3411
5443
1713
704
8089
6885
4143
9718
8524
7648
3419
9901
5500
2965
1441
5309
6567
1158
9088
9511
366
8058
2889
8099
1191
9080
8547
8995
7733
9283
1075
1471
9738
5933
8585
4130
9847
4231
1035
3252
7808
7063
2024
308
4789
902
9301
3025
7182
8106
2067
2382
7411
7857
9094
5353
2554
3613
9513
9009
8338
5147
1984
9241
6572
1948
163
9566
4380
7311
5461
2335
122
5836
1702
3303
6033
2580
3310
288
9778
5522
1812
9627
7215
8692
4059
1881
6838
3232
1575
6234
4718
2025
4913
2661
5078
2782
3735
2841
739
9735
8644
9871
2644
9731
2260
1575
6154
5791
9319
9974
303
9225
9231
2816
3335
2357
2025
7880
7888
8282
2727
1147
5735
9227
7617
8096
922
9041
8225
3250
8845
468
9548
43
6877
1940
6983
7484
6431
2484
5726
1047
3912
1601
5931
5492
2794
2096
9325
2721
757
5854
4952
2456
7007
7496
4136
3417
2113
4163
652
7112
7566
6068
1128
9834
9676
9187
5939
1394
5373
4541
1448
5404
2556
1680
7235
4133
3296
2124
5301
8826
9716
5503
2493
2991
5516
7092
3035
9380
7804
3565
5370
2268
1831
8613
3481
7844
473
6096
5816
3606
6157
7930
7347
6216
4405
9548
9900
5326
261
2
120
9989
8861
1826
7396
2062
3575
8137
4318
2583
6152
6558
3590
1807
9170
9180
3573
3942
8199
9390
3660
7199
6308
1695
2668
1785
8156
6276
8585
5968
7191
7709
9118
7801
3445
5381
3406
4
1217
1418
4268
2335
1778
3232
7454
9598
4340
5539
7045
5224
5974
5958
7127
871
6341
2921
3680
7166
9158
5611
3906
7298
9551
8349
5392
8443
7440
5788
8362
3789
5773
3568
2725
6780
5121
1324
5420
3075
4240
3069
7445
2616
9231
3360
9993
1233
581
8247
1460
523
1700
6240
846
5605
7512
6970
2784
3428
7840
9011
2158
8551
7176
3256
9451
2406
3233
347
5749
5016
7500
605
2926
6088
8166
1289
8067
6190
8356
4158
7861
9193
4328
7838
2088
9533
2722
7119
9267
8151
8540
1992
5235
5228
911
8893
5439
5974
3909
7586
8000
234
2498
6443
3023
1095
3314
4757
7439
6222
8903
6593
5071
3681
1150
2964
4223
9338
1168
9917
9684
6113
1079
7597
6476
5508
5369
7697
5176
9273
5850
2092
2280
769
6158
7627
6695
7884
4815
993
6219
7964
9679
3045
9248
1946
6920
1553
4078
7947
4669
6101
4806
3991
7902
1886
9155
4900
9967
7515
5725
5616
9581
8166
372
6810
4313
4302
7523
3523
6269
6338
4522
174
3698
1719
6434
8034
8349
4529
8587
3816
3619
7229
4603
9748
7286
8289
2867
4272
8471
1795
7917
7299
5267
602
8383
1512
2673
2437
7633
2618
4030
554
1677
8330
1578
4631
293
6182
5451
1121
6550
5437
8927
1909
1996
2351
3563
623
9523
6023
1434
3251
5051
4474
8420
7223
4906
3095
3336
4921
5361
5911
6896
5969
9785
3064
5551
6272
8170
2654
7996
6684
8820
7350
5244
2480
8372
3358
8606
6031
7949
2049
2914
1609
1183
779
5503
7203
9909
4355
9724
7197
2846
529
5760
638
8541
2957
2123
8931
6799
7290
2453
6868
8027
4750
4430
7700
9229
5940
8851
1548
4489
7304
6972
3311
2997
5286
4786
9005
7561
8347
6363
3815
2929
798
3837
8290
1590
4605
3939
5414
1234
9674
9232
659
9596
6045
3581
6432
6349
7802
7974
3969
5504
8176
2707
5542
3557
2448
7641
3254
8171
3118
1370
8451
927
8638
3939
7229
912
6140
6110
4624
2001
3436
313
4814
8072
6312
3715
6952
1704
8353
2656
9758
373
2393
8310
4753
8090
8295
4733
9141
6964
684
7243
8116
8304
780
9732
958
2106
6352
5520
209
1692
3350
1968
2067
7862
7893
7469
7244
8733
689
1550
9817
461
1611
8078
8533
327
9185
9138
2616
1406
6968
7660
1316
6193
2197
6510
7291
6580
2756
4846
5351
2833
2447
8066
7023
425
6243
6890
197
825
7488
408
6274
9134
7426
7654
6692
2702
1198
631
2920
7214
2903
8802
4724
5690
651
5874
5665
1382
177
664
5976
5842
6198
6983
8013
3545
1054
8108
4083
2294
8940
1790
3918
6559
1385
2182
8766
4542
9818
4589
5381
2125
1925
8137
9930
3645
3341
1333
9774
368
1225
8815
648
6824
4431
432
2935
442
9641
3146
1647
3090
6547
625
8273
1112
4883
8164
4305
8468
7107
1122
1563
5588
5282
3851
3917
8060
7053
4368
204
9721
8333
3714
1069
124
1142
7093
2128
952
9247
8324
4901
6671
2942
2290
5578
1300
9863
8817
8761
5176
7028
1305
3261
103
7251
5059
1542
580
6515
4874
3389
5272
2942
1926
4757
2832
9556
8149
9969
7790
6036
3352
9221
8783
6220
4892
2645
2991
8272
2616
8197
8236
5606
5027
2692
7028
453
965
2873
6082
5551
1548
4437
4372
4934
9629
3729
1016
7533
2746
1743
1714
8847
971
9140
3676
2084
4477
3882
2359
2414
8550
2307
3898
6677
5152
9666
7914
9233
7729
2378
8590
5275
3886
2238
4488
8914
4848
3848
6591
1163
1629
5458
5526
873
6483
9388
4635
5887
9016
4943
5975
7083
514
3668
7001
9240
539
7695
9782
9962
5814
1782
9804
367
3153
6438
4960
8732
4651
4762
7236
629
7291
1195
784
3092
6781
3025
193
5764
5030
2027
217
2785
6402
1507
4761
218
5237
5247
8374
7152
4066
6628
5349
9846
5653
5158
7719
44
4428
5903
1235
4254
7707
5346
9791
9318
2884
3908
2458
7514
7501
4017
4932
3786
1565
7018
3965
1646
1676
4742
3494
9403
6387
83
6562
662
5846
937
7438
1623
5305
149
1336
9127
791
5962
5078
1055
1715
5443
7333
1328
2789
859
9651
48
1696
1562
8281
8634
1192
6073
8367
9685
2408
1832
7866
7624
8784
9129
3471
1946
6470
835
2209
7352
2681
5804
2995
5602
1940
2909
9931
6233
7408
2165
6614
5527
431
6513
8966
4284
2656
8804
430
9232
1781
1650
6719
8959
8096
7453
2271
2586
1971
5386
4858
1953
8650
2299
7367
5891
8566
2678
6693
8283
6142
2134
2276
242
5217
2339
7192
2270
162
9187
9290
7666
404
2977
5570
1030
9085
4036
7506
4486
638
7345
4261
2021
7307
4660
6877
8132
9146
3074
5717
9977
2110
2147
3090
9647
9373
6476
3742
5757
261
0
2423
2784
6096
7192
1549
5673
6729
6336
6805
4530
5172
2206
7645
8796
7872
254
2934
556
5461
9060
3124
7087
3469
9313
5556
8257
9886
5922
1657
2609
294
1748
4225
637
4921
1477
5925
115
3111
1203
1403
2809
6269
1187
4804
9903
4502
4293
1775
9118
3541
3185
295
1201
6876
5335
9314
6782
1636
3291
5786
806
4679
4196
4236
3423
7981
7007
3875
6394
4329
2819
7445
4258
7656
314
818
2282
4508
5652
3754
5593
4146
2538
9067
7108
1453
3024
3760
9586
2162
9142
8479
9819
5416
596
8130
2072
6950
1380
1921
7494
418
5380
4789
722
5740
6036
3544
6562
4516
7032
2274
5983
9537
193
6659
2141
5129
7127
1970
4957
3247
4288
4232
5186
4340
7625
8841
7060
2184
8746
5331
3128
3731
6260
5175
8766
7748
8345
1368
5416
9479
7198
5069
5130
6868
2496
282
5223
3937
5988
6943
9823
9410
6964
4247
6129
1148
9603
6382
8114
7195
6484
4378
5770
1700
9145
2252
3277
5018
7893
4393
6784
5758
6553
5477
6048
9219
9101
8317
1843
7343
3618
3123
6195
1803
5508
3718
6766
2012
9045
7617
8145
1963
3253
8221
2995
2820
9299
3429
7722
244
7005
205
6043
1595
158
4064
2856
1487
8198
6910
2046
1285
4538
771
3576
3361
8183
3967
6192
5427
5485
1264
5972
275
6247
4821
2504
8331
2481
3228
9919
5672
594
1599
337
3412
7079
4599
1644
1443
861
5279
3814
2134
5571
6859
7424
2482
4645
9634
4636
5332
7237
2295
4758
5741
4232
5767
5347
5337
1559
4525
9005
4969
6990
6374
690
2938
433
163
6281
3583
2322
4748
4566
206
7450
3837
4704
9388
7396
22
3686
2847
8591
4587
8434
8299
6841
4596
9180
1312
9251
6306
9884
6335
6273
8844
5143
9196
6169
4485
2048
4481
3352
1052
3009
2488
7728
4551
8290
394
1062
5959
7941
1537
838
6158
6377
2403
7939
2390
6097
5836
983
4969
4332
6016
4864
8230
3933
8605
8693
5508
3218
2910
7973
9205
9495
7539
1577
5946
570
2289
6305
8785
249
3291
8364
8347
5497
115
2466
2740
1257
3779
8388
6212
3497
8382
6720
6993
7624
9498
618
9685
1700
5554
2741
5031
3563
1633
6663
8838
825
1993
1819
3807
9531
2198
4720
1040
7651
6516
2733
3817
6138
5953
4251
9439
4521
1761
5708
1112
818
4584
8321
1072
1671
6620
7084
4695
550
3333
4783
3864
3452
3628
1915
9263
1959
4581
6681
1299
3662
5680
9342
1107
6765
6800
3546
5747
1303
3302
509
1802
5925
5550
8020
6240
3671
747
2136
2910
5113
24
490
4317
1732
8868
365
2510
4038
4987
7480
9940
5080
4408
7449
5138
5242
7213
4307
4870
3074
1337
3392
7248
2824
2981
7939
7901
5607
5674
5591
1211
2445
3770
6185
3638
5189
5024
9374
7896
6435
1035
1709
6315
5821
569
6721
1516
8101
2882
998
6458
6440
7265
9836
3776
6632
3242
1492
8751
929
2464
6903
8364
9395
6268
7494
1309
8223
3811
9948
217
7838
6411
8435
2038
9627
7076
1426
2255
6260
6422
9799
2725
4675
9133
4771
5179
3934
2408
7005
1947
3531
623
6966
3970
4132
3345
6919
9553
3074
5411
3292
4290
2933
780
8619
29
8830
7798
4148
9556
1815
9237
2490
4506
2664
4177
3688
262
1497
2315
7375
5814
6805
8000
6685
7214
9444
4464
7905
6282
156
1872
9180
848
3130
5509
9792
3894
514
4742
6348
6135
8260
7449
131
4294
8133
2459
1306
9955
9656
6657
8056
758
8035
7478
7484
4932
4094
1404
584
4366
9892
7865
9399
9942
56
1642
1376
7155
4385
9793
9747
6754
5966
1239
7554
9356
7869
2391
9081
6985
3157
7950
6626
3499
3816
8421
2812
5651
8024
4859
9800
9109
4157
1981
6243
394
8049
188
4237
6490
1082
4151
5570
9863
6909
1301
4791
6796
9924
8127
7063
1702
2322
3599
1209
1941
1239
5900
6125
1634
8829
5725
9130
9525
9993
638
2597
3985
4996
7160
1307
7680
8154
2591
5902
9006
2380
6762
6589
2515
3630
6016
5727
9897
7796
8097
6787
558
772
4301
9154
2149
4062
2602
7661
5357
5020
6044
9869
6271
8703
806
1799
2763
6820
9382
3548
9731
7697
2202
9561
4476
9311
3610
8004
2812
9997
9232
1728
1895
3850
2039
3212
694
8005
9158
3617
5552
4929
544
3985
6335
6892
318
3812
2823
4216
2963
3077
8414
4548
7055
2861
8570
4740
4677
2838
452
4597
4848
5359
5788
4316
7974
2420
6664
7594
1105
4758
7661
5764
7996
4801
7152
8217
3226
7583
8992
9797
5181
8595
7034
6155
3314
7347
6794
9178
4642
5954
3328
6320
3165
954
80
5185
8197
2018
8918
7897
7147
5229
3111
8205
5415
2649
6552
2254
5708
353
1513
7093
3845
654
9416
6252
8325
9632
1001
626
5625
7486
2951
5151
1429
1341
2599
7041
4721
1967
19
1207
8665
1095
2650
9952
5484
8828
740
664
794
4540
3469
4289
4440
6235
2475
2510
1538
3827
6859
8564
1016
8291
2271
9660
2277
7960
6775
4073
50
9510
7532
3741
333
306
8428
2749
8004
9463
768
9496
8892
337
9832
1084
4017
8662
710
5194
8866
89
5503
893
5107
1455
190
373
8824
2989
7674
7524
2053
6666
614
1283
7007
9727
3956
4134
7806
9725
4505
2074
3059
7363
9672
679
8459
1186
5643
3614
7249
1581
5207
9960
4007
6639
8634
8878
115
8055
3925
5015
1788
3244
7443
2226
9722
8548
4077
4289
4706
6576
7388
9140
5583
3428
7833
7743
1782
9510
1913
7637
7346
4059
274
471
1459
654
7276
368
1093
5077
4018
9751
5800
9490
285
9815
9919
7446
957
9911
7109
1353
8908
673
4193
6066
4376
578
8806
890
7095
605
6141
6287
7668
7728
2969
6971
766
9068
1271
3708
3196
9628
2557
7636
3339
6093
3142
8018
7823
4336
8553
2002
528
5992
5151
9601
6278
5392
6277
6697
1561
202
7982
3413
3609
9512
1821
2556
6846
2948
6679
1889
8639
3400
8157
9279
8115
6556
2726
8283
7435
787
3066
2758
2051
4139
5759
1676
2577
3367
692
5374
2791
4573
2147
2993
1646
9144
4027
3827
4271
586
1172
4875
7657
6664
3362
7127
7835
5871
1486
9722
2665
7993
9262
773
7135
5223
1361
9469
3753
145
9979
3478
2255
1304
9097
4065
1253
5163
7633
8970
2528
8899
4012
6849
9615
8191
5101
5387
776
8632
3841
6706
1881
969
2709
4798
5311
1373
5857
6423
7782
4557
73
4126
606
7693
2619
6352
7566
9297
5874
2671
8238
2515
7193
3765
3981
2412
1158
8944
121
5974
8692
5120
6303
3273
1597
1285
8595
4299
8753
9880
9305
1210
1188
7970
8825
9885
6243
1921
5571
8748
7821
1479
2758
1169
8468
9365
3776
8944
816
2899
214
6913
6301
1808
5865
4952
7822
7333
6096
1333
7757
3266
544
5993
3365
7027
1327
9222
4939
4095
6169
9236
3372
1372
8153
7213
2362
5134
4805
2231
7509
9650
3482
5853
9665
2392
4908
9379
2105
3872
2063
8909
5824
4238
991
4554
935
6764
7803
1440
8038
4553
4004
6721
6730
978
3540
4928
3655
8651
2590
2687
2528
3865
3823
8106
9783
4690
6327
973
2118
1947
7117
1066
2031
7259
3411
9134
381
3598
6278
5598
7330
3364
4193
2956
5646
6761
9123
8687
8851
9979
5724
3453
1282
9375
6381
1959
414
2884
4770
6244
436
6830
9321
6090
7436
2937
4689
9471
7566
4406
4547
56
2373
6992
5357
9163
9672
867
2460
3022
5566
7640
2121
2138
6222
3663
9784
2656
878
1452
8719
7496
8828
33
5161
500
4043
8102
5520
2708
2071
9652
1120
4445
5432
5668
1080
4290
4018
7218
2286
9547
424
1747
677
2796
4708
7182
9867
3772
3153
2033
8592
6114
5686
7050
1227
2339
1830
4856
5120
1570
5346
9751
951
5914
6520
7676
6706
554
2583
5493
8637
3660
9165
9172
7072
7080
9355
2365
5792
6860
8234
1747
9555
37
1059
5005
8758
8381
4441
8740
2460
9161
2097
716
4200
672
796
4763
6275
7031
475
9313
1189
7660
3395
4932
6949
6514
9978
4146
2984
9465
9064
8259
3335
3599
196
913
4855
1514
8917
8325
6112
3842
3033
9476
1562
8448
4972
6399
6284
4592
6089
8760
6384
8920
558
1894
6641
6126
8056
2244
8402
294
5756
2995
97
3838
7380
601
476
9883
9907
4761
8114
2150
3201
7346
4627
3919
3370
8500
1542
3579
7862
8391
3375
303
1875
4415
3040
8301
4271
8728
3457
6673
9922
5818
8086
38
9378
7724
1067
4370
5922
6401
4684
1328
646
4234
5719
3211
7267
2722
2755
9555
702
4823
2431
7364
9619
9793
1963
2965
7560
2174
5611
1179
1303
1440
2227
7382
9260
4589
4541
5646
7433
7171
7656
1461
3707
2047
9657
7640
8696
9828
1034
1549
5973
3902
5971
5099
3386
722
418
9584
5761
8102
6810
3748
789
3505
24
9205
2006
8336
3951
2678
8181
7108
2122
3531
7167
970
3657
7572
136
4322
4269
7732
1140
4062
5205
7401
5469
7128
3995
8537
4170
4956
9885
9331
360
3908
672
201
2022
451
5633
359
5876
8355
3368
8864
1780
2440
7931
2416
7065
2846
9448
1438
3832
9078
2607
6727
8299
2623
3736
4878
4340
5414
8507
3224
7223
2790
3170
3259
298
3455
5549
9684
8688
3910
1855
2784
694
6341
5621
3029
9197
1579
1472
1324
5508
8446
5498
1282
1300
3944
1902
9399
6715
755
6018
462
9848
143
1640
8989
9269
4671
2117
3609
7296
9763
2750
9922
7222
9822
6032
1958
7001
706
5681
2761
3941
7183
7716
8776
7292
1887
1958
6353
1553
6149
2969
7932
7891
1393
2936
550
4700
6631
3759
4525
9461
7863
4027
5744
5696
5576
4060
1477
7912
9944
2398
6008
5074
3257
6521
2665
2427
2864
1697
7382
2712
5764
2055
1147
6794
4817
2031
5829
6886
5482
7257
370
6947
1155
3299
6078
3155
1971
3079
1715
7826
481
8441
1609
3751
6960
2857
4634
4872
271
8122
1836
4934
6377
1812
3697
5807
2880
8950
878
3545
8231
4591
2429
2686
2028
9061
3919
9958
442
9509
456
9784
9981
9555
2231
7323
446
7396
9834
1960
7396
956
6614
7359
5420
5435
569
9342
9602
270
275
3021
2201
8170
9595
5889
6011
8922
1723
7898
8938
4676
4429
761
7666
2052
4952
6821
9581
6373
5360
5483
9115
8918
6148
7274
7976
5070
7266
6592
8492
4576
355
172
9234
7435
7583
1810
9959
6341
1312
1523
5673
1936
3021
2720
6527
5853
9693
3368
482
3747
9761
3228
4909
4791
3905
3282
2022
2320
7913
941
1656
5130
9406
4362
4320
4257
1527
230
4469
3142
6862
3239
5061
3837
9810
7179
5897
3427
747
2123
5376
3897
6109
4744
4814
7126
5262
4443
3529
4300
9788
7639
8428
370
9867
542
2529
8658
8400
2270
4325
9462
8899
7340
6885
6522
8167
1072
4980
6726
7385
8595
1573
5789
5564
7759
9020
4661
9548
7193
8994
7084
6701
168
3353
9223
4810
4690
3970
9268
4649
7238
5026
8476
7797
5913
4997
8769
7858
8291
8959
4189
9462
6803
6914
1193
6065
2639
4806
2108
1521
7867
9110
1206
3275
7241
2761
8730
3986
7662
1712
3476
7102
5712
2076
146
3568
3096
7992
9650
2761
251
6803
1256
8234
4805
7621
9898
3253
2160
3157
2171
9884
1862
7746
6782
8127
3820
5201
556
3152
6267
4782
196
6579
5482
7087
3750
4726
6767
7624
2968
4646
5155
9346
1270
1064
7854
2972
8470
9619
2862
5476
1826
4504
9540
3592
5240
7966
5294
2019
9748
7895
7435
6498
6494
5468
6606
4676
2752
7717
3871
5171
6486
4535
189
7524
4729
2515
6475
5717
273
847
6731
936
290
790
2956
5691
7038
1889
1846
5784
9432
4748
7876
5073
7210
8657
2852
5801
4457
3177
220
752
5747
7691
8990
7290
4315
2016
8863
2725
1490
9576
1746
8900
1164
6499
6207
5703
2512
915
7638
862
5871
8087
5738
1737
6659
5115
313
6071
9662
674
1259
7095
627
5978
5188
2598
1799
5665
1375
5022
3026
9121
4293
9855
3002
8975
3908
711
2449
7149
3288
3541
5539
9357
4881
7660
1952
7253
631
9199
1702
2791
3062
816
8317
4651
8273
5185
1310
3609
3903
6847
9540
2615
7836
6749
3794
5883
8735
7683
1207
9601
3622
2513
7385
7717
1555
1270
1097
7528
646
4546
5034
2175
3319
234
6058
3477
1538
8351
702
8723
9401
8840
3245
6441
4001
2924
1521
8132
3866
6069
8518
2947
7992
2101
9168
549
3431
599
3095
7002
4088
3781
2962
9357
1813
7364
9296
7601
690
316
4344
383
6980
2483
200
4782
9268
943
3715
8631
9748
2965
3662
4577
6028
2086
4183
1218
1066
5509
45
939
5255
3699
4634
5619
5877
3887
4628
6637
3627
3920
7441
3549
1724
8134
5966
5508
1900
4386
1280
2487
6883
4464
7254
1123
119
8385
3328
9727
3180
8078
6535
5180
271
3405
5128
3281
7849
4580
8905
5380
6315
7078
5003
5828
5523
113
2852
7894
6119
8674
9317
6679
4229
7558
4056
790
6445
3510
5500
7491
558
4900
3456
5549
7385
2260
3278
8319
3005
2685
7659
7320
5481
5899
6171
9805
9461
1426
5600
5
5532
5434
3607
4506
8760
9855
951
2712
9349
4338
6835
4338
9079
1413
4822
1414
3621
9454
8442
3262
6835
4533
4888
3433
1014
1997
1198
8329
1387
4250
1328
5019
7910
5495
1959
5124
1293
8950
6788
7529
1309
565
8969
8667
5849
3321
8240
4067
1077
4756
6183
7
2983
2337
3170
998
545
173
3491
6763
8656
2622
1325
5098
3009
1816
6427
3584
9454
9697
121
4671
2665
913
1953
6269
5563
6221
7584
7693
3756
7130
7251
6630
8067
1321
2035
5573
2325
960
4578
1119
5458
24
8873
8686
9240
3871
5658
4032
6893
4656
4613
1380
4635
1512
7341
2070
384
6900
5435
4323
2589
5798
3006
1526
5371
4695
7030
1687
9781
854
1259
8493
5118
9001
9212
2641
2040
3266
7029
1692
563
3551
799
9100
2516
5870
1995
6554
3980
9965
5189
5425
5525
254
8530
9659
7017
7346
3315
4544
6840
3970
4251
6039
3396
6120
6261
5633
2299
4700
30
7117
9870
3743
3760
9037
4999
3906
9009
9500
2699
475
7707
9815
5664
5834
2968
4864
471
9553
5623
4693
9951
2484
4851
6593
9299
4759
5703
6396
9609
6361
4255
9280
9935
8072
5555
1781
6494
9492
4660
3111
8337
3814
1845
6364
6263
4435
374
7562
3151
1397
5162
2746
9076
5336
7165
7385
8891
7166
9737
239
8202
2613
9890
6338
6220
8426
9880
7592
279
1186
8369
978
4892
2512
6356
6137
639
8486
330
4863
4384
8141
3244
8212
1199
1509
203
4598
906
8169
2890
9327
9754
4421
4909
5723
3923
5507
144
7836
4555
2782
7283
1964
3027
4184
7853
6564
8980
1028
6745
404
6836
4874
5854
61
9368
1678
5139
4711
8222
5281
6686
2109
8296
9041
1223
471
7603
632
2213
5132
8342
2493
308
1602
857
1280
5184
7014
3655
3639
5617
9878
1424
2485
2490
4880
8566
4848
6355
2245
367
5433
9613
9273
6095
5174
3668
3986
2960
7382
8960
8348
8814
1612
2062
4343
4565
4252
9203
8088
6493
8124
1055
4582
9663
6807
684
5810
6550
6342
1904
2754
4277
9967
4764
2909
2880
1034
5506
5683
7611
1198
4054
6272
4678
7269
1063
9811
423
8147
314
4313
5644
8266
5751
2243
4377
5030
9609
9288
4489
7857
7435
6617
5477
6206
4070
8846
6847
9153
1462
3531
8745
3520
476
5295
4070
4782
9904
2394
5743
872
5387
8402
6028
7590
7110
6010
4215
2521
8531
7850
1424
6218
1193
9753
3762
7436
795
8472
3198
2216
2963
1269
6685
6783
5568
2124
7790
456
8173
9595
5126
7215
3544
3616
2469
9032
589
7886
9095
8060
4630
4326
622
3612
2107
2527
2326
722
1532
6633
3987
1431
9195
3526
7908
4117
1717
9245
2022
4985
8220
3759
4347
8936
2723
4208
2673
7576
7284
4729
6847
2908
9376
5138
7585
8637
647
3072
4675
3041
9797
7067
8923
1539
5607
3695
8020
17
5708
8351
7315
1344
5864
4110
9840
871
9979
1685
888
7898
9853
4750
3438
6803
9786
1079
2054
4056
5941
9271
3470
8644
4569
8981
5187
1152
4835
2807
3328
9028
6188
2656
1868
8932
7414
5503
7044
5266
5298
6714
8657
8961
2184
6776
3187
5047
3628
2120
1753
4528
1640
3963
4076
6436
4881
8670
6774
6882
8922
8687
6036
7171
8357
1859
1710
7197
2881
4506
9388
4283
4034
6787
8758
9226
613
4508
6460
7792
5794
139
7524
2714
1053
8800
7387
2224
8579
5431
4050
8743
8728
161
6343
6610
678
1485
604
324
5066
5989
2166
9121
2732
7470
493
4853
5204
4849
5822
373
2210
8981
1088
8783
1162
3321
6117
9557
4471
9486
8617
7450
456
644
5554
3873
444
2147
8548
9127
3903
6135
2726
9804
7973
8402
9982
3583
8306
2534
7019
3729
9609
3677
6533
9746
9073
7560
5447
7356
5367
1047
5852
5579
7372
4715
8665
2087
1915
6620
4409
3057
6301
6694
6469
6074
6255
1284
809
2760
3339
2534
1250
1937
2466
4888
7840
6778
4111
5808
4799
2883
6700
1191
3760
2856
283
7146
2432
3257
9736
7895
1668
1685
8125
3962
7428
2914
7207
458
3491
7789
6750
2687
4017
2833
9796
3915
3112
2484
6875
1886
7975
6106
1820
1525
6357
5110
2934
3613
5791
9108
8852
7552
3023
5443
865
9565
3812
8504
7460
4926
9571
3652
2317
7010
6133
4012
7173
926
3060
6367
4033
9947
6382
7849
9919
5561
9864
6599
7605
2317
9979
3594
4667
4382
8937
9198
9663
8573
1967
231
102
4608
5024
1948
2315
4323
3789
4810
5392
2344
7936
2008
553
9423
5074
8904
1169
5173
5524
5304
9700
7212
899
5142
4946
5977
8985
7934
8073
6934
4349
8600
8958
2828
6265
9425
4923
4433
5534
5596
1771
5054
1207
5260
4381
7971
3041
5243
9308
33
8028
4489
3049
6662
531
2889
3709
9881
7002
6338
5338
5855
6737
8457
7995
9336
3049
7724
3158
5649
3980
6735
9639
9928
3533
4645
6005
5638
761
6975
2936
3741
8625
8040
8906
9859
5550
2295
2297
3375
5716
5041
7431
9196
258
5915
8317
2750
7265
5044
4921
5316
2085
3659
6052
1293
4850
3121
3129
5885
6884
8071
9120
26
3402
1596
7229
8696
9551
8135
3785
753
5426
9782
9933
8938
9304
442
9669
7617
6327
3255
8372
5716
2053
7619
1655
4966
1987
7613
5009
2429
9165
6411
6491
7644
5921
7404
5794
8661
8685
9620
3199
9130
1258
4168
9889
2303
3726
7114
1988
4407
3451
5512
9557
3629
9698
3404
7973
5782
9941
2263
6709
1938
3126
1356
1587
9014
3290
2288
3017
1899
4648
1008
8931
6707
55
9241
4457
7885
7729
9351
1240
4873
5624
601
8978
3653
6854
2862
7946
2517
9430
11
8719
6422
2911
1261
6004
9902
2580
874
9013
1438
4096
88
9759
2443
6580
2850
3573
456
8946
88
8052
590
1022
1836
6313
2524
2378
7934
2160
428
4341
500
2468
4636
2288
2509
3795
8794
3237
4554
5305
6854
338
9802
776
5535
842
6534
7072
4003
9288
7489
3570
9342
1958
8129
5399
1075
4947
3480
7524
4645
8714
8584
7096
3596
7620
5122
154
4071
9054
4778
7219
4391
4783
1198
252
1220
1059
778
1681
5843
861
8157
1139
6852
6929
3126
2677
4159
7109
2720
3847
9757
7030
659
8140
1753
2705
7179
7915
5720
6380
3000
4948
4509
269
9179
4559
760
7877
4178
15
4168
1798
1681
3784
556
7444
243
6666
4493
2444
5995
6962
6334
931
7461
7361
4124
3057
8498
8514
3879
2863
5960
9462
7860
3208
6629
6582
7750
8567
1917
6282
2930
2704
9678
7958
5348
6874
7583
4309
2462
513
3421
3276
384
6038
8614
3578
2808
1818
434
7702
9379
5663
6136
1305
5837
2218
5923
7348
814
3660
8916
5926
527
9713
4031
3629
1252
9502
2012
7249
5473
4189
6052
3366
9442
2684
9078
1821
4594
3051
3774
5932
8132
4214
6903
7266
6568
8373
2120
3130
951
235
3494
8801
1596
7494
2748
671
2007
4984
2325
3305
9805
3185
2228
5189
9611
2769
1863
3153
3140
4101
2753
7763
9886
2983
7794
6312
2810
6764
7060
2879
7382
8882
6297
5238
694
7250
1769
1947
9935
8406
9814
9609
726
469
6126
4946
1985
1713
7655
3799
6509
8967
9989
6849
7482
5730
8915
8613
9700
6436
7861
5243
7923
9445
5923
923
6887
6990
4495
2360
1000
9915
3217
4734
4287
3143
7037
9417
6856
2847
4327
1096
9109
3261
6370
8414
8892
9448
7756
4964
8335
3156
2247
3499
544
4571
1685
1280
4546
5203
8058
4994
7218
5294
2798
6593
5750
5255
2562
4338
8693
9497
1756
6852
2109
6764
6134
4662
3075
7508
2030
7439
9234
9530
4024
7843
7668
9717
4189
9716
1457
5756
4871
1653
4788
9332
3878
3814
462
9776
2663
3636
6885
3417
6271
8838
1400
5394
1390
3780
8436
7023
8205
7037
3172
619
5760
7687
1269
4955
8924
6032
1066
2845
2880
2936
4626
102
2063
2777
2885
2319
4199
3299
4845
8393
553
5816
3259
5186
6443
2274
8327
409
1279
4433
7551
7834
8480
4169
3571
6191
2544
5507
851
6630
2570
4040
536
3334
4211
1297
3330
8613
894
6117
2824
4905
2191
4779
65
9943
4427
6083
8512
6650
7705
657
1566
8446
5384
6792
1622
7893
9205
6694
9775
8691
2447
8214
5823
6513
5280
9924
975
5145
8943
9713
9514
5162
1609
2645
5642
3701
4104
3628
1763
6461
6995
4200
8925
1913
2473
2089
7950
7418
9674
5436
9407
4200
6341
4132
2458
3977
8955
3551
4663
4502
5107
3366
7706
7991
1142
6403
6837
2738
1150
7921
3789
5577
4930
3314
1696
8246
9289
3909
4040
3190
1974
3556
5470
3507
306
5314
8820
7476
187
1664
4745
553
8964
7260
1353
3628
6494
933
771
6070
5252
5212
6268
1753
1647
3830
9269
3027
2436
4211
4688
5046
9511
1473
2528
1551
7895
4199
7685
5827
7583
9360
2550
9486
3176
3235
6612
7669
1960
8067
1752
8355
3138
7970
7937
6762
7288
3717
1859
6475
6045
5792
5040
5976
6975
9698
1042
7491
4732
9801
5733
2294
3248
4943
8486
5891
2661
6781
8577
8411
7217
1599
1066
4368
2459
6333
1908
1540
3535
5766
4262
4178
2339
1209
9782
1790
4320
6574
2510
3477
2193
9121
2937
2158
2334
9457
5107
8194
9483
2046
4100
506
5140
3448
9258
4445
4725
672
3517
642
7790
9501
3956
8965
5539
1555
9954
2038
5161
6696
1571
6086
4271
5100
6218
8096
8661
8907
2033
3001
1225
3714
2057
1489
1665
3756
9037
8891
1951
5336
7064
3648
3057
1867
5687
2691
5165
3972
6619
779
9502
3068
3032
2786
475
8013
6234
40
7229
1161
5783
5817
8638
515
9416
4075
7443
2467
7300
1782
2517
1063
86
9825
9631
7922
3029
2404
9412
3526
2931
4689
2288
1254
3498
8156
681
9270
1013
3651
7521
8997
1662
790
9552
1246
5009
2541
2450
1611
5247
2698
6671
4837
8261
8439
2982
3207
3155
2552
4984
3830
627
3702
8229
1094
3529
7383
7017
1260
3393
8173
1453
3648
4261
3519
9401
9296
272
8384
2913
488
9953
7801
8278
233
8017
7450
2992
5058
5174
7474
6115
8461
8667
3690
8370
7959
2560
8458
7717
7626
5523
1190
8217
7074
1244
3023
575
4742
9038
3685
2934
4770
9639
4496
3877
2825
5423
7996
3076
6078
4390
1958
6085
5919
2057
2991
4981
571
5148
1441
6736
1813
667
5286
4964
8762
9584
1204
8988
4994
6875
8250
6020
1489
4539
1344
8822
4170
9812
5545
2535
4563
5382
1638
3235
3565
5105
2298
5017
8253
8041
4
9593
7596
6948
1121
4103
4352
9532
5114
3241
4219
9007
8081
9203
6140
5938
4596
1379
712
4168
810
758
9603
8906
2172
6431
9028
2050
1398
3657
7285
6186
735
6952
6871
8656
8424
4540
3418
7241
4470
4638
4698
2303
8315
5556
7300
2435
7095
7627
508
918
4304
4084
7231
9246
9990
8690
4775
4689
5074
2301
8133
1456
5955
8032
8272
1129
2332
7483
7513
55
7960
3471
9698
6172
6060
7300
590
6616
9131
6593
4954
3771
3148
6367
1882
6650
9721
7625
8666
9734
9764
8729
2167
2168
6504
3241
6347
283
7283
6171
103
9612
113
453
2957
833
4385
1058
3186
2690
8099
8158
5557
8480
7347
4362
8307
9588
6150
1621
1407
4707
8816
7779
291
9231
1303
7530
9667
2818
952
307
9333
2960
6490
5342
3658
2695
3409
1048
2265
8662
4439
5976
1634
1605
3171
3687
4820
2142
4933
6759
4132
5662
4763
5396
795
2333
161
3726
9529
6854
1391
367
1737
7792
8825
2596
1989
2004
703
5611
6179
5101
9356
2744
267
2840
6145
8685
6059
7616
2709
7524
7885
4193
6174
3670
8197
1094
4546
1324
2534
9683
1518
5410
7271
4071
4238
3842
2779
575
1697
2815
1438
9321
579
9030
6306
2018
5128
7955
6188
1476
7666
1913
4145
3866
2481
7544
1617
5154
4399
895
7458
9379
3077
6495
3582
3945
5473
6196
8601
2302
5905
5484
5919
9893
6085
8563
3613
7144
7364
6178
5966
6591
5135
1057
2016
9605
1265
3404
1589
6694
2225
7624
6175
801
5357
2059
6243
4084
5447
2360
6545
8931
9353
3886
5570
2182
5993
4251
7781
3917
3930
4472
7790
8221
4929
866
4243
2020
4478
3977
2679
2068
4606
1906
77
8280
9308
5117
4536
4025
2320
9529
1696
5003
9632
7034
7237
1249
5486
9834
3612
7014
5623
7671
2764
7752
9834
7954
5872
4490
7816
4223
9605
1470
9681
4476
4325
7446
3808
7290
2873
875
9714
3755
1597
4401
2775
2786
8588
7894
3629
2993
6533
4644
365
5665
6445
6934
9142
2325
8445
1354
9245
45
6209
8097
9923
226
5322
5156
2708
9790
7441
8196
6961
2736
7299
1867
6074
8362
4976
7048
9366
7977
861
4822
7689
4961
1105
4015
8030
7390
8304
1483
8844
1519
1630
9669
7545
3499
4477
2549
7463
3432
5186
3838
5552
8337
7682
7628
8365
4577
860
779
7348
1397
1988
1268
9183
1387
408
4962
9120
1307
7125
5317
1486
5957
9352
5441
1106
7629
4322
2574
3885
2426
9584
5933
2791
7023
9269
9352
7278
3476
5649
3452
6530
7524
4134
7446
9531
362
485
6157
3091
9515
3428
6156
6306
9868
2351
9594
8984
2240
6522
735
255
8285
6894
4922
1813
6054
8476
2160
2118
1056
7684
5643
5657
3672
8787
3961
1823
1905
5910
744
7144
8164
9482
4370
8997
3427
9627
2923
4671
9674
367
5037
6954
4913
3197
8245
630
9212
5632
3477
1885
8325
4039
2035
1830
7784
499
2634
1080
8390
7771
7079
6330
5778
3591
2090
8802
2524
5924
8386
6426
5553
7488
2443
688
2646
8689
743
474
542
3331
2611
6273
2433
8858
8818
4125
7447
2539
1212
2928
6992
1842
6281
1903
3288
8707
1175
1321
1106
9442
8105
3287
7246
7050
6331
836
1595
1346
9184
9095
9755
2159
538
5059
5159
805
3897
6919
4772
7965
1355
9985
4711
5458
9434
3711
1207
539
7400
3939
7513
9421
9368
1100
5225
9323
9027
5382
2527
7982
2529
6100
3354
2117
3172
4833
1303
1222
6744
2482
4810
4256
6549
3141
8086
8120
8575
1787
7616
2620
9629
1056
3946
5245
1581
333
2791
9438
9833
5835
1778
8514
4392
6790
5435
5255
6630
2594
2285
4600
2407
9985
3795
4918
9129
3257
2872
6226
3013
7104
747
7239
7766
9907
8353
1473
2154
8109
536
2838
2042
1864
1388
908
703
6295
9864
9758
7705
2830
1490
5981
9502
3015
212
9643
7261
9027
6115
8323
7461
6564
6424
2728
5087
4539
747
4484
8437
3962
3101
8520
2058
9447
2558
543
8596
2886
4214
2833
3393
3113
8521
183
5614
4766
7736
4751
9694
8709
4212
3126
1993
2212
5377
5478
5439
8659
5820
6164
5548
5379
1321
3743
9729
2969
3923
54
456
9669
1046
4374
4813
3282
4930
4347
8042
6241
7114
321
6802
5996
4790
9727
9750
9974
6527
9846
4069
7080
5103
9937
7065
8050
7285
8013
1791
4778
453
2645
843
7681
4294
25
7662
9837
8313
8711
7281
1029
7435
9198
1545
5499
9361
9551
589
1594
3993
9754
6442
4077
5985
3375
4566
1109
7308
6762
5997
6916
2555
3264
5787
4468
9478
9120
1701
4764
2064
9912
1661
7816
2564
3039
9645
5904
8391
1566
8689
7733
7424
197
785
699
6203
6766
1696
919
5459
6552
2529
1550
2713
364
8474
4170
3410
7076
6021
240
7850
5824
9529
4080
8092
8625
1512
2945
3730
8661
2718
5741
8073
8264
9491
2358
2479
5088
8265
2711
7424
782
9304
5512
7382
111
5102
2199
4565
5474
2494
1314
5545
8448
9882
1600
667
6704
2606
7577
5253
8750
7188
6798
3834
6787
3476
4448
872
6115
1690
8321
8811
3309
2816
7067
6519
4017
6698
7981
3523
9312
8380
8255
6166
1403
196
9625
8381
7891
1691
5775
2481
687
7458
8673
3593
2506
1677
594
6634
653
1327
8450
3784
4172
2502
2235
5631
2814
5080
6650
5
4625
4054
5941
370
8933
631
2430
6590
3851
6067
2981
4424
5915
5839
8124
5851
4143
3474
4013
2339
6103
1347
2869
7985
9930
4471
1993
8901
7961
3993
5566
2811
5041
5769
7856
6633
1516
8303
4660
1874
9247
4004
2782
4586
8345
4026
7868
8333
4378
6384
1488
9340
1066
4310
3902
3278
1184
7955
440
4462
8637
3529
8629
9858
500
169
9382
145
7983
1490
4334
5839
8813
2138
3091
2099
8564
8283
9639
5904
6602
3660
4522
1577
2504
6226
1744
730
1866
4578
5449
3560
7863
198
3236
5718
5374
2923
4086
8176
4643
7722
349
2887
2049
5648
527
8928
1218
1803
4713
2901
8316
4535
7859
4977
9006
7052
7353
4273
8425
8652
8278
3405
6041
773
7976
8615
8901
7373
6724
5640
4196
1463
1260
8880
3310
1635
9527
6855
5699
2816
9511
63
9864
2547
5244
3327
2338
8259
6712
8322
5569
9812
9750
5990
9443
6944
6845
1275
7672
1911
26
3845
5078
9073
8704
6852
3275
8979
1666
7370
7524
498
8574
5608
9140
8215
3540
3494
5529
4649
6277
642
660
8402
70
4384
1712
5270
9436
6366
4789
8252
9183
3787
2789
5666
4984
791
3843
8391
52
3359
6593
9341
798
5071
1237
4141
6849
1228
3403
3351
5746
3022
5634
9384
3184
6676
9002
4320
5140
8004
9543
5300
2580
9272
1314
4787
2818
3474
3230
2749
9651
7137
4597
2918
4048
1318
7603
4999
3146
7570
8420
8207
2962
1438
2505
6160
8153
3405
2481
8308
1788
9522
3251
2047
3815
1293
6761
1525
3756
6450
1323
3375
7998
654
3700
8609
8425
2716
5335
1865
9072
4003
1174
7569
9584
1335
2337
1142
6766
5154
6633
9413
992
4921
960
128
3886
2549
9102
2755
4557
6077
1242
6695
6247
5045
209
2308
7737
3896
7734
5437
8070
615
9235
7785
8348
5681
2463
2480
8955
5618
4759
8602
9816
1909
2382
3076
9693
3571
4722
5876
3613
2579
7307
2994
2760
4478
1321
4539
1126
29
3404
2870
7420
1196
1343
376
5686
3175
1780
8204
86
6622
3800
8939
1318
2640
6878
4337
2662
7133
2615
4165
9173
1858
1823
5490
3308
6241
5024
3869
4360
7923
1354
8925
2213
1888
1181
8620
566
2005
7390
6517
1791
6518
5789
6991
8779
8368
1675
120
7599
6983
1876
3992
7414
9238
3696
5561
9373
5852
7068
9444
8150
7911
3843
2162
5267
4874
6725
9429
1458
8258
3771
657
9742
6097
2374
2654
6068
4831
6711
4939
4565
4904
6269
7376
6047
7361
1511
2974
8192
5620
9246
4714
4936
7945
8366
3879
2674
3627
1724
3904
1642
2245
8662
9341
3212
1219
4250
1317
6864
1042
9493
4542
9140
2128
4879
3246
1642
6467
6115
7906
3363
3751
1237
5838
9011
9056
5720
1797
7730
8494
9979
2441
3107
2807
3297
2319
6241
6927
4163
4827
3111
193
6110
7149
6127
4704
5573
2807
3065
5120
2237
6207
7511
3817
540
7891
1007
2824
329
4155
5499
2452
3587
8369
1062
7051
1435
6333
8831
2560
7004
4714
2303
1288
4795
3170
7640
4087
9710
4307
3483
2912
8731
2609
6256
3772
4930
9289
2267
5406
1311
3417
6598
8
9328
658
6606
7741
6087
9075
3269
9239
3976
505
8115
7523
3903
6223
9022
7370
250
6920
3113
6021
672
2586
3720
977
2112
7289
2121
2145
4066
3424
1248
3586
8115
2295
1960
4136
6563
9898
8000
635
1038
4243
8935
8226
4494
8732
9868
8707
267
4897
5155
4391
304
576
9335
6741
6938
5629
5628
8797
6954
1123
5173
551
9256
4528
9408
1607
4263
4885
806
352
8919
2478
4983
6428
3650
5494
6482
3379
7420
3414
1878
9169
8269
6857
3282
7539
2960
5218
7198
934
4270
9202
3680
9915
9069
8383
8969
9965
9324
8261
4444
5381
4090
4803
5471
7826
5592
2906
3090
1444
9146
2249
1377
3540
9244
6004
2282
2399
1246
1868
8647
9044
7686
9872
6082
9717
8797
5068
7358
5266
6524
6516
4054
9159
8970
6496
5078
3465
1385
5455
1946
53
2128
5754
1787
2020
7825
139
670
3065
6101
6570
8719
7456
9613
5399
7695
4218
8721
5754
9028
524
5547
7823
4919
2629
8194
2217
4570
2748
925
8816
1013
5790
9922
8594
6916
1932
8084
4061
1892
8657
4397
4293
9165
9953
7797
6598
9546
3570
8801
860
4744
5631
6426
1421
4505
4304
834
9157
3826
5608
5569
7922
2140
7284
5556
2929
7533
1018
8483
5763
6134
4660
3862
371
6127
1254
8658
4966
4832
1596
2670
1000
3947
65
4072
5382
9363
8500
4088
2611
1097
8926
235
6284
3088
6475
2152
1881
4396
4867
9064
8527
5086
3038
4725
84
1769
6055
5294
3251
5646
5868
4324
2230
2937
4569
3975
2074
3212
174
3565
9033
6930
5871
4665
7207
4424
7577
7282
9651
9101
6777
569
9964
2531
4143
5913
908
5339
3987
3612
3308
3206
837
6965
5229
4601
8004
3346
8519
2500
77
8668
4221
1302
31
1597
9214
8372
7518
5659
4191
8772
5642
4149
8869
5298
4359
9698
8794
8655
3066
6735
9224
6562
257
5826
6092
8906
9436
2605
6420
4231
8763
7150
9024
8108
6347
8662
2499
2545
6698
2536
7821
8328
9421
4535
7563
6688
8096
9930
242
8306
4552
9863
9434
3342
9444
7659
1045
4204
5504
308
8936
4912
9239
9960
8
8491
5125
760
8951
5697
7198
6248
1957
530
8914
896
7141
5721
8263
9404
810
9506
2363
8113
9678
8900
7716
5681
8664
8688
7616
8295
7041
6389
3599
2908
9088
9460
4526
9071
1562
7335
979
4544
1107
8304
7906
8904
4428
8547
518
5324
5941
6099
9498
9430
2549
1125
281
1108
775
9443
2096
262
8080
8903
9206
5567
6930
6005
1807
7680
1194
9192
7842
3474
8526
7818
7006
1374
994
8812
1253
116
8170
2292
2354
942
6891
4169
359
7963
9179
3418
8296
2119
5238
716
6464
2204
9097
2338
1974
8422
6740
2837
4129
6749
8257
6023
903
4730
4119
8906
114
1963
8190
1980
2092
5787
6549
8264
8676
2760
5646
3844
8500
7775
896
5723
8236
7810
1354
4802
2277
8655
6838
2830
3375
5332
8162
5605
2685
867
3265
5628
3843
272
3304
6332
3928
3258
8623
676
5654
833
3662
9213
2776
2896
4337
6354
5853
2534
7787
3093
3376
9316
6629
1458
5125
5359
8604
6760
7624
944
5578
7808
9495
18
0
8227
4471
4563
1794
4977
9186
677
9147
1443
4993
7625
54
479
995
1808
9752
150
3080
172
2252
4527
3643
1845
1207
8569
4653
1863
3052
4710
5254
5853
9718
2758
2896
6109
1882
1289
739
2809
3906
2698
169
5185
6464
7500
5305
8125
5765
5815
1192
5428
4728
9322
7765
5473
4584
2625
3355
3225
324
7323
7625
4436
6189
9139
7906
7296
7583
4885
9926
8462
9411
270
6265
9553
4357
8457
5381
3707
3263
6527
6097
7236
3518
9826
1125
395
4992
7422
1525
9257
7934
7514
2485
6583
5072
5732
8996
7325
9593
8009
542
879
5889
2729
6017
4457
3056
8212
1115
6126
7244
9647
9961
3796
1225
389
917
6362
8013
7511
2304
160
3360
669
527
1896
7785
9682
4480
8624
9461
8055
4114
5254
5985
5217
1346
788
3809
6668
7339
6779
6307
5398
2012
8286
7553
8688
5358
4683
4814
2633
9311
2081
5704
382
7519
5220
2201
4120
6672
3374
3731
2490
6665
9188
5533
4706
7811
6007
9042
129
2553
1345
172
5524
3852
7962
8656
2241
4343
9096
4324
9797
3809
6827
8743
2032
9549
5602
7698
6126
8586
9688
9995
3964
3048
3816
8733
2823
2753
2846
876
9350
5640
4685
80
7966
1909
180
6529
9556
6564
9960
9777
7576
9050
3933
8680
9837
445
3500
5156
2209
8309
2916
1542
2864
1350
6207
2475
36
9228
5832
9488
1496
8219
4973
4156
9124
6746
777
123
9369
9072
8141
9562
8626
9910
2419
4914
9114
5135
8895
2378
9253
7689
8667
1041
2724
3143
7216
6616
5702
7704
6493
328
731
472
8281
9356
4076
9777
9556
3091
9668
3376
5787
3136
167
3353
2915
2953
8930
1293
3360
4900
333
3454
235
3807
9552
3932
1431
5981
9530
4160
4421
1664
2578
7813
8830
8153
1629
3062
837
9337
5579
5803
2710
5876
1902
5531
874
9370
227
4262
7685
4409
4343
1593
9994
7277
237
4474
9804
144
8345
3575
3560
5507
8955
4122
557
2353
4523
4762
1323
5868
455
4023
9321
4529
743
4358
1904
4020
3058
2061
5753
5268
6475
11
7320
985
7819
1553
7916
7155
3258
693
992
2003
2243
7202
6920
7779
4973
8520
4847
5465
2938
1817
3953
320
2271
5464
6533
5878
2569
5783
7086
6284
7821
8292
9031
8944
6802
9571
4534
2970
6845
4167
2609
9762
3031
7317
2286
3541
7438
4125
9047
4537
7213
288
2329
4658
6058
7000
8713
2354
5019
2038
4586
7474
3606
4707
4181
3950
8171
7976
977
5401
3986
1877
