1633
1396
3927
7179
2203
2853
2493
9176
145
3514
1091
4260
2537
1224
7624
4409
8430
5247
2825
7671
9755
4680
8680
5761
315
8719
2721
6920
4273
6938
2167
3428
3969
2169
161
6068
1616
3283
6435
5133
8404
7728
6522
1176
4000
1364
6549
5416
3273
7512
1653
3284
7259
5547
8563
6952
2715
8166
6864
3484
131
5573
4902
3206
1347
7663
290
368
1063
1555
2793
5147
8812
7691
9266
2026
8157
7503
1760
8950
2169
7305
3646
6761
5284
8882
6168
8422
3605
3208
3352
3450
6418
2951
5001
2831
2826
3315
9829
6337
1073
6181
4352
1717
4719
6506
4472
9567
6280
6537
8794
5212
6406
7913
1314
2826
1926
8140
7922
2464
1494
1868
6763
7855
8202
9342
8728
5860
2689
6435
9199
4842
7673
5423
7877
5988
2952
1929
2042
8778
4409
6600
2142
7067
4413
8140
7044
8504
1637
2175
904
4685
5393
7365
4842
9204
9418
6497
3514
5376
7778
8612
6878
9844
7337
3952
7538
982
36
5326
9874
9997
6098
9144
8054
4893
9726
9695
3441
62
2298
223
4223
514
5530
4513
9448
308
580
8672
6570
6454
8414
6665
999
5797
9722
2297
9729
460
601
6061
8468
6310
2300
907
8587
6249
9310
9949
9478
9722
3055
3452
3078
7555
4388
6363
4313
2823
4503
7230
402
1363
8756
3419
1583
9433
8144
2256
5171
7428
9965
2981
9461
6237
1754
7912
8214
4623
5926
3199
998
630
9194
6847
3399
4961
3587
3444
1409
3359
7984
6905
5956
3371
5658
7104
7554
8881
9324
9154
8104
7054
4777
2049
9756
74
3991
6840
5800
6475
8149
9689
6897
1304
6232
9771
2169
1908
19
6621
5845
4700
847
1811
9443
3060
7024
6089
578
4650
358
9332
5299
6772
5094
3943
5852
7144
7091
3325
970
6746
7644
4933
5209
8294
8
4652
7139
5886
4935
5645
8861
2703
3308
3404
6206
2966
2605
6696
3050
7901
6262
1149
6116
8816
4390
124
6209
2288
3918
5024
4817
6694
5650
9098
7055
5913
6601
1149
3051
2371
8950
4692
9714
4713
471
2595
3463
1690
7737
2886
4538
394
274
3069
484
6494
8816
6393
3904
9883
8442
4851
1967
9910
827
2166
7052
4209
6348
293
6364
1456
3644
678
8950
1569
1435
1403
8345
1794
6661
4519
4551
1031
486
4423
6420
2580
8614
561
7096
208
7245
3168
3928
4099
2724
9803
3885
8304
5542
9253
5341
7443
6522
3081
6749
9596
4118
8914
5059
7413
8048
2109
3222
3923
299
935
9424
6404
5746
4472
5595
5787
3197
6155
4211
476
6749
4851
8845
1631
7518
40
6251
7407
9178
7107
4509
7404
7673
6823
8462
9699
5502
9683
2160
5135
9946
5
3799
1788
379
7481
2558
1070
3657
9553
4246
367
8870
6273
2846
9266
69
3427
9895
8007
5857
5814
4744
3192
6426
2020
8730
8922
6009
5896
285
3514
3995
9076
530
6743
1052
7056
1251
36
7482
5180
3749
9624
2861
4141
8534
1400
3976
9195
9630
2074
9787
4152
9277
4131
5261
607
5361
8358
8750
3635
5061
7761
9268
732
6372
9793
5743
6102
8214
3012
2176
9858
525
676
2064
5119
331
2284
3486
7330
4945
6813
6265
8211
3726
9842
9798
6398
1482
445
1694
2893
1286
3846
119
5987
356
2129
7769
8740
5657
7874
981
6618
9898
9929
3627
8600
2067
141
275
3077
4872
1419
8690
8247
1496
1056
7005
6529
9995
9344
4620
7769
1317
9282
8571
6679
557
6076
4762
8201
4515
4745
1673
7071
5832
9647
8313
3797
6214
1197
4330
1341
169
8617
8020
9867
5156
1872
4491
9299
5123
1239
8745
6312
3253
3212
5300
615
1357
6948
8043
5990
5378
2074
8562
127
9745
1618
2414
1848
2743
3208
314
8797
5014
3279
7599
2699
1262
8704
1523
8684
1585
5463
3078
3275
6000
5361
3817
2620
4346
7697
2439
9266
3154
8340
5962
8095
55
7893
121
3537
9457
2643
6555
1914
924
9947
1297
9974
5612
2601
9352
2652
5425
9358
4405
9915
8995
5286
4126
4384
7800
9794
7501
5046
769
1048
5643
6673
7316
9504
2644
3369
8583
7985
9227
8942
8907
1164
2350
6052
4063
3843
7007
1745
8345
9786
3841
3795
3935
6047
9100
4768
3766
5737
5736
9663
5141
1509
1145
9876
4304
4624
2658
6108
9957
5983
4069
7439
131
5462
1007
7830
2936
8073
320
3957
2786
5756
6700
982
7206
1847
2737
1268
404
7875
9602
2845
2248
9563
3800
7397
19
2473
1748
9439
1184
899
1788
2362
5716
6401
3664
8472
5039
1269
1832
5693
5417
1779
6877
9385
4808
162
2669
2456
1886
1389
5703
2081
6380
1224
5191
567
1662
3609
7811
463
6324
881
2772
1886
3967
4338
5265
804
8183
4265
6228
9134
6043
3909
7428
468
2686
4415
2588
9856
9803
9292
7552
9794
5195
9706
5981
4492
1210
3097
6810
1430
3458
1369
9368
4536
9006
4990
5417
470
4896
1865
4273
7621
5161
6569
6038
2471
3795
4722
7880
7246
1021
7954
659
7032
3328
2978
6690
4260
8357
773
9594
5086
7455
4798
5676
4674
4540
2892
1462
7695
8997
2118
4960
7938
5019
9931
4633
8626
3668
3509
696
6487
5216
9563
408
5503
709
2336
1207
6028
8300
1157
2112
4123
2270
9186
166
362
892
1364
7931
903
3260
185
8249
8902
2994
2720
2013
3397
8344
8063
592
4847
77
3106
9870
7891
4389
173
3964
2204
1685
5433
9395
7839
5
837
5668
5832
9764
4270
7734
2303
5578
9792
3227
5031
1313
1506
2508
7988
323
7809
7684
236
565
7265
4045
9163
9316
2274
5973
719
7400
5726
9218
7826
789
409
8896
2157
7052
6180
3632
4073
329
8288
9269
284
9878
4838
6577
2883
7664
5975
1881
3875
7749
9158
7274
2740
6791
6504
6515
7490
8297
7014
4903
9851
574
5401
4241
904
2610
351
936
4142
4176
3610
9906
2276
7995
3761
9285
4477
5696
3090
3054
1424
3845
5343
77
1631
3134
6155
5366
548
9664
6142
5776
3314
3385
9417
9709
4477
597
5673
272
7313
5039
7738
9698
4139
9251
4998
4744
3029
7218
2037
1793
5207
3960
3478
6006
5231
5323
2610
7769
6454
4984
387
4477
8034
7833
6592
8891
8578
4052
4807
3880
23
2817
5741
6385
6106
5644
5937
2379
8136
1411
2337
3329
7626
4349
569
9354
9906
3410
4478
9153
7987
7903
3818
2328
4652
3261
1664
6305
2659
6107
6166
8977
2411
8157
1770
2390
8219
7093
9899
9587
9386
231
9633
5043
2647
7057
6850
3684
7264
7237
8985
5167
9574
5653
5892
2119
8998
3412
1732
2845
3979
9632
9719
2029
5245
3360
918
9469
2579
8178
1135
2812
3510
4891
9767
7756
8270
8775
9681
7594
6410
7979
9040
5422
7121
998
9402
6757
2264
9650
3391
4807
5361
7054
5607
9754
511
7604
9798
9287
6138
7381
1105
9085
6102
6172
1656
4682
5885
8136
3849
222
3730
4137
6434
6000
591
4297
4907
4247
3957
4160
7204
2928
4787
6328
7451
6456
9283
13
7244
665
8977
394
1456
9029
6873
9955
9319
948
9341
4720
872
4128
5800
3169
1076
1223
619
9607
