3205
1445
4617
2153
5408
8854
9899
3420
6203
4904
2358
4184
7098
3216
2458
4568
1293
4421
9226
8317
7206
224
1703
8180
9803
2649
3831
197
9983
8100
4697
849
2630
5990
5856
7011
6177
1979
4183
8852
4633
7400
1659
2665
125
9779
617
6562
3949
7090
7644
256
2636
3630
4988
2981
9741
6436
2349
2759
5022
9701
3436
8103
206
1509
1553
1108
7360
5447
8391
9314
238
373
3683
9806
8564
9038
8054
24
2031
7269
6248
2893
455
4440
8212
9000
1002
2875
7269
9740
9629
1424
3830
4932
3963
3556
2458
8615
8225
9509
9201
8502
8698
8330
18
2262
9946
5182
4416
702
8382
2325
727
7752
3453
543
7647
5765
3297
2553
105
4484
8177
8651
9684
8813
6543
8751
5842
5008
6580
9438
1798
2522
8067
7746
4194
2124
4422
5949
9054
5819
8458
6566
1357
7304
696
6077
1478
3420
5908
6692
5318
5672
9403
4716
324
46
8646
1204
5719
1194
9340
9408
4122
8943
526
8205
9684
5707
6348
5523
1343
7347
3499
4286
6026
1610
7294
2379
8117
465
7273
2421
9100
9887
4120
6126
3118
3351
7421
4148
3478
3218
230
7859
6479
9049
2444
2414
6778
2490
6393
5770
7071
384
5348
7970
2173
5117
8690
8714
2752
6266
3086
5253
3921
6918
308
4234
4823
4399
5086
6333
8286
2200
2045
8124
7117
5639
7806
6977
9166
4879
5601
5626
4072
1502
5350
8715
4539
6149
3953
8001
4660
8707
1396
7211
131
4976
3937
9561
8741
8209
7591
2378
7404
59
7484
4871
8339
7223
853
6533
7310
1713
9547
7872
664
7460
1181
2418
1568
1592
9695
8673
446
7085
1672
9578
804
4833
7993
2140
1702
8245
8235
956
7288
3223
8222
4012
4018
478
375
7315
5295
7420
690
2947
9159
3523
6547
2671
3795
1518
7992
7148
8513
8917
1931
318
8387
7905
4067
3506
9230
8713
4830
9065
3477
8590
584
7440
9237
7168
8400
1089
1217
2380
3378
3026
6394
8724
419
7280
8286
5322
8344
183
252
1086
2443
8371
1291
7903
5624
6112
6411
6869
8084
6582
2589
1624
9470
568
2939
9106
3433
6626
3118
6903
5931
6133
5538
8905
3924
9663
7486
6786
5219
3908
368
4647
8813
2390
6147
2212
6149
1333
1544
2288
4677
4347
4296
6795
436
4770
9254
9850
4340
9180
1888
1717
7065
3349
5155
6309
2832
2386
3979
5961
8625
9625
1649
4176
6214
7942
2811
7079
4420
726
2957
2099
5082
829
2225
1583
1837
8742
8469
9153
408
7635
2445
6039
2019
8650
7582
5464
7234
9837
9380
3762
7354
5582
3662
5052
2697
119
581
2494
1959
2174
5430
3614
6223
9788
6635
6235
1123
3571
4472
4089
3916
4825
5552
990
7179
5610
2156
7563
359
7346
9844
4582
1346
9194
4745
9500
7167
7172
8885
1717
8161
5974
7194
8234
2205
8831
9816
2231
2015
1347
4340
3663
5364
5290
9846
2528
29
2672
7873
7087
7963
3017
2134
4612
2329
847
2267
7029
5043
7134
9068
3951
4685
2755
5928
7941
7630
7318
8784
8348
5794
9925
5548
9012
3006
6181
9218
6055
9347
2216
9471
4494
9298
1798
3753
5143
3839
2582
5904
1358
6563
2787
7187
4880
2278
388
8977
2609
9362
1904
4897
2710
3888
9525
1292
8038
7469
3122
1606
6147
1629
6212
7681
2826
7663
4573
4652
2887
9002
785
4102
5048
1413
7425
1784
3007
2737
668
6733
2617
7204
6609
6692
7443
7319
6760
606
9773
505
5714
7674
717
976
9756
9729
350
5105
4360
7217
7705
5736
6089
3606
8577
7802
9849
1296
6462
7740
8285
5301
6800
6389
8988
8943
5020
9519
237
5507
902
3967
4879
2381
3287
3110
3384
4072
1656
7696
1433
7901
8376
3450
9028
6881
1114
3002
8115
9641
7469
5463
4144
2032
2220
413
873
4328
1987
813
4709
831
4868
8853
6314
3737
856
3708
318
5466
4417
5777
9640
8765
6307
383
6924
3350
7360
2107
7828
2017
1404
595
8037
5439
9823
2847
160
2874
2237
9056
2084
842
2987
602
3032
9523
7135
5290
6024
7406
2683
2648
5224
1692
5823
5378
5725
1836
3488
7522
6967
9879
2985
2691
9426
4272
815
875
3914
8008
3548
7444
3228
5361
3692
8797
5778
5704
7350
7401
6214
2070
6082
422
9333
8755
5371
6345
9615
4444
7122
8324
9386
4714
2088
2205
7857
295
1175
8760
8707
6260
1375
8015
3857
5239
9420
9862
8000
7026
9600
20
4485
6086
1308
4897
3796
2563
3357
671
8901
4470
1259
9470
886
5224
8058
8513
3273
1487
940
5482
4528
8590
8694
9953
694
8066
6564
4094
9335
5508
8344
2589
4843
7101
3838
3299
3406
7191
8408
5293
6937
504
9858
4237
5000
1904
7129
8633
7181
906
6589
6513
6085
4117
5491
5894
7392
1354
4202
5729
5999
9263
1335
3392
6125
8669
4626
3784
1385
4758
5107
6081
3078
5646
8544
4024
8732
4456
4952
8790
937
7930
6913
8429
8919
1831
6504
726
1610
7943
5906
2051
2989
2678
9294
7674
9168
6465
8111
6331
7278
3344
7247
2422
5798
507
3434
439
5572
1466
7162
2935
6401
5412
4792
8068
2349
2906
4473
4294
2165
3900
2174
3442
8851
3056
3092
400
6352
870
4856
2266
6345
8621
1511
7593
682
4491
2630
8411
8397
6064
5153
143
781
2971
5649
7576
7886
1225
5324
6261
1992
3817
4165
3377
1170
3805
3570
2742
7414
3033
4086
4702
6610
4895
6590
7780
3900
7198
7386
7858
276
6061
5897
6100
8747
2030
2661
5880
7406
5515
2514
5126
5545
8594
274
2528
4456
8134
6423
6876
920
9888
996
5363
1977
450
3533
5885
6380
7869
3676
687
3839
7465
5985
5930
7919
8064
4629
9139
1144
7689
5336
1898
519
8959
9157
8015
4620
4062
3324
5766
775
509
6937
387
5065
533
4122
8297
8497
6775
9499
9536
1839
1826
1287
8079
2609
4344
4608
6391
3504
7283
5732
3231
4551
9097
4843
3017
1293
5517
1265
2318
4545
7910
9911
3329
528
5597
864
7385
3941
6332
642
4369
8189
5799
59
8692
7672
1077
5406
275
9453
6932
2261
3492
4777
3706
5836
5967
5689
1105
7003
2979
5509
7180
4991
3928
1915
7958
7551
7011
3479
7222
2449
7171
6640
1362
5041
8752
9038
6151
5345
215
111
989
2865
7612
5648
6419
8552
6821
9761
4897
1696
2836
9329
7663
8859
1009
808
6130
6777
9713
3526
8394
6796
2231
4483
5090
6851
3414
8665
7083
6929
9538
5759
6787
2867
4520
4315
7378
8280
5496
9405
729
7250
8582
5526
9612
7842
8977
2503
4032
7944
2907
9374
5632
6689
1717
4193
633
3129
558
9567
5137
8156
2677
7968
2157
7077
2541
4795
4339
6693
3429
7850
1280
307
2796
1143
8213
6704
4870
7247
7873
911
4632
9139
4021
164
127
98
1150
327
3681
4249
7721
5928
4267
2573
4573
613
3368
2535
5301
4182
8163
7338
4515
5057
8093
5324
3893
573
5979
3929
8258
3310
1694
4226
3523
3537
3947
1993
6950
2443
3644
4011
3011
9179
129
5352
6040
222
6570
7599
3335
2335
1946
3690
2747
7293
4624
8964
2071
4803
6204
576
4347
9752
5991
4410
4234
41
9049
1035
6666
1375
5584
2858
537
4151
4327
5335
4927
2740
9283
3670
4003
8379
593
5923
1364
8003
1479
6229
8913
4982
9922
2147
6238
3068
9664
3259
3187
5718
1117
5998
1172
5535
933
1960
6750
9088
3153
8595
2966
9288
4036
9330
5519
2533
6573
5968
9159
68
3046
6231
8562
2820
2121
1684
1453
3437
6619
7469
4487
1068
2148
9209
1623
3285
2497
8467
7446
8633
9172
2275
4849
2883
3262
9624
946
592
6627
3705
6494
3695
4100
3119
2672
4885
7436
8352
3413
9248
506
3312
2468
5683
4107
1898
7140
4827
7706
2234
35
8106
8522
525
895
770
1381
5678
9557
2497
738
861
6809
2914
975
791
6967
9028
6536
6737
5848
4145
5053
8197
8126
5860
9807
9166
8775
1364
2483
6118
2885
4393
3669
8388
5173
3574
2223
1902
3504
1758
8795
916
8510
9645
6502
9554
4708
3316
4930
8112
8290
969
6385
5890
3052
324
2398
5035
963
2215
6902
8193
13
4619
7976
2416
9244
2586
5618
3393
6804
4634
3233
4090
5349
4137
9686
8481
9357
252
4457
5459
6433
4371
7828
1915
8007
7779
5336
4849
1175
7188
938
1288
4855
602
902
3891
1668
4086
309
2121
7697
1537
1307
3655
7736
2295
540
8914
638
3917
5677
710
7758
1443
1760
5642
6791
6060
4408
1465
7250
769
2217
9616
3695
1944
9235
4747
3235
5795
6812
5271
9943
2335
7761
4895
3064
4172
4179
5711
7238
6421
4210
7258
1511
228
3530
3411
8842
5260
7099
5608
9677
8844
4871
6928
9319
1691
9960
5791
3060
5793
5678
4842
7104
405
767
5422
3681
6864
2577
2619
1880
8696
4227
828
6558
4958
8104
3467
8414
5823
5905
7975
8695
1204
5594
1099
7464
832
5575
1373
4211
8387
2651
1445
743
9368
154
1106
9460
8107
9730
1977
2682
4480
3727
980
4617
4042
370
4361
3586
6492
7376
7237
9887
7703
6147
5900
4810
9668
7958
2848
1288
1204
8407
3492
6045
2781
85
7190
4804
6997
4006
306
6093
3927
5292
4214
7476
4613
6482
3421
462
1214
7786
7719
1010
5414
1557
3039
3220
4254
6295
9792
149
6881
689
1478
6072
235
4935
1835
3956
3180
9556
6589
2486
7070
1143
5959
2411
1932
8423
197
3186
4536
2386
74
3417
688
2481
630
1223
7046
3969
549
702
4214
157
9212
3238
3813
8142
7241
9678
4646
9464
7281
1657
1197
5233
3940
4270
5597
628
1288
5830
6098
6606
5612
4494
614
8060
5384
7753
4304
611
6910
9210
9007
5886
8272
6912
1931
2721
8597
3790
1182
519
8539
5071
5104
8416
2220
5455
8540
6360
5625
6417
2681
4719
4603
7607
4544
4717
2623
5753
2757
9487
5373
4035
2554
8071
2650
5310
6960
7028
2339
2876
2030
7497
4647
5579
8066
541
9390
2198
5840
9929
9212
7944
4985
492
6529
4287
1282
664
2367
7214
97
2844
1032
1694
5145
4504
2517
7033
5766
6909
8494
1512
4021
2749
4387
5183
71
9024
9541
4003
5327
425
9912
2828
275
7429
9049
2061
1541
8363
4027
6296
4660
5124
2779
9186
6465
2952
433
3561
8024
2356
6431
8930
1434
7700
3923
2236
6105
1346
4215
2258
1122
8364
1887
9671
2931
8204
1419
7716
5455
455
5492
7403
2881
2197
6851
8896
9969
5200
8717
7118
8591
5979
5978
2970
3993
981
1393
2575
3505
6812
5955
195
4147
1769
5173
6296
3237
3108
6255
8261
1533
2716
8106
7568
6864
9028
6049
9236
848
5026
2267
905
2628
7096
3666
5142
2385
8916
5677
1950
6810
8843
4211
8642
4499
5296
3255
1112
7023
555
5658
6861
8944
456
5585
5875
7873
8410
6105
4965
4932
2157
1727
8478
4545
5050
7566
7050
8102
30
3910
4320
7430
4305
1451
2690
8505
9464
3068
1567
5773
4936
2212
292
9368
5405
1960
2171
1511
7791
7269
3975
2811
712
7017
4652
7116
5732
4096
9449
7729
6205
3009
6992
6645
1337
9430
4639
9005
2894
7369
8408
5342
4537
9191
9995
9944
1434
9110
9139
3089
5395
5538
311
2761
9935
1509
6718
7287
6798
5573
2773
5367
3619
3838
9567
1926
5220
3647
8030
5975
7320
3166
8616
422
8860
8633
8274
1520
7021
4708
5682
6621
4956
6359
2334
666
2698
4231
6709
9828
2712
7352
2206
7321
4596
3040
1722
699
9624
8069
4724
7786
1080
3164
5769
2228
6921
9888
3900
1302
3234
5197
265
2089
9891
6151
411
7259
1503
8901
9228
988
6937
8201
3262
9968
959
1295
5825
5819
6910
7574
1896
8952
9984
7895
5541
1791
590
105
3744
2809
331
5407
6593
7515
7086
117
7429
8444
2629
4463
9195
722
8840
3735
848
2878
9902
5801
1269
5626
4063
8080
4392
5660
3300
1313
2104
1995
610
8619
6668
1397
5157
6418
656
1530
1607
5747
2881
842
3866
7381
3190
2446
8378
1174
111
6248
7046
2662
1889
4789
8836
8118
8746
2251
1015
933
4214
5773
8012
5433
7833
4009
7794
7798
5565
2422
3079
9318
1271
4155
2919
427
1759
6681
4889
1945
7281
2126
1201
5855
4948
7948
6730
1879
2561
7038
7672
8405
514
673
1532
7107
2829
8432
9547
9180
4651
580
5608
7689
3169
7728
1390
7734
1869
8409
6358
2064
7361
9069
3652
2087
4572
2156
484
9885
7279
5915
5237
8526
4749
4673
8804
597
2622
5812
7598
3327
7134
5709
7293
6700
6518
3511
2686
7220
6557
8996
9
4151
680
5607
1043
1444
7021
9445
2535
672
7947
9662
1901
8736
5343
7082
2939
8496
8923
793
5111
6057
811
3031
4930
1652
1776
6951
5569
1060
9470
3264
3327
8282
5905
1085
7846
9142
3629
7359
3575
3176
3276
6925
5380
7472
3808
8557
1357
9436
572
4190
8296
5764
3884
3952
3340
7649
677
9391
9668
69
3876
1474
1202
4683
6334
3618
2831
4258
9235
3797
4866
1563
7217
1935
2780
3885
7650
7457
7844
3218
5594
6132
488
5280
4967
7563
4398
1952
7744
197
8464
4237
7691
3506
9300
1802
5723
697
1137
189
5726
7099
200
6774
9323
6733
8546
1949
1171
9455
9998
3219
1547
6449
4475
7743
985
5921
9715
8771
9219
878
6513
9038
5332
628
3872
3711
2634
978
8162
6953
6320
7654
7492
8495
5932
3713
5956
8234
9017
2448
780
8289
198
5245
2690
1241
9030
1556
816
9801
981
2366
969
4847
585
1161
1442
8695
2860
4834
9314
193
1292
3044
6899
3893
8957
5979
1810
7271
9965
1481
9754
6770
97
8224
8839
87
7938
2630
4680
1077
161
8361
5972
3954
6684
2645
7909
4770
2271
7260
5373
4182
3134
587
6996
7154
8345
8796
2284
3051
9746
3544
9835
9500
2612
4199
4749
2361
2321
1354
757
230
154
8236
31
2931
7071
2944
7208
6311
8069
7040
5000
2704
6107
5571
3636
9510
1227
1685
1741
9141
345
1629
1331
6617
8525
6472
1342
2485
7895
5548
2448
917
6503
5143
4028
4897
555
4065
82
5400
1587
5972
4981
2706
8544
7131
3392
7040
562
5239
1133
636
9612
1616
9884
8524
6905
3414
4406
599
1602
4723
8416
2520
4591
4082
6201
963
1543
8739
8954
7162
1602
6340
7553
4372
6647
8625
8072
1393
3080
4302
1923
2655
4415
1812
1304
4887
5259
5503
7991
7140
9658
9483
3798
6864
7556
2460
8114
4461
930
2428
5496
1822
6284
3971
9033
3271
4062
5511
1876
8279
5342
3012
7519
7300
2800
5760
8105
2778
2778
1313
5704
6040
747
1813
7503
2119
2542
688
6816
4187
510
3610
463
651
8805
100
6370
443
2778
8033
824
9748
3626
9712
1798
6646
1963
6497
4063
1796
4354
5335
1683
9616
6724
9456
1074
4471
6468
6914
728
3373
8694
7689
7768
1731
2549
6867
8495
2700
9389
7662
0
4744
489
5955
2413
1035
15
856
155
6045
6625
5020
9832
5174
1927
847
3927
9349
9025
1899
3975
5864
7304
7450
1053
5937
1943
67
4097
5096
8002
1363
2406
6692
5335
6938
9126
768
7042
39
4456
5611
6758
4682
6748
3674
7856
2593
9803
1702
2940
9145
3674
7489
3686
4136
7440
3039
4902
6476
9092
9947
6759
5059
8043
5261
2613
3140
9839
4988
1720
3158
2307
8986
7443
8364
9105
2621
701
7378
8080
9349
263
2395
2155
8856
7688
4917
3005
1199
9498
6087
5865
566
947
4508
8851
1698
6639
1486
1061
4716
2754
4815
9982
9781
6838
4688
45
5322
5030
4819
2337
7524
8395
9742
9683
4364
2904
9186
7573
7696
134
8639
5490
5632
7292
1740
8038
2934
9512
7407
5981
9214
6316
3363
6595
5448
2413
2373
2018
3000
4871
7683
6169
4678
3750
8341
2170
1204
4824
4487
8794
7452
3913
3365
4582
4114
9325
4349
2489
5097
6649
7111
5809
7623
8837
3122
1207
5032
3147
4235
1951
530
7168
4572
2824
2451
2470
811
1881
8950
9570
6833
8110
5025
8612
8529
5300
2951
8780
2480
6122
8063
9884
6920
6350
7760
1873
8546
5841
627
7134
7137
8057
588
2535
8263
284
9341
540
2131
1643
8513
2467
3538
5527
9816
9000
784
9010
307
7821
8256
6251
667
8112
3887
646
247
8222
5064
578
3924
4969
1254
1816
2432
8776
7521
2490
348
8244
5959
2410
6649
836
7609
5595
6346
1393
6534
8759
1089
9535
5533
2806
8878
886
7390
2475
8647
7617
37
1118
5476
1553
7719
3544
1213
1721
3094
1039
1479
8294
8662
2063
1861
5845
9602
9830
503
8292
4300
8853
1687
6305
9489
4388
9435
8448
2937
1546
1385
5045
3842
2730
8207
4840
6934
5096
3116
4064
4381
4624
8298
5494
7279
2794
873
3470
944
3032
1283
7559
1972
355
3317
1183
9431
9170
2064
3330
4108
2765
8784
1548
9654
6434
4451
5931
3855
7020
8911
4506
6713
6438
3910
9676
554
6193
9025
6694
3515
5964
7503
9904
262
3825
3073
3486
9413
7023
5409
7763
3032
9785
9956
1616
5840
6750
5840
845
8343
4942
9614
3923
4121
6777
846
5533
6444
3641
629
3237
144
5370
9815
8143
5261
8879
1285
5828
3361
964
6517
6832
1610
1147
1474
6928
6482
2294
3835
3804
352
8180
8351
8572
6350
3580
5783
3485
2979
7539
7042
5772
6394
2171
7618
7662
9970
1812
6354
6960
5464
12
7483
7378
8424
2782
2312
2973
5303
3918
9050
4150
9805
6824
2885
1963
7018
1242
1793
1681
3095
7800
2848
5821
3922
744
437
9438
3529
3812
6957
4669
5939
6875
8340
340
697
972
148
3567
1267
2809
8182
9061
8488
2891
5967
9570
9286
5654
643
8727
19
4673
3865
7663
7163
1661
3455
7679
2345
2873
9444
1491
6960
4381
8211
2930
8484
2545
1266
6046
1094
8226
413
286
9618
3786
7332
1031
4777
867
152
7874
3169
8230
4650
1265
3010
676
3176
9035
7517
2468
1221
8393
3365
6690
2101
4107
4679
3037
1085
6741
4388
4596
7632
1792
4259
3578
8044
3377
4328
2423
2902
1478
2721
1569
8321
8729
9731
6946
9920
7807
9368
2230
8529
8626
7004
2019
6920
2927
1685
3225
6352
1739
9781
3410
3486
8572
598
2857
7005
9431
2631
9799
4706
5093
9565
9743
5672
1795
8369
3372
4376
7733
3117
3278
7372
2157
6067
9005
4788
2240
6658
5117
1692
1103
6071
1162
1696
9311
8083
9749
8130
6873
9940
488
5175
9569
7524
3435
9060
7261
6347
5124
4558
8312
8848
8618
8622
6503
6037
1329
2504
1592
8069
4765
2773
7514
8106
3603
9021
8403
8046
6361
3712
8619
5241
7502
7792
2628
8102
7803
4632
2632
9945
7526
5892
1533
558
3379
2254
7452
2540
5193
3273
6754
7245
6538
8804
5175
7715
7661
1462
3921
4413
657
9214
9986
1412
5939
3070
1345
826
5994
8401
8234
6696
9872
1647
542
8872
1239
6955
4727
1348
1569
5863
2853
3087
6958
1374
8703
8698
2617
4912
440
6340
711
8218
9287
8312
5906
120
4619
308
908
6626
6546
6791
5039
57
7372
4890
8262
6302
6475
705
6735
2572
2844
4794
6360
6898
4454
4564
4367
2647
8208
1081
7960
1893
5984
1654
2359
2229
2965
1119
2336
4418
439
4942
9317
6062
8048
6900
4001
3812
435
6315
8436
9735
9605
8139
5373
4493
1952
9008
5666
54
5941
8261
8418
5464
8830
3145
4073
5718
2531
6032
3336
5356
8368
2317
2133
7902
5477
298
8849
7554
562
554
2211
1893
2644
8225
2288
7845
6281
7866
277
3957
5453
2282
8476
2178
6524
3852
7231
4903
2826
8283
1281
4403
2978
3080
1366
7288
6005
7470
9015
1653
159
8111
9491
5387
6049
6524
2820
605
857
6227
9437
4664
5754
9379
9903
6086
3840
9954
1377
1625
3066
3946
4727
2279
9272
7808
8914
9564
6859
4999
1839
8810
8851
8623
3797
7341
2790
3089
6129
9999
1032
6626
4045
6599
8846
6617
8648
3598
3177
5279
3447
6051
6092
7390
8587
6212
3384
7212
6114
8241
7610
3255
3746
5857
4388
627
5813
7130
5581
2561
3296
750
3825
1378
592
6440
9900
8128
3433
2655
9159
5315
6387
1579
1552
5788
2717
1460
36
7584
3956
5577
6975
7887
2389
7776
2880
8188
2210
8219
804
1517
8017
615
1983
2696
2225
4714
6797
2146
6312
5256
3779
3458
9081
2294
6868
2166
4305
8600
7909
4352
7094
7996
8604
7718
3775
5937
8988
2816
3560
1712
5917
5213
1851
7641
7298
5771
9596
8855
3562
8002
4663
7889
1272
8700
1798
3516
8806
95
908
713
3882
3610
309
6452
4423
20
2010
4264
8921
6287
5725
3981
8586
4600
9338
8565
1607
1439
4995
1096
2569
5450
5037
9906
9688
9204
6724
9903
5920
259
7131
8893
1908
2846
7829
2306
4904
5399
3218
7277
3760
5332
9934
7274
2277
682
9303
6672
9361
3232
1908
7366
5099
9811
8143
8432
8573
402
6763
5218
3296
2106
8343
8661
9156
6832
2073
5739
6771
7031
3661
6208
8221
7717
7335
7237
5516
7762
7629
9006
9900
51
542
2687
8351
9764
3793
2096
4703
9396
3733
4501
8635
7999
3981
1653
6988
1272
8118
5444
8609
3564
9901
2329
9571
5699
9145
7381
2475
906
2916
810
2772
7757
5318
3244
1564
5655
309
9391
3038
9976
1036
7374
3298
9159
7572
221
3736
5681
248
4243
9644
2185
397
6336
150
8212
3116
2651
619
6412
9620
3796
6479
2923
1729
878
2681
736
89
1332
963
8726
2406
8632
2528
2526
9031
412
8126
8924
3645
6794
657
8673
1165
587
7359
8981
3094
3352
2539
7657
8772
6626
356
7239
894
374
7430
6694
7539
2999
5592
8915
3279
918
9778
1764
3808
7623
9180
2703
4525
1694
2766
2826
3138
7806
1757
1141
3518
3699
7642
6736
8793
3305
9953
5779
8276
5288
1631
8656
2982
1432
1384
645
1201
1741
5393
247
809
5595
5173
5470
4171
9836
3132
7077
3859
7529
4100
3088
8617
6288
3175
3839
5357
8855
122
9974
964
3998
3488
8519
5991
524
9721
3092
310
2120
1624
1396
2412
1509
332
7923
8526
2171
2565
8956
173
2876
1920
747
1187
8543
39
6693
8257
7545
5288
2345
1619
5419
9283
6810
2107
6653
9478
3647
115
40
6767
1739
5904
2703
676
7107
5956
5251
5312
3185
6290
1165
9801
8087
2078
2741
7332
7448
484
3027
4834
2764
6832
9279
9777
6993
2225
3521
5816
1872
2693
8917
8841
132
6108
180
4842
8484
7867
2931
736
3005
2232
2102
6055
453
5618
1195
4731
9366
9321
2029
3162
7087
5205
4002
4906
6625
2926
3682
4882
2434
9434
3440
492
7372
2324
9668
1979
1897
7898
8848
9581
7553
2290
1829
532
4730
3223
9324
1375
1029
8790
6450
2551
663
5755
1754
4927
2105
5274
8217
5557
4184
8049
8301
3571
8792
1609
8682
8129
5949
9216
2833
1467
473
2448
5608
4796
3376
3470
175
3401
3601
2307
3852
3644
2984
888
9829
1617
569
4740
9873
6623
9681
3290
5397
9504
3989
8257
1740
3121
4540
1195
5425
1813
5956
4983
2077
8215
146
6958
1551
8635
5099
4815
1956
1876
4197
4657
587
7903
1779
7065
7559
1209
9343
6210
1785
7183
7050
6104
807
5118
1730
7054
8861
2406
6882
2038
7688
8000
8810
1614
1470
3611
3189
1238
1523
4866
1333
3520
5307
9331
7670
3836
1341
7474
3635
4216
2470
9745
3197
4894
1164
4041
6151
6433
6904
8044
5953
9549
4994
2158
6968
2586
9092
165
5594
3948
8020
8104
4686
6919
5849
3530
797
1475
7447
7893
5713
1386
8770
2666
9568
7943
4803
3916
450
7429
7460
6755
4333
3479
8912
1784
8526
3148
2363
5084
4743
1175
1880
9687
6195
4365
5058
6277
9045
7634
3244
4675
8986
9010
2331
4567
779
2327
2589
9024
7782
5176
9715
8165
6487
1264
3770
1207
8006
4065
5003
7648
9111
2362
3150
4537
9506
9082
6470
5202
2885
8525
4870
2815
4184
2784
7769
5323
1147
4345
1005
6198
558
3338
7302
9566
1460
3714
3200
4931
595
3850
8271
4979
2630
5596
5564
6623
5860
7794
5060
1696
5857
7387
6139
9256
305
6899
3981
3703
3495
8447
59
3660
3060
8804
7089
5772
5060
3583
3076
5791
5882
1539
4607
9034
254
9890
185
8587
7220
1145
9462
3353
9285
9308
341
3171
7199
8045
9261
4560
9733
9496
1436
2147
3790
4611
1919
3825
8507
9791
1563
2277
4717
9268
5813
4317
2779
7104
9002
414
6714
5393
6483
2349
8985
6706
4375
3751
8463
3917
8573
7014
4322
8515
6058
6386
103
2459
5243
5642
7971
6360
80
7428
9582
7185
8635
16
3495
6024
391
94
9042
8846
7846
4339
3013
9086
3162
7084
235
8168
5362
4589
1217
4548
7955
6201
3210
9427
4214
319
1860
3359
2443
354
5313
9054
2766
1800
8070
4358
255
2438
3525
8479
7971
5476
669
1719
3372
1016
9297
8159
5407
9802
997
5490
6210
5033
9229
2434
6806
4067
1810
71
8233
5683
6402
7492
9025
3959
6320
1362
9013
5877
7912
2923
1063
2738
6577
2479
5532
1490
6055
3197
1022
3701
7952
2641
9356
9823
2843
7733
2570
5636
7552
6188
628
3454
245
2288
9073
3176
2694
9413
4696
7935
9145
9529
1890
8074
4426
3472
8456
6750
6901
5315
8012
8612
9049
4532
7730
3761
8136
9202
1115
8586
8792
3377
8325
1724
2294
7609
2492
4288
3405
2355
8796
6641
8501
3087
4555
8422
750
1282
5396
9371
9277
5819
8734
2236
8175
2016
4404
5713
4558
5312
5040
3491
8297
6109
9142
5768
1204
165
5779
6817
979
4167
3345
4546
6519
1371
111
5962
9976
9307
3010
6854
3806
1744
9309
2973
4642
6088
3549
278
3204
6779
9730
8092
7315
5304
8344
2391
3944
8787
7218
585
5502
8578
8392
5109
2473
4188
5716
6804
1905
8442
5737
5250
2302
8186
9685
6553
6800
6169
1125
5115
6616
5501
3612
4200
4437
5253
7230
1214
3026
7719
2017
1188
2089
2424
1351
5227
3352
4200
499
453
372
6745
8373
4762
1041
4479
5790
9128
5619
1791
5591
7775
7661
2102
3968
1
4966
4192
671
7220
6957
4501
3777
4185
6425
4548
3161
9877
6835
4457
3201
2599
5669
671
4743
9871
7127
8849
3158
9958
9462
8102
5595
1235
2128
4241
3526
9987
8456
1349
260
9160
3528
3279
3495
5870
2967
4187
8337
6492
1318
5913
2293
1161
8589
2991
2106
6990
7358
4097
2873
6116
1033
713
7757
8855
8906
2541
2057
2183
1022
3174
1421
5485
4197
4041
9071
2389
7175
8873
6903
2940
512
6665
8640
3549
5808
4433
2645
9136
2135
6536
2628
4358
8476
4144
8126
2815
5522
4640
6963
426
2129
6153
5470
8144
4491
6808
6964
4548
3920
9716
9814
8484
7194
9932
5603
4368
2073
4208
3047
4473
9896
2920
47
4485
545
7062
7009
52
5914
6255
6867
2535
1909
6477
810
4359
1194
496
9057
9000
7469
8096
5216
2419
6722
4143
7164
8543
8540
3757
742
1314
1592
2490
529
9209
6105
984
7598
7429
9799
6911
8634
7664
2848
7278
6574
717
9122
1244
3173
1577
5150
4047
7003
1799
7704
7628
7763
6401
9898
8465
1512
2156
5513
5553
943
9419
5947
1601
8253
210
2897
1628
9201
557
9462
7552
9571
9443
7568
6447
9420
7296
584
9165
6163
7545
5486
8730
1504
8477
3221
1197
7530
1333
5399
6477
2150
7294
6335
7155
4769
7520
2991
2963
8679
3521
4845
6446
2336
151
8057
8319
8832
3451
9044
4216
1572
6348
9390
3397
3933
7216
96
9775
6989
1700
4097
7867
5158
2985
5402
2276
3108
413
1677
1900
4305
7621
485
2641
2699
9040
6393
1352
420
4901
2364
4079
2288
1183
4904
5801
7904
2937
3222
7552
7423
3215
5973
6979
9423
6977
1287
9351
4749
5780
5210
8419
1773
7144
9911
3951
5863
6748
697
4892
822
8744
9354
2087
9335
18
5579
3975
8080
9600
4371
171
7191
4124
4476
1089
1647
3506
3218
5722
7752
7042
6602
4640
9690
3945
2305
5143
1271
953
9938
1156
2239
8329
6730
8679
3861
3885
7643
9405
1398
7312
1270
5149
1409
5039
1228
7649
2668
8821
2303
2356
3530
4975
7140
3780
2141
4714
2397
5390
7713
436
2703
7127
9662
3214
7932
8861
7394
5797
7228
7761
5862
3812
4323
440
5772
1453
3230
4651
2717
4655
2475
2450
8649
7581
7626
7263
1189
2949
6538
9146
1488
2253
1691
962
4609
4143
5487
8194
7106
2366
254
6871
1593
4541
6494
9717
651
6700
8008
688
1483
7745
2672
3057
7960
253
8477
2080
5588
668
7672
4444
9258
8081
6273
3609
2120
3361
5830
1628
5965
5036
7544
350
4400
5604
856
4108
1087
7909
6611
4489
4941
5850
7663
3742
9580
8634
3001
4355
5665
3407
2606
6438
4694
5810
7612
3512
8268
2884
7596
7290
869
6379
4722
6447
201
2322
8656
2356
9396
4369
992
7678
4056
3183
9503
3408
418
2530
4029
3486
360
1475
5963
2558
2429
1105
5656
8590
7992
7343
5839
8202
313
9321
3619
8561
1127
1215
3541
7258
9977
645
4958
1295
2414
4927
2382
1511
6306
4203
3094
5737
8855
4109
6929
9393
415
2163
4018
9095
6665
65
4363
2053
8529
2790
7365
4734
9563
941
2281
9202
8988
6770
3508
9714
6516
4667
144
7501
8723
4145
2284
3788
4249
101
9347
6203
2392
4225
8145
8963
7197
4446
592
9912
6281
2905
2766
9623
7562
7647
1948
5364
1922
3891
6748
2084
601
7214
2877
5748
2019
6516
371
2520
7781
575
7803
8427
3442
1161
2342
5337
2795
3317
2005
4542
6178
3596
3433
3611
1901
520
9938
1076
2197
6919
1866
358
3353
7262
5602
5177
1348
2397
6944
680
4075
8072
2131
5706
5101
4338
6181
6400
5304
6610
2568
8605
1885
2206
5906
7004
3781
9266
3847
1498
6577
9294
323
861
8708
7445
5074
6180
5559
7165
3988
398
6372
1325
466
8106
1464
7727
8509
7563
4339
3537
5772
5586
4351
3261
8472
1146
1356
8597
1396
2082
8550
5446
4102
4781
7748
1269
6997
7656
9263
0
841
8138
2621
2170
2232
560
1739
7800
5539
6053
757
6283
7158
3039
3521
4737
6510
5447
8973
3928
4823
6962
5769
1906
1847
926
7222
5685
357
194
729
852
8299
4338
2696
7633
2964
2180
1028
7911
9406
3555
3057
5342
1324
2266
8287
1062
1259
3011
4759
1549
8683
5334
5176
3879
2369
715
322
1306
3337
6053
7442
5345
5323
9904
7984
2820
343
5887
1772
4329
4419
1061
4521
1268
3904
426
581
9581
2638
6159
4426
7346
5435
9180
2169
2964
9161
8817
5264
2249
1857
9721
4573
3352
6113
7712
18
1420
4282
5467
719
5371
1238
430
7130
7622
813
3908
9974
1942
133
741
8668
7178
1627
96
9909
6143
7735
5019
3658
1525
623
9523
2471
4697
6487
1168
5154
6192
408
9161
5298
7171
5440
9054
6107
5005
2049
4547
2151
5252
8843
3322
2115
1116
1053
7395
1725
6017
7802
3874
3684
9263
1808
9193
4748
1715
7958
2433
1134
9644
8754
3781
1533
971
5442
1496
1737
2573
3988
4904
4094
3188
2867
8405
2682
7300
7407
1355
3643
9091
9443
9137
8389
6533
5476
6035
5362
6246
4305
4392
7047
9616
3412
2506
6498
5061
1788
1144
5673
9557
5658
9151
2028
2897
9780
496
6395
3403
6510
7447
4307
6602
8789
2043
201
9616
5391
5000
5495
9407
6133
5490
8267
9595
7857
4477
9775
361
1906
7621
5512
6263
5682
4086
3433
291
7109
5492
6752
4979
9640
1959
9736
6857
85
444
827
1369
2305
6882
9669
6787
5648
6266
3423
167
883
2433
5040
5303
721
6034
1496
8889
1935
8043
919
4702
8609
9909
2507
9899
8247
515
9767
4173
5754
1409
9510
7412
3650
8405
8055
5024
7952
8724
614
9416
663
3265
9407
4675
451
1449
4258
3605
463
846
4922
2041
9524
6124
2759
2395
4374
9769
8540
5133
6499
9250
4412
9473
2922
7627
1652
2315
7978
6472
937
3210
7429
1503
4039
5344
501
7831
9447
6798
6257
6161
3710
4907
6487
7468
7888
7525
5646
5659
649
8182
184
5481
2917
1413
8852
9933
1753
2824
9796
1942
5627
3991
9909
1712
4611
8020
2085
7415
1894
6543
321
1741
8876
338
5539
9504
2986
5454
9739
4127
6669
2319
5822
2755
3025
1948
8586
2626
6491
567
6078
6623
7001
4314
533
9719
4998
4775
2856
9867
5439
8230
3765
4105
7860
8442
6605
2579
5873
9347
6947
6299
3084
5669
5273
3308
8168
7154
8686
2663
9434
9459
923
1326
465
3698
4740
4561
9804
5820
4506
8211
2597
9872
8687
8438
8553
1717
4894
4583
5343
6007
6752
7143
3620
9779
3538
1332
9041
7225
1550
7844
6088
193
432
5980
7306
2438
3640
4162
3702
2043
2774
52
4841
8735
3702
3212
6982
6834
4754
6451
2259
4102
7320
3426
2706
3780
7706
685
159
3408
5519
2578
4269
6662
2122
2403
9439
2707
1131
6115
8076
732
880
3299
3232
6699
2302
4885
6077
325
4349
2207
2471
5099
5584
1986
2872
7006
3273
3526
4732
2954
4002
294
6523
196
5783
8179
6612
1298
3773
4275
5702
8639
8374
1527
3222
4020
193
6006
1478
2821
4608
9833
9058
3312
107
9169
1078
136
9531
2433
9433
7605
1382
5121
6729
586
6775
3036
916
4122
8272
4779
6552
74
6504
3832
6724
4056
8763
8852
6812
7266
2048
1911
8346
4169
1236
3211
89
6613
7101
6476
1766
1340
4841
8097
7256
3253
4798
2635
7244
7157
5090
7355
4548
9829
3280
8983
6808
6275
2444
7021
1372
679
5620
2167
5556
9471
6775
2560
9350
3564
2947
4303
7021
1795
3012
5212
5233
8406
6575
3471
9258
6128
1607
9655
2176
4692
7362
8516
888
2252
6402
3813
4168
79
5103
1087
5719
2674
2540
7785
6477
2237
3285
3680
4209
787
333
2753
6817
8068
3749
8401
9699
8973
7763
5244
9071
5965
9990
864
2108
8259
1672
7097
7162
9133
134
6942
6692
1924
9492
2559
5865
8789
6993
7020
2842
7927
5445
1389
4359
4609
1698
2819
8503
8000
4114
5195
2316
9859
2016
9754
2683
1676
5677
8218
565
6188
6518
5076
652
3391
6061
4893
8575
1190
2535
910
1979
742
2402
1144
519
8601
6505
7499
6560
8852
8593
9161
5019
4939
4626
6832
9907
9738
9875
4189
3112
8774
6454
6653
1409
369
736
967
8548
6805
4244
7312
5464
3203
3215
1573
7456
871
9235
4082
5171
8178
1658
1713
7594
7357
56
5713
8765
9228
4985
8837
1315
8346
7797
3204
4288
5748
9735
149
7864
5537
8951
9754
4607
1281
3696
1815
1723
3052
9375
9035
502
5793
9017
4934
7116
4740
9059
4052
312
5023
2202
9319
1819
5406
5997
7118
5405
11
7284
1708
1136
9085
6217
9634
9226
1903
7105
6313
3660
8241
3990
5712
9852
5949
8334
5521
9329
2863
6088
9547
6689
5683
9836
2841
3334
9631
7935
9200
5284
6577
6409
1711
5768
7667
7899
1417
9576
9383
5707
5212
7634
2746
391
2071
1033
6490
9467
5869
7072
475
7788
2542
3922
7736
5019
5453
9248
3375
6299
9595
3968
7905
1029
7083
1831
2278
9944
2185
8050
6917
5945
9946
7156
876
1913
3943
5291
7765
1808
6844
164
2065
2128
4808
8789
3867
7789
8031
2648
2445
2168
6200
3083
6111
1243
9729
1717
3308
240
8755
6546
7282
7819
155
4529
7842
5385
3046
5823
1076
161
1483
1567
9454
9431
1903
5776
6220
8294
7963
4488
1912
9537
5604
4748
9745
6862
1044
9632
2183
2226
1983
7524
3053
298
2881
4245
1973
278
946
8482
4742
2208
1571
2283
684
4632
3629
6680
9340
3953
5496
5014
2277
4266
4633
7745
2215
5406
4784
980
4341
3414
3639
8850
8178
3959
8514
9156
6549
7657
3803
5941
7347
9481
9746
9704
7965
3320
4064
5112
3233
4363
291
8230
6729
6969
5247
8786
5665
5136
2030
6567
5494
9965
4140
1328
8568
2721
4105
6725
6117
4473
130
1683
150
9555
7666
2796
4519
4929
9779
8894
1341
9671
7747
9977
3122
5409
2120
1208
8712
9727
3490
1412
5626
7235
446
7382
5340
8417
1136
5243
9214
7338
8995
8760
4233
8608
8080
7173
9302
2450
4267
736
5356
3135
5225
5823
2218
4163
8206
3158
600
2896
8013
6390
982
8718
6056
2914
9108
284
7455
6102
3792
4536
9679
4002
676
8987
5744
4514
7328
4947
1906
6261
5460
2754
6055
2490
2010
4623
5164
1177
211
7977
4643
6318
9325
2605
7777
5514
2551
5166
8065
9018
4994
8164
6943
820
3456
1222
5147
3230
8418
3692
5830
5653
990
1751
929
8227
2662
3565
903
4485
5119
6278
5891
5815
9892
3361
4677
8070
1209
229
1962
2162
6881
2887
1266
7296
5811
5235
9034
787
9475
1933
2758
6518
2147
8989
5327
7573
1675
9550
2852
8986
4262
3579
3898
8716
2272
1127
927
94
6545
7076
2021
8189
1730
3667
8771
8103
485
3633
2416
7427
4530
115
5009
3186
3519
9372
3668
903
8034
7103
6395
1659
7376
2975
7900
3302
8988
2550
5023
4683
4307
8940
4242
2399
9911
4569
4788
8479
218
7224
7088
8042
7133
5425
4455
4146
8569
712
5197
2900
7459
24
2060
9441
681
362
812
8754
5767
5469
9114
7935
8609
7733
3119
5590
5872
2610
3274
8949
4584
5189
684
810
15
8352
4525
1950
8520
3753
4732
8276
7352
2123
7224
4282
6880
4801
1717
9549
3757
6034
2712
4749
8109
9153
9433
9400
2306
8865
8273
5959
7437
6247
8315
2269
9340
1249
9426
2329
5836
8861
234
2013
736
838
582
6486
508
8837
8709
1071
892
3724
5192
8550
2477
5935
2700
861
8919
5125
9644
9655
5479
8773
838
1105
3807
4954
4942
5630
5375
9388
3713
4896
5799
698
4012
7270
8571
2946
8891
3468
155
7202
5066
3712
1055
9765
9792
3404
8548
8564
3410
711
9216
578
6534
1962
0
9476
2679
5554
3894
3079
5696
1504
11
296
2750
1779
1922
5430
2290
5972
6234
6175
9500
8277
3707
7125
49
4041
5161
1537
7081
6810
5978
3002
5679
5220
4163
2049
7270
9094
267
3336
9573
7075
1505
3561
3701
759
7015
8013
1481
3118
6274
7437
4477
3040
1078
8256
8255
2874
9427
8637
393
2357
5997
8886
5526
7008
4616
7529
7615
9873
8160
3196
5705
2897
6601
2424
6771
145
3423
9290
7026
7147
55
3963
536
8540
8525
2638
4142
5906
3794
4395
9667
1629
2943
7216
1077
2619
8035
6692
6142
9485
398
1608
4958
3077
1732
1579
6438
8654
1485
8110
9450
136
1611
3245
2301
2034
8349
6985
8483
1978
3387
1708
6078
3764
3529
4076
9954
9385
1346
4151
2109
6731
3147
7541
6749
8447
9005
7458
6808
6945
6199
5487
4421
5683
4944
9530
18
9697
4915
9043
4270
1050
8209
4164
6098
8690
5529
1193
9548
7655
1625
7053
7307
7334
6000
2719
6989
4069
6496
3854
3029
891
176
1537
5778
7899
7287
395
8820
3999
4057
256
4469
2303
9881
1058
8521
8983
1443
8058
2917
7811
7910
9152
5320
9146
8179
7086
9682
2224
2541
5948
3200
1061
6013
3378
874
6671
8385
8198
1402
5134
2372
5549
3598
1369
2583
