4988
19
2563
7674
3314
3073
8556
5350
2424
5851
3707
5360
4286
503
7053
97
4510
9779
1353
8452
2271
4110
7987
8900
656
8148
9855
687
7125
3400
7533
1764
7382
3553
7438
5613
3318
3462
8535
9679
303
3640
4799
5987
2625
8685
8383
407
5156
8592
7267
4210
9688
7656
9181
878
2031
3662
7017
5165
3217
7868
8225
9024
8318
1942
7978
733
3064
1440
6778
1048
1244
1673
8149
8631
9311
2000
6274
1970
9765
9447
5531
8532
6132
3322
2076
9725
4371
6560
3582
9655
6444
3369
6462
2434
5415
5775
7668
683
707
7650
7343
3716
1813
6219
2966
8014
9507
550
1566
30
7387
5047
5400
3770
2337
9692
2891
4995
9866
8253
6361
6503
7857
7123
4604
7874
5211
5714
3215
3536
4331
5591
1263
2114
2104
1814
6718
9913
356
4061
217
3821
4994
3551
2268
1397
7968
2692
96
5722
2883
2673
817
2454
1288
840
5858
4690
1615
5091
2803
3792
7334
8030
5698
1796
3783
3285
1665
522
2974
2978
4639
5805
8035
2539
1508
4306
4854
3206
9905
2519
5618
7493
652
1658
4774
8808
826
1264
5956
2027
8298
5264
1257
6424
6487
6963
7852
472
7613
4683
1026
9573
2747
9905
8034
5012
4418
8748
9331
1552
9835
8408
5185
284
8174
9840
7377
4040
7021
4974
2459
401
4566
946
4679
9374
4547
1610
6052
4545
6453
4382
5593
5222
1492
6045
4746
747
3624
9762
4390
2077
1932
4404
2192
9890
78
972
8250
6646
9585
3812
3450
2638
2223
625
5006
1801
5225
8659
464
2808
2696
4785
5098
5453
2815
9963
8791
2128
5094
6630
415
7259
584
381
8468
162
8754
4789
9295
3574
3359
9405
4959
2641
932
2954
2998
867
1038
2944
5522
4964
9297
1581
9381
7147
9305
6738
7074
115
2180
6122
1552
2955
3396
6190
2054
1842
2156
4844
3046
435
9364
6890
9448
3290
9826
2457
4521
9861
6964
7924
1090
2149
1108
5451
7962
9003
1000
1321
857
2015
7715
9180
1393
7237
7853
2004
9244
4741
899
1156
8710
6194
9898
5086
5600
2407
2132
6091
7320
6847
2217
7213
3150
4256
5031
9403
1847
7945
8228
3051
841
835
3987
1031
2720
183
5496
2211
5436
7822
3213
9780
8961
5807
9213
4896
2251
6021
9850
5554
6870
4909
4000
4010
9798
501
6029
7136
2206
8450
156
1299
6512
7848
315
7875
2207
8867
2366
5416
6910
9921
654
9498
3633
2437
8252
7342
5042
135
7151
5825
8094
2673
6181
5932
6834
9976
1232
2218
4153
8359
5
6986
7665
1913
3267
1113
5492
1337
2689
3384
3655
4434
8644
6948
4254
4502
376
7361
2249
8686
2094
2070
1298
4331
3204
3838
1667
4382
1040
2230
7634
147
1262
8550
9916
3667
1833
1720
9169
7139
1850
3705
7445
3767
2170
3660
4029
9232
1677
2332
9600
3871
9969
5467
6265
7934
5688
3334
8709
9429
9445
1109
297
459
5749
3507
3171
93
7032
587
2668
8656
8191
5110
6836
8388
4624
7530
2161
9544
9808
2434
2705
8708
2629
3762
177
5795
2285
1981
7979
8499
3011
9740
7693
740
3408
6986
8018
8662
488
3936
2200
1090
9663
944
5679
4859
8630
7876
3309
8157
1172
9164
9620
7010
8404
1588
7830
1987
3329
7375
7808
5050
2607
4169
5645
8451
7416
6096
4980
7638
9512
3498
9055
5872
234
1615
9044
1684
8082
5318
7165
4408
8672
9821
7326
3846
119
682
2335
1819
9156
6030
5332
3113
6128
7149
8482
5493
5299
7228
7442
2533
2895
5671
8645
7674
108
3748
6776
6788
2544
6145
3904
8011
210
3399
6377
2786
6843
1798
8332
6734
3760
3161
8481
3481
8165
5942
9743
3085
3133
3550
6384
854
7876
4632
1512
3001
1175
9651
3738
6370
3906
5547
9275
3010
2126
7321
2902
2728
771
5695
8649
3501
8895
708
8772
9734
7189
5163
9508
4165
4005
3690
3655
8993
9760
3050
135
5578
1887
3376
1610
7192
8060
1961
2827
8213
3886
5470
1355
844
3039
7014
2313
7437
4900
2883
1958
7167
5859
1778
5811
6012
143
9572
2365
215
1891
281
3250
9075
7186
7324
841
7394
4085
1457
5441
6934
7880
559
5847
1718
3808
8664
1125
6990
1377
6218
4092
6877
1092
2967
9719
108
7565
5598
7049
8487
9596
2612
6322
3604
2220
2279
3657
5715
6172
4918
3352
3443
7442
5024
9287
5299
5930
4093
2203
1479
8446
5375
8838
5673
6189
6372
7983
4219
7605
733
9829
8486
4408
6953
7338
5268
4237
2242
9498
1528
5006
5410
817
6458
2865
649
9434
6067
3679
4419
4178
3472
3394
5570
41
4220
3773
648
7415
5847
4295
9438
8109
5439
5088
4865
9034
489
7686
4019
1062
3687
4594
674
6472
3036
4558
2379
2807
5539
6937
1915
540
3185
6555
6357
5092
8838
6912
3117
1494
3588
4827
3650
7233
5567
7301
5377
1370
8000
1614
8945
8381
9659
3357
490
8877
2719
9097
7004
9662
1394
7841
1875
8909
2379
8898
4923
8884
8730
9773
196
3576
4568
2525
7473
8860
944
3441
905
5735
9180
1009
4807
3925
7991
3534
880
9828
6064
7480
2372
9741
9907
3454
99
5747
2951
4740
4853
6669
2377
6492
2639
8227
1418
5369
3812
7134
5884
1629
7932
9278
8192
1269
482
384
3033
7950
918
8845
8017
5095
2820
1250
7400
455
3669
1114
2425
1725
5909
6204
8587
4235
3357
2687
8370
6580
2507
2622
9721
3746
3943
4434
9548
3094
1549
8637
2972
9714
2713
5000
3822
6008
8651
7282
3672
1388
826
963
1699
2698
4708
4158
5720
1728
690
3956
7912
7794
2014
6453
5443
8295
9124
4271
1151
8385
1702
4306
8906
5032
8142
2711
9012
908
2381
2579
5583
6075
9015
6981
5754
1543
923
7023
9038
9785
8714
7819
2403
7592
725
5177
7700
6259
9557
5527
6883
4380
6130
5287
9686
6519
2057
6667
4555
1996
5146
4811
9346
8110
8372
1836
8779
5033
699
3899
7372
2101
5232
1366
9670
3882
1902
1313
4307
2964
5011
2752
1351
6854
5695
1203
9944
3727
7294
9234
9486
4255
2467
7041
4638
3903
8473
4293
9219
8888
6398
2666
5560
5657
8154
4782
9147
4764
5617
5804
4616
743
2360
1590
6985
2394
3459
2491
2414
7169
1892
5051
7738
1465
4412
3116
9633
8191
6727
5767
5408
7609
2094
5418
6566
2344
7192
5694
8700
912
2055
5179
8110
1490
4617
8743
1894
876
55
2244
443
5982
1878
2049
6995
1346
4928
4094
1244
5038
5148
956
8037
9849
395
7007
8649
6941
5024
4641
5202
7765
3791
1502
5114
6712
6941
6247
6847
5669
1221
8757
8135
4482
5324
9426
5731
44
8423
5219
7415
3097
4450
3661
5764
1099
7142
8260
1095
7609
94
4953
5851
5414
7042
2678
2191
376
6935
283
4405
8680
7246
5574
3816
6391
2821
3554
4525
968
1276
8604
8518
9804
7225
2104
3315
129
5738
4015
9570
8680
5152
9238
5575
6268
2905
2721
7440
2645
7235
5354
3109
8139
814
8735
5850
8875
9845
9372
8277
3587
3735
126
6333
1489
6434
6047
8188
4937
9363
2061
4638
2920
713
5724
3527
8008
9999
7547
3485
100
6113
1879
3733
5921
5495
378
8989
8490
6254
4439
283
6365
5737
5982
4945
5026
2904
4086
9833
6858
4532
2503
3282
5173
716
188
7426
5090
5207
7841
8876
2297
5886
8177
7474
1855
6392
411
5994
6056
7057
9697
8682
4923
1777
8272
7183
4730
778
8501
5104
5912
7714
6627
5567
3610
8597
8559
5205
5306
2952
3899
3283
8412
5563
7986
478
7559
8508
3090
8633
2493
8092
3777
9801
4834
3820
8359
3396
2443
3005
2695
4312
6706
2737
2963
4583
9259
2610
3864
3257
7833
5205
687
3103
3157
6414
270
9360
3791
7794
9623
6222
7687
9867
2610
7820
3936
6825
732
9789
238
5163
2761
2301
256
9586
6577
5675
2599
3403
1218
4949
4644
9832
800
7287
7405
673
6643
8420
3550
8998
9604
4649
3381
6472
6624
6838
127
5142
646
2433
1877
4074
3019
2670
2444
8385
2847
3570
9837
4595
6760
388
6575
4674
1578
7854
9067
5322
415
3262
182
2312
6239
1239
5558
8112
8920
3783
2962
9738
5548
7457
2756
8784
3071
569
6813
8129
4843
9019
7826
3072
8582
8955
2238
9216
8073
8706
4894
8770
7771
4804
4726
7384
2251
9564
7835
1780
7112
4331
9465
9064
608
99
9047
9303
7631
7791
1602
1009
1041
937
479
1396
5436
7109
3730
7283
9001
6341
39
213
8889
4191
1966
743
2730
5372
6533
3507
2733
5032
1017
511
9554
8762
2463
8483
9908
2935
1585
281
7103
3884
7728
6834
4324
3330
1947
5141
5834
551
2779
770
4292
9251
174
6416
8133
8303
6572
2259
1258
8095
8275
6008
9919
9967
1841
6674
4645
5246
7375
6065
4756
9757
3109
5004
6463
5132
6419
9400
3424
1391
7673
2182
2253
247
6219
302
8587
6047
350
1605
6362
9325
9023
9008
5609
1720
6914
4356
1488
5273
496
587
3176
6713
6013
4534
6142
5170
9953
3000
1883
7172
8834
9866
422
6093
3754
9672
3748
1539
8087
8598
4896
5770
9703
5430
733
4101
9395
4742
8217
2062
7911
8151
895
7085
9005
5540
4233
1685
4160
3416
6093
7349
9721
9190
490
9156
8586
9515
7965
7241
608
9949
7186
1897
5690
7406
7009
582
3800
2040
5775
5210
4783
9820
9260
683
8971
3336
7088
8213
5439
2062
7378
4670
2505
7547
6048
513
4940
1576
5515
9879
6777
975
1454
7962
965
8997
1394
1599
8531
3650
7884
2119
7641
882
2566
9900
9929
9806
185
5249
2427
9751
1802
8546
2570
2515
9392
8143
1358
6496
5642
2223
6525
5895
8433
3807
8366
1297
9718
9974
1941
5488
9682
1788
4177
5259
7028
1622
4981
6147
583
5133
1391
265
7451
7025
9172
2908
5392
8449
9604
3251
241
2034
8007
5661
5594
1746
2449
8758
1534
8631
88
211
3307
6938
69
14
4368
7310
5486
7770
3161
5210
5912
509
832
6259
8443
1407
4634
5458
5905
1269
369
8690
5247
7648
3780
8516
9664
5282
9172
6222
4613
