1307
9128
3812
7619
9602
9019
9637
6204
3418
6612
1302
2694
2985
7882
3048
9622
4619
6569
35
443
7294
6805
2736
7103
8794
8611
6379
5208
2268
7479
2427
6002
9565
5591
2809
6420
8787
1896
6265
3341
2212
7992
6714
915
8385
4611
1192
2110
1187
5435
4690
5605
1017
2374
9464
4501
6392
6708
8825
990
2639
4428
3935
5939
4185
5300
3129
7394
5073
6627
835
2723
304
6693
8231
9301
91
1820
8717
4182
7419
4269
4021
6833
2789
6821
4984
7191
6127
8307
28
2078
3070
5274
701
7783
4056
774
6730
3085
1482
3797
7037
4559
4600
1967
5301
4323
4143
162
4410
4571
7991
4642
3570
8370
407
7102
3150
7363
316
5938
1266
6766
6599
8756
9652
5029
5991
447
5244
9316
5090
5632
2699
3621
7232
9461
2233
821
1520
660
3047
5964
3896
5456
4086
8428
1704
2331
7376
6954
7624
9366
2769
5544
2531
271
7959
5843
2315
271
8331
3695
4918
5094
9481
2359
1942
9948
1138
945
4869
2328
5842
9655
2890
5302
2869
1143
4670
1223
3324
3660
3071
8290
1691
5724
2863
7155
1090
6960
1501
6389
8506
1248
2328
9352
1046
8802
5975
1727
6485
1755
1192
6430
2084
5296
3523
3113
2654
7229
7402
6816
1173
1091
6947
4671
623
6627
3402
3756
9495
4787
8857
4177
9443
8479
3822
4594
7326
3537
4255
4066
5167
2942
4737
1568
2467
6640
6205
6395
2200
9749
4500
3861
9558
4685
5216
7414
4301
7657
8728
4418
5400
2218
2232
1698
2898
7015
6986
3605
1473
8929
5787
9116
2973
3335
1648
8230
6353
5378
2203
3983
422
7006
1556
9746
286
4995
4618
4758
3262
6408
292
9669
4809
9836
8666
2948
709
3039
8670
5452
9653
2599
4922
3271
3962
5384
887
6223
3036
6985
1060
8923
5454
4745
3996
8393
662
2485
1411
7902
2396
2227
342
5065
8636
6118
4307
3137
4669
8699
7520
3314
6708
6750
4329
7822
2084
8285
5783
4902
4107
8395
1722
6276
5347
1369
4214
64
5839
272
2286
8224
1628
767
3056
7425
2257
9856
4634
7844
1076
7750
1553
4336
9464
7746
2215
8703
415
6173
6308
2377
6702
6508
3794
4000
505
4065
9718
7267
1903
4243
7297
4396
6413
9296
1685
5940
3693
6904
5565
2228
3651
7939
3826
6357
6841
7386
6811
7600
9154
5510
9648
9666
3964
9909
1521
5119
6973
9055
6920
8191
138
7366
5941
6833
452
7156
7922
167
6060
6274
5010
3511
608
4080
8726
8763
2682
7437
7158
3118
7253
2117
8113
6392
4594
7631
432
6504
7775
6566
8966
4637
9983
7373
2090
6284
1997
6992
5904
9685
9464
6644
1539
2879
500
6137
9057
9884
1183
2758
2436
9536
1896
3802
937
8020
9253
9548
2238
2821
6724
1418
2392
9494
7307
372
3527
3234
1990
2441
6765
5689
1532
7473
3654
609
577
5233
5891
8456
8573
548
5320
5016
4129
9430
2741
6180
6436
4069
7030
2449
4754
3083
2961
8045
4251
2045
5571
128
2609
5823
7893
8741
5993
6746
8003
4423
148
327
7443
4020
3657
3782
4247
6175
6097
7375
5365
7877
7631
7346
6798
7921
5410
4316
935
8448
4512
5608
6358
8532
9661
5763
5846
2750
2654
6579
9023
7382
1427
8317
6032
6108
6625
3010
8791
971
8836
6785
1947
6875
6680
7694
2497
5263
9025
9972
3330
1677
5810
9554
9910
4539
3969
8911
4358
7893
7935
1496
3520
9518
8352
7982
6449
9313
1314
689
1295
2399
5524
9963
9612
7727
3660
9482
1852
1967
3265
583
3725
2681
3248
7346
1572
1872
8407
1493
2138
7714
8652
897
3036
7339
3264
2429
8522
8698
1244
3183
3949
8335
8677
930
6153
5846
9942
2183
878
4486
7059
2390
4628
7351
7771
839
6269
1006
6409
4577
905
9820
8550
3580
3747
4626
6927
2272
4462
1231
960
3153
722
82
6634
5390
4004
2317
1192
5725
1930
6224
614
7652
655
6261
6269
5685
9568
2425
6160
7516
2288
6666
2277
4128
9784
5096
7183
1526
8919
7669
7720
9647
3526
3905
1667
4545
716
2381
6834
3951
9813
684
2647
4681
9205
898
2925
7485
8356
1241
2704
2037
5071
3443
865
4055
7804
2506
5605
8907
5133
9666
6805
4260
8503
967
4126
6749
4594
1724
4968
7187
5590
2208
7702
1603
4019
7596
4922
8886
2170
9698
3170
7677
4965
5683
4576
82
3039
7611
6741
8210
6775
7926
8818
147
3878
8386
6177
8238
6772
6175
2891
6632
6273
5516
6446
2863
5741
9262
36
208
7583
6718
6737
5434
6495
9128
9295
2820
6391
4043
3710
6982
4982
6758
411
7664
3389
7555
7724
5633
1418
6684
2114
5994
6807
6538
1404
9448
9236
1713
4341
3776
7575
6533
626
56
1189
3383
3652
4750
9091
3357
1846
2728
2465
5909
1649
9514
5105
8782
9473
8186
1537
4403
8789
898
4604
742
8627
9956
7723
9846
3584
4678
9702
9933
9406
8448
6131
354
6474
6
3903
2974
6542
8060
4838
9385
3529
898
4888
1889
4343
454
2239
6154
2238
3172
7743
9728
5451
447
4756
3695
7027
9244
9773
7168
3026
2531
6502
3201
3383
4750
2307
9466
4283
8563
7861
729
6060
5219
7212
7728
5068
5834
5503
3129
2438
3547
7694
6234
705
6402
4902
6027
5250
207
5946
7297
8287
7670
6358
998
4395
1687
8505
9593
8146
2772
1871
3675
5311
7014
3668
232
3234
7027
8626
1193
3740
6643
4729
9478
4836
268
2495
6980
9847
6279
4216
4075
2616
563
2441
8390
8860
6213
3332
3380
7328
5910
4982
9665
1675
4019
922
3690
2734
4670
2793
8223
1580
4753
3557
1644
2940
6880
6162
4127
9191
1524
9745
1867
8556
7796
1058
4748
4573
5277
1371
7020
3694
5246
3864
7830
1660
5063
7803
816
9345
8805
4246
5176
3486
5993
2494
7862
7005
797
5449
1980
51
9205
4189
5803
6164
3115
1109
3879
2961
6174
9117
7456
3298
5772
4528
6334
889
5727
9983
7876
9077
5345
4781
386
7278
4568
8380
2563
5301
3195
7742
3775
9828
9391
6969
4489
1056
8061
1665
8545
3954
3923
7855
3171
9687
6789
1878
7714
1464
6159
6973
1278
814
7573
2903
4705
4423
3802
8524
1596
4734
8546
8577
9765
8432
5342
7628
3907
8802
39
5277
2827
4061
1437
3922
5153
7490
1610
699
489
2690
666
1098
9142
6221
6463
2961
2254
6487
2264
65
7254
9537
69
3810
5408
5346
8089
4738
4345
9160
7970
8912
1425
881
4146
7216
9376
3650
7749
7214
2813
3103
8034
8905
4068
7448
9435
3544
1968
2380
5374
7419
6538
9973
8023
3290
3992
7626
8514
9807
9401
6871
6353
1329
4720
1753
9672
8260
2075
9246
3584
8603
8738
5049
7252
4151
1502
1163
9742
7959
5911
4544
2769
1964
3786
550
2374
1452
2858
856
3223
1750
5136
7942
7813
5941
6749
6705
4185
2314
7776
1174
1469
2722
8796
6770
8681
1488
2721
3872
1787
2829
7884
554
3896
4856
4101
4389
7543
4169
9379
8219
5402
1218
6022
1834
3467
795
7235
1310
7401
4797
6978
7427
183
4736
3075
47
3168
7016
1868
885
8730
8985
9068
394
3866
4582
4046
2957
1839
2360
9162
15
2934
9556
5772
250
6699
6961
3302
7886
4253
1410
6470
6990
5851
456
370
9159
1780
4053
1220
526
2301
8494
9488
6416
2149
5628
7968
8885
6748
4277
9470
5041
5635
6962
4493
627
8964
2825
3348
6206
3713
3982
6631
7320
2515
2078
4543
3409
4211
4887
1177
7786
1139
8635
7714
4439
67
9356
8100
1070
8993
4417
1137
9975
1940
1429
1354
8888
5963
9743
195
8955
705
5014
6813
8319
1863
2168
3901
71
1084
4558
4673
1861
3100
1684
3901
6999
9248
53
560
9608
4724
2277
7212
9295
2844
6655
5379
1085
723
5655
7446
4468
4692
2222
7080
6125
1821
9395
2576
7898
5454
8029
9986
4435
9743
9276
6875
256
7527
4355
9639
5909
9182
586
4230
8427
7801
7517
5474
5208
6789
2815
9347
5429
7111
205
7169
878
4603
7776
5178
9853
7477
2662
4153
6695
2291
2777
9552
3567
9779
5123
3557
6368
6015
1536
5285
4105
7991
8653
8323
4304
3920
7368
1108
2639
8682
4557
7323
9537
2107
5997
5652
9750
9176
9786
8432
6520
6433
7534
6135
5024
7965
1906
5428
1666
9257
2978
9413
5574
4920
3064
2886
5949
9453
873
5932
108
1553
1514
8013
7734
5453
14
1460
3782
9470
3807
7191
6229
3104
8764
7671
456
2518
3299
6338
2013
1940
9442
3381
5703
5143
1749
4617
9042
3110
9702
297
8303
3853
8323
4967
4919
9521
8400
9571
7950
445
1645
2195
5450
5786
3183
2470
6156
5392
2429
3431
6154
4534
3918
8168
2110
8132
2309
2590
3704
5397
2418
671
9767
3510
8888
2376
4780
3797
2752
935
4117
3728
8388
1568
294
7246
7931
9917
1960
9278
8461
3650
681
6271
4142
3768
9934
155
2856
6786
7212
5809
5866
2553
8027
973
2427
1940
6897
807
7689
2359
2640
1494
9314
2426
6146
2350
7873
4863
201
2392
630
4425
6936
8768
9990
3496
9367
5120
2441
4625
940
5966
3723
8307
7861
5834
3540
9321
4819
5990
3019
1152
1589
6101
1010
9187
6957
1716
7621
7583
2281
7992
6584
4820
5179
1441
5617
9259
983
8931
2572
1777
8365
3064
1418
6673
7770
1006
4565
312
8810
8552
44
4211
9372
9477
2836
834
7758
803
6539
7650
7498
4857
2344
2947
9382
8903
3128
6419
217
4281
8337
5887
3417
1242
2787
8524
4683
4336
1416
5950
7151
7309
8773
3728
7947
2373
5447
5701
8605
4783
1501
179
2392
4922
4278
3507
720
8470
7291
8867
7878
8146
95
4528
214
4157
793
8129
6690
4311
6150
3421
9387
589
499
189
6084
8616
4999
7008
3455
7426
7813
5433
2780
8158
3494
8495
6964
9279
7804
6212
7044
2548
8071
9005
7214
4245
3513
3790
1579
7318
9011
4294
8632
8079
792
1803
4422
4089
7423
2104
3470
282
5412
452
332
4661
1748
2056
662
2297
1165
7410
6506
9937
6377
6839
2517
1494
2974
1839
5102
1209
5429
6137
8415
3519
6801
4700
7366
1691
4073
2874
1856
5700
2742
6761
7136
7618
8672
2552
2496
1456
3128
9282
6152
1600
7787
8694
1702
3953
9285
2927
1114
5584
7001
2261
4853
9274
2037
6813
7860
7047
4690
8970
8224
8290
5553
806
7195
9615
9702
4898
2822
422
9342
3646
8081
6146
9984
6814
5732
8106
2998
3413
2405
1145
1760
6272
8699
480
1908
7861
5581
1859
4692
5448
6766
4157
1057
7862
6046
6980
1499
2086
4250
4386
105
692
6241
3354
4180
8706
9290
5223
1080
9753
4048
1277
6564
7079
6530
9281
2106
6715
7707
1841
9317
962
5729
3893
6880
3923
5089
2121
767
8751
6607
912
9162
8019
1039
1068
30
5344
6300
3201
8570
358
778
4939
1400
5489
7592
3978
1332
6765
4873
4783
4379
2408
5069
9142
4963
2348
6474
256
3617
7168
4456
2329
3146
3136
2114
8545
6039
5461
9251
6762
415
4506
3270
8959
184
790
2493
1391
6330
1110
789
4002
3877
1823
6533
6753
2949
1897
6105
7681
8869
6043
9583
1402
5902
8448
1792
8263
3374
9047
7939
5870
7513
8111
4368
9872
9138
6110
8958
4172
9854
5083
3926
2507
6378
453
8452
1322
6603
5360
5595
4141
9356
1569
7892
4371
4923
1868
3056
1735
8997
4230
8016
7283
3170
4919
6488
5765
7454
6660
7615
6839
2939
1932
7826
3785
2117
7075
5023
5448
9996
470
1660
8014
3451
3797
6513
5943
218
9996
4949
7269
3053
7222
5175
5624
7067
6642
9336
1459
3965
2686
3867
9942
7744
8756
1202
7424
3742
4106
2254
7847
6845
7608
1739
8527
2570
2
3832
9372
8405
545
5547
7458
1711
346
3786
5716
6756
2202
6718
5474
7738
3563
1483
7309
6602
1717
269
4695
2595
9089
2200
6111
7742
7101
423
5444
5483
6648
3054
7065
2810
9963
3054
3419
7139
6409
8231
7398
4969
5486
667
1540
7388
6780
108
3282
6125
4429
1924
852
9733
9136
6777
9316
8344
9435
9716
4610
9922
8341
233
108
9147
9653
2664
7775
509
8063
170
193
3486
2870
9725
7109
8421
660
8723
962
6992
7141
9319
1053
4724
2201
7331
3673
3185
3737
5075
7704
6693
3621
7476
6628
5252
559
2392
7735
4115
2333
2772
8061
4259
1731
7366
6862
9411
9668
895
7684
712
8754
7617
2780
9021
9179
5384
6945
2321
8991
4589
6771
2988
2466
3499
9865
5393
3096
1856
7862
8267
987
6846
4658
4368
1258
6794
2992
4835
468
4262
3517
2842
7391
6992
7939
6003
4695
7606
6072
5174
5447
5413
5124
7744
6001
5073
1793
8231
7501
1469
6314
7812
3032
9417
9724
1907
2958
8411
7763
2385
2391
2109
1852
4729
1071
3929
5596
5473
5560
3861
697
5489
5783
2687
2819
5574
1722
6914
8367
6184
5001
4761
7334
8999
7947
5704
9809
7974
7268
6032
3045
6284
9843
3687
2783
3337
3561
395
6672
2071
9476
6319
2671
3639
771
824
2029
345
6597
4150
185
6043
44
1578
7383
7630
4775
2852
6781
5367
4119
7622
8205
9527
816
4413
5646
2095
9903
9482
2012
1327
241
6295
6707
8682
2089
3695
8228
7123
3675
9463
1376
3117
5846
7001
6239
8264
6304
5152
8562
708
3613
1305
7951
1853
8113
3143
2823
6357
5177
9933
441
7114
2137
8857
5802
3748
4871
8701
5540
1080
4624
9658
1691
4656
6245
5087
3681
3814
8173
7382
5791
4751
920
1304
7713
8936
8344
4854
569
8945
871
1871
1945
3742
9022
4262
980
6989
1199
2491
3393
7602
9611
7481
6084
3954
9613
3295
5608
3025
9462
9008
8183
7795
4141
5690
6194
833
1144
6865
5403
17
8132
6595
208
2752
7713
7949
5633
1983
4107
6692
2615
5682
3988
8188
5139
3438
5219
3758
9322
5048
9246
7543
9483
1863
3687
4149
9600
3331
8067
147
5844
4333
7087
3376
9470
3016
7273
3331
6241
1664
7661
3624
8918
2770
6393
2501
3806
5952
551
2755
5613
7385
7543
355
770
588
7111
8345
9065
3563
8349
2302
3915
3959
847
8282
8594
612
8718
2122
6165
1887
7517
7658
7386
5621
8625
6712
5469
1186
342
3647
2780
5312
4534
8459
6789
6732
2605
8882
5905
8927
4266
2677
3314
5359
9708
4958
1923
8111
3906
3194
7234
8429
6590
3725
9867
9885
2968
5149
1962
399
2875
7878
3221
4701
9521
8603
9425
2387
1492
1862
8007
9836
6217
7237
7621
4839
4343
2027
5913
3666
4789
7358
7279
7148
6412
4351
8722
808
8592
6904
3763
7455
6919
5505
6052
6388
9456
8613
5837
1105
5533
9536
6618
2044
5187
7398
2211
9352
6104
5027
5541
940
9236
8295
5609
5516
598
6073
8288
5170
9881
8616
3794
4587
8098
551
2916
711
1185
1233
5383
5730
6190
4807
8133
5252
739
5235
1961
9014
2139
9369
4704
3564
1362
2822
8219
8623
9896
535
5789
3383
324
666
1223
6917
5741
2031
3946
4635
4481
1500
8166
4871
9644
9811
4750
4428
162
356
4776
5363
4112
9273
3031
511
3912
230
3224
5275
2331
4293
815
649
5443
2000
5405
5523
3584
1216
9511
8708
1289
7325
4533
639
1202
9832
3919
1550
8072
3791
8460
9539
5758
425
9271
1050
7635
711
3004
5510
8806
8670
2304
187
685
7516
9427
7644
4406
9227
844
8946
845
6067
4074
6786
4740
2391
9309
4079
6310
1673
7203
8540
5832
1276
4891
5018
2728
4355
7887
2872
8211
4000
9902
2618
5021
4345
9953
3685
405
6275
7144
8844
2947
9514
8693
9690
6350
2484
6309
5243
1402
8925
9199
7132
1467
3763
4355
9409
2625
4408
4915
50
1340
7971
735
6845
6165
1456
1765
394
2438
5623
3673
35
4528
8358
5593
6318
2582
5200
8667
244
8045
2643
1470
9285
4800
2769
1150
1257
9990
544
1059
5996
1359
7094
7504
4975
8778
1848
3525
4894
718
5915
2805
5778
5252
9164
2603
3108
8170
8036
6826
7425
5740
4670
2005
8696
6501
1450
2044
3395
305
508
