4201
1693
1050
4226
9655
8644
116
8705
7793
5754
6109
7108
4199
6301
9187
9377
1586
3572
6102
4449
6265
5057
4693
75
3036
1753
1101
4387
4518
796
1236
8922
2701
9230
7565
8436
5558
1620
5865
3592
6613
4774
7168
9645
6970
1643
2153
3582
943
730
232
491
6892
6661
6524
9143
6999
975
1189
7902
7542
5728
4186
6997
4518
7186
4407
4969
8735
750
3819
9966
7707
2509
7835
1491
7888
5047
3105
1392
9600
7519
3444
3787
563
744
2029
6039
2705
8421
1437
4582
430
7962
6050
885
587
170
5127
9783
7236
7184
4846
192
6911
265
2783
4383
8826
5033
1254
1951
7870
9797
8301
23
2283
398
6433
3773
5156
8367
2263
314
9313
9236
9535
9744
6459
6950
904
7718
9920
3321
4156
2416
2672
3252
6876
297
7960
7646
7213
7672
7166
9485
6712
633
9661
6026
8601
188
3737
1354
4626
8868
4920
4531
878
7675
730
3039
7923
1875
4128
3536
2031
4548
5641
5885
7350
9031
3522
6135
5812
7510
1153
4591
3148
9828
2523
8902
83
432
8348
715
3980
8565
8694
5287
7496
8140
2373
9201
9567
4921
9723
5337
3543
