5559
2823
3998
4157
4560
4878
4170
530
7454
9915
5269
2893
9621
4830
1848
4513
3785
745
3710
1709
6219
7477
3057
9918
8573
6641
6996
9151
5758
7871
6059
7311
637
1708
2116
1105
80
5219
9586
7711
9336
8045
4663
7871
7858
6602
3830
4180
22
1073
6151
3741
3636
3002
940
8081
9765
4080
5583
7919
7881
5019
4772
9582
3856
7958
2255
7913
2714
743
4432
8565
1158
5998
2372
8173
2814
5185
2059
1971
2810
2816
9128
4684
1720
2317
3674
7635
767
4034
1339
5999
9636
1667
9829
4316
3273
5080
4015
9900
4346
5917
1465
9279
6640
7586
2583
7638
629
2766
5267
4580
2021
3612
5108
5064
5891
87
7862
1539
4284
4620
7146
8680
9404
8432
8928
9491
6168
8056
4900
7734
1170
2158
7624
6893
1350
9849
8043
4134
9734
6036
7005
8000
8766
6759
3978
6024
6558
4764
8425
3185
7217
2476
5616
9726
8771
2785
9875
8208
8657
3092
1469
2573
7866
7532
3410
9862
5987
8215
3713
6041
2043
3728
1804
8247
7614
9145
9913
2645
4454
2904
2932
1403
9630
1714
516
8693
6542
7897
8122
8565
9974
9835
5476
6641
4566
4432
134
1234
3348
4116
36
8342
1051
2383
1142
3489
671
7368
2112
9625
2872
7229
3753
5753
159
65
2942
6151
7016
4716
3319
8089
93
5148
6067
2207
8252
5163
3680
3181
9011
8679
9296
338
2867
4589
352
7246
572
7026
8021
9174
5785
8496
5693
2744
6082
9722
6482
4501
1489
3982
4218
8631
796
1947
8249
5902
6315
8934
5237
5508
3687
8930
614
4193
7933
3415
2886
5569
9713
5695
5579
9989
6695
4145
2304
1596
9455
3323
6125
8529
8680
9179
1691
5029
4461
664
9542
919
6340
4450
931
1637
1789
2513
5486
6854
7882
1499
4810
2666
6835
912
4788
5794
8402
4228
1936
6650
9642
6652
6446
2992
2809
6707
6827
4507
7239
5585
9732
7269
3873
1966
9229
5262
4764
3942
8200
4181
8658
5449
3714
7955
8513
3458
1694
7767
4391
5897
6626
232
8727
2891
1277
9687
8003
7938
8827
5081
5685
979
9615
2297
1767
7541
8793
4868
1683
9525
1029
4459
6028
7754
7992
4193
2938
8491
4479
9350
5013
9060
116
1341
8958
9499
8541
981
689
9541
7259
6826
5114
3118
8496
7679
5834
1417
6188
971
4665
6825
6083
4865
4868
2166
4203
972
4899
7083
6748
9512
3459
9477
67
6625
863
8273
3338
2267
8999
7811
4179
2142
2266
4203
9345
2909
9258
312
8358
1521
2303
3507
4685
8188
2976
5250
6473
6792
5296
7569
6082
3605
2792
7747
3366
5637
3051
1871
6816
7560
8078
3920
1972
6853
2645
3941
2599
665
2821
1293
1714
4586
8724
5227
7209
9952
4792
1878
3648
5612
1800
6546
6971
1430
1729
573
9349
4518
836
3708
9858
7387
3496
798
3442
8382
1534
7831
5542
9034
2650
5808
3970
4002
5855
1495
4880
7565
538
3414
844
1173
8222
1203
5760
1532
6949
542
5123
2072
4592
8081
9828
9113
1435
4326
1089
7926
1784
8826
8417
6960
6335
4614
2962
5992
2575
2968
5575
233
5692
1784
3980
7422
2863
8685
9165
2293
5037
1910
1433
992
2707
3470
4441
4569
5979
4857
2566
1528
405
6954
5780
1711
4996
3884
4837
3607
8241
9768
8956
3980
4967
4889
6380
2808
4100
2406
6250
2750
5161
8796
2889
9874
7393
7425
4252
2865
172
8393
12
7718
402
4046
9828
8738
6003
2269
2425
8978
3847
5557
4052
5269
2954
7453
6024
7817
7090
1633
468
3573
8607
9815
6366
1609
4064
5906
4318
7571
9631
1972
3434
9847
9756
1238
3577
920
5061
7642
6805
1831
9980
7271
8903
9604
4744
7620
6920
9940
1400
6434
5774
8539
7924
6438
9110
586
7679
8219
4673
97
7951
4854
9347
1874
2122
4204
5512
1715
3875
5104
2756
9448
4827
8637
3593
1336
912
6762
6864
6444
8986
4377
6170
3196
6197
4894
1923
3318
2127
2991
3240
6842
2968
6708
3880
5125
7924
7028
7481
540
2107
5204
6065
6296
3678
6326
3711
9287
2844
7774
9674
917
1354
8228
1110
3573
8684
6150
5676
7227
2281
2194
9588
883
1863
5913
6479
8119
4756
8467
3411
3883
9281
6323
4337
3782
8312
9873
9517
9870
1183
2635
473
4352
3317
2323
5487
4739
5597
307
6441
1773
1352
253
8259
9912
5616
5181
4433
7764
9847
5591
4530
4376
4362
5790
1636
5031
3891
7328
5260
8810
6632
5805
6044
9645
1721
5235
7566
9539
426
1739
2522
4449
2026
1638
2531
9027
8064
4425
8166
3131
5440
1753
23
5591
8104
6096
9990
7526
687
456
848
8269
5046
7631
5141
5546
4208
8613
8190
380
7614
4894
7338
8107
3069
80
2350
2724
3259
2608
6967
9466
9162
2128
3369
4879
5782
453
1540
5624
5245
40
8851
9970
890
4253
9403
4394
6496
6984
4818
9450
6234
7785
5517
546
4414
1915
2521
8023
3746
7265
4266
8078
3489
1382
9106
2918
4261
261
9764
3755
7072
2566
5135
7574
6042
7368
7217
8816
677
7955
6227
6274
7789
7516
3231
1377
6611
2823
464
3866
7932
3517
1878
7979
5773
772
6481
9507
5146
6485
133
6235
7220
1063
2377
3667
2649
7943
4504
7046
4698
3704
7345
5790
1037
7992
289
5972
8150
7729
6306
1438
9796
5897
5822
3555
687
7156
1800
5269
887
7709
3670
4192
7822
9992
9054
6726
5139
9563
8727
8668
8318
3418
9168
4227
6171
6087
6942
7781
483
508
1356
7416
178
8694
6438
1322
5240
8821
2980
5493
6142
9235
6158
6988
34
3153
7968
1044
8937
3563
833
8587
9002
7638
3119
6378
6729
1595
7384
4599
213
4019
4785
378
6352
6254
4014
9128
3554
7732
1485
6317
6583
3234
2525
9083
7259
2179
4192
3018
8119
5897
8843
6920
9675
2769
8414
2539
5574
60
4592
3644
1437
8381
5279
2122
4449
5780
635
3780
9138
8840
7490
1205
2077
4515
2003
5767
5112
4036
9118
4549
7403
4366
6479
4316
5175
7864
703
3583
7840
1475
3553
3493
3139
7840
4880
8202
7954
403
4634
1479
1543
412
3879
9279
8407
7638
4843
5159
765
2646
7426
1538
942
43
6241
7070
1901
963
6946
6584
5076
7052
5940
7663
5286
3996
8065
4237
9635
3801
7813
4709
9401
7638
3006
6991
486
7200
5909
7537
3021
5544
2817
5193
4048
2015
2551
3096
1598
7809
6300
6991
3456
8049
6402
4491
4471
6216
3993
4410
9572
606
5524
6964
4832
2717
2136
3303
7036
9250
6583
4701
5054
9409
3563
9532
4235
746
3614
3270
1444
4969
2638
1825
7500
821
1252
1352
1235
8515
2519
4270
3206
1498
7964
2415
20
5852
361
1331
9879
9248
6059
2348
1225
1599
1937
4047
4486
6870
255
3725
2601
723
2965
4603
7967
3698
9463
4011
1464
783
2067
8521
6731
2313
1495
3555
1445
1147
9512
8382
385
2282
3390
2196
8910
290
599
5901
8883
7204
6866
4365
8259
8794
1668
2482
8532
3360
4447
6321
6389
6349
9867
9096
7180
7537
5617
8912
104
8382
2602
3338
7358
1873
3339
319
7332
769
5693
7677
3099
3562
5127
4259
3917
7702
262
7937
644
9012
5022
8084
6699
3191
1993
4035
2415
4294
5015
1372
4673
1686
5796
501
4602
3528
7007
6386
5454
1349
5150
7763
7667
6770
3222
2826
1222
5607
5178
9478
7275
7679
8267
1092
3359
4518
6638
4167
9879
9303
7903
3038
5753
4320
3004
1412
7765
4625
9657
388
695
3876
2482
9295
3862
7258
416
9929
9968
9166
2813
6808
9115
5537
4097
6993
3419
4704
7142
83
6889
2840
6506
6150
3446
2111
2010
3347
3765
1810
5061
6596
5949
4789
8782
3398
5197
8971
7230
6100
4102
6708
4198
713
6490
1094
3922
215
222
6011
7992
3060
7483
9574
3499
7855
7369
6332
5849
1750
5248
7068
6164
8158
4105
6216
858
4325
6755
698
1795
4447
7474
1041
5981
181
8641
5793
9660
2351
8188
1794
3124
7753
3817
2000
9113
6375
1290
927
6028
8865
3122
5479
851
7033
543
6039
6608
273
236
9597
3460
9524
4216
3545
5586
6441
3592
3317
9213
1576
6671
3498
3561
3454
3944
8410
4341
2104
7103
4483
3034
5828
4669
2930
1325
1994
189
8947
9637
2602
9185
9386
2115
8591
8334
3600
3537
272
6413
2671
2782
7972
1713
4452
2193
9624
1917
7397
3088
2133
1698
4503
3170
5752
6562
7631
4854
1285
2220
3592
6252
4644
3680
6611
2391
7285
1383
4970
5119
344
4873
4068
5690
4431
1700
5062
4115
217
736
1700
76
2791
5859
7504
904
4681
6216
6362
2029
702
8746
2251
8052
2821
6419
8137
4292
5101
2060
4908
8240
6947
2278
2744
7260
7629
8812
8738
4052
1499
3516
4636
548
519
3515
3460
8785
6176
5707
7709
1068
5020
2940
4416
1598
2621
6016
2869
8012
3562
769
9013
8157
5828
3460
3128
513
3114
243
3274
5869
7478
2309
529
7185
4109
1703
7533
9306
2959
9352
8115
9394
4351
3839
3219
4006
7861
1146
4639
1612
5943
726
489
729
4503
6478
4720
7058
386
2947
5671
5932
2432
1840
3590
2710
2411
7230
7488
917
8483
3562
5052
4210
2654
9618
3806
1988
240
9122
2651
1968
5604
1662
9926
6752
1820
9799
2682
7630
6982
474
8920
12
3680
2183
6961
2510
249
508
1595
630
3657
3721
3129
2380
5673
6279
8075
4885
2672
2731
6818
1264
295
3702
327
770
1913
6837
890
2612
4548
9857
3935
8009
4642
5040
529
471
2656
1295
1739
9731
7526
2020
8310
1883
8533
7545
1079
5541
1723
7797
4958
4251
3655
7655
9716
9978
1855
6191
597
3411
9618
8983
6082
3800
9785
5119
7738
632
5749
7604
2228
1377
991
7087
3737
8275
5392
8444
2237
4368
5758
5349
888
6751
4899
9684
4354
6986
5324
551
8615
6465
698
8328
113
8543
5938
4510
2097
3413
9807
446
9791
4118
5568
3580
3259
6567
3918
1441
4585
3411
3953
6228
7652
4268
8094
9331
8900
101
765
751
5307
5198
8989
5763
679
2663
6974
5194
2337
881
6346
8823
4561
5312
5558
6769
1182
1319
6425
7786
3068
3883
5965
5204
2511
4469
675
5844
448
6606
5609
1996
2648
9055
5138
4593
5129
9805
2901
595
9593
8724
9104
3703
7064
5129
1667
2340
8710
1325
8148
7581
3676
2979
7683
1424
9232
3784
3251
6210
1988
1130
4745
5730
5272
4350
6175
5505
173
964
1639
1377
8417
5829
8192
4344
4779
2261
8140
7381
2801
8335
7133
9123
8458
8028
8319
9669
1372
3713
5360
1345
6553
6690
8607
8463
3978
3373
8431
2713
8954
6161
2166
7745
9685
6771
9163
7846
4786
3338
6645
6970
5644
5870
3408
3652
3996
5622
7272
7244
6030
6506
4133
6459
5604
294
4823
1727
7222
9729
365
1405
3830
5426
8427
6639
6168
9387
9437
1686
8864
472
4883
8033
7068
8389
5700
683
3282
4954
4466
8356
6101
1187
6683
2447
2028
5706
2141
9391
1947
7436
624
5056
2972
5240
3140
218
7442
6768
7483
4608
6184
5585
8379
5558
1623
6099
9391
7214
4593
4140
8444
2267
5263
2009
5304
2642
8743
5979
4611
461
7246
46
9738
1428
9847
9826
5060
1827
5249
5482
3240
6513
7470
9857
2171
515
2808
1124
823
5928
6315
4927
4797
7807
8991
8357
9792
962
9936
498
1475
1463
2157
7021
7362
6138
5846
6951
5710
1796
1038
7563
1965
9111
900
1931
4796
5405
9838
4788
9834
7618
5156
8682
4146
2319
5249
1931
2436
1490
34
4097
1891
4751
4006
1777
4356
448
2495
6033
4669
5856
5414
9026
4889
8751
2961
5685
6907
7060
3560
4386
1124
5147
663
3857
6306
3474
2875
5043
888
3914
4515
4219
1762
6940
5671
7214
5105
9122
7574
4347
2910
3804
119
3977
2203
6129
3793
5394
9357
9564
5024
5375
7929
5647
2973
6743
4087
149
5470
881
7573
7452
5144
754
1341
1194
7264
7948
3080
5747
580
7784
9485
9213
1476
7319
5028
6686
1653
177
9681
7480
5685
1324
8890
9139
6290
6115
3967
8927
3126
4955
3652
6693
6773
5458
8659
9364
2636
1008
8864
5844
2314
3609
8984
7240
5890
8716
4170
5653
1714
7401
8495
5292
1200
93
1766
3820
1863
2202
4904
1148
3981
4152
2620
5624
4132
2792
2439
6018
8659
5663
4050
644
1313
3836
5166
2076
2340
1650
3248
7573
1944
8314
7213
5725
6460
8359
5492
6680
3692
4839
7500
433
6104
7715
1863
8162
988
3359
3108
3097
6277
8152
6993
6050
3350
7850
3979
7363
4926
9689
1480
213
8953
7331
9204
5666
6939
6894
9163
5772
7299
5758
2326
3820
8162
3616
4540
3597
1973
7003
1087
8980
8541
151
1296
3792
1320
1162
2375
8609
4380
8129
1754
4002
3359
7287
1480
8773
8511
6196
1223
4093
4196
7335
5797
519
5826
3172
7888
9734
3310
382
5389
7923
8601
2499
1672
8802
6034
5412
4346
5777
4519
554
1392
9170
4004
8323
461
875
2136
5767
5085
5777
5780
6994
4784
1206
4353
777
7965
8147
3274
2640
5299
3998
2739
3830
5400
859
5615
2677
2738
3099
1849
5446
9574
3642
5943
6627
6514
7502
2711
7012
7598
7543
5296
9612
2143
1607
7715
465
4449
5257
7446
6198
2502
1878
5254
7394
6431
173
2922
9601
5260
9458
3028
1986
3927
333
7420
1142
5262
7726
4262
462
5435
6261
5042
7755
8701
3126
1687
3793
3144
5149
8228
7480
5652
5651
2943
7695
8387
8549
195
6341
4580
3110
1751
8139
4514
3309
5685
1809
4187
6573
5203
6722
995
6983
762
6241
6836
7499
8692
3305
8485
9129
6456
111
1229
5547
6333
8276
7390
9725
2755
6712
7530
7920
5882
2325
4510
6903
3241
5391
7441
9878
9605
6571
9945
1505
6485
8668
4888
6702
858
888
9857
6890
7855
5450
6653
1639
6909
8966
6976
7409
4418
4462
3818
8490
9191
3074
1101
8437
1730
9933
4257
3300
5863
8607
9523
9885
166
9723
9062
7664
3387
688
8866
1867
6855
640
65
432
5672
2871
9993
4274
8415
32
5459
5143
2753
1454
2313
3410
7567
6451
4971
925
6630
6556
1026
9247
5926
6767
1473
7185
9904
9311
4021
3730
5596
1951
1635
8551
3009
668
2764
8858
9939
9983
4884
5831
3147
4380
7132
8711
7410
5652
97
6935
5716
7940
5236
299
9614
817
4505
8904
1398
2807
4370
9104
6010
1729
9547
802
9819
3762
400
6898
3686
6113
986
6646
1671
5194
6100
1546
9635
2761
9775
4252
9213
7085
8013
7655
6714
1335
8936
2192
6163
3860
7460
7131
5613
5780
9821
1417
4833
6330
8891
3647
5251
3198
3249
9603
6954
8589
8627
4419
4716
2959
9268
8636
3031
118
9890
8924
3716
1891
4087
8484
4826
8208
735
9826
8652
3854
1033
5891
5373
4682
6713
3305
3870
6128
9000
6015
3836
8410
701
8124
2707
4516
7475
3204
4591
8824
4100
5494
5889
896
7701
2941
2242
407
8820
7042
2462
3422
951
3100
7555
2736
9046
34
6245
5962
4766
6903
1117
3875
5087
5306
1190
5963
5776
309
733
7531
5234
9827
9754
5538
1
4476
6981
3771
1063
3462
7307
1958
3553
414
7459
7600
568
9971
5470
7441
6958
8628
4058
7196
4377
2014
5809
2395
1751
6278
4631
8511
6309
4931
8188
1123
3346
2016
2734
4569
3052
2473
4899
1303
9595
9158
321
4673
7846
3589
5394
5804
4839
3291
572
6605
5769
2557
1161
7987
8667
4586
2020
4784
8830
8796
5649
8622
2225
6335
4254
8551
7236
901
4388
4484
3729
2754
7600
5219
1692
1135
4548
8161
884
8826
3672
3017
4358
1583
5353
788
855
4747
5901
8466
453
115
2472
799
3509
1699
2447
1511
9334
6842
8568
3937
8903
6088
2875
3015
4956
5941
6294
7532
37
3858
3899
4
5124
2632
4264
642
982
3466
7695
2488
4999
5922
4031
3614
281
6801
1709
9992
8688
3037
8827
4041
257
9734
4114
8269
8707
2338
5831
4913
8452
8369
8428
6594
6215
2468
5675
877
7435
1805
529
5868
9146
6080
8937
2980
2057
9261
2733
8155
4232
6302
8844
7000
5031
9858
9746
5389
8517
5994
1934
8643
7634
2782
4036
6630
7494
7437
7399
7812
1126
832
2557
6882
2508
2958
4895
4177
796
1133
6212
9445
9604
7676
681
2150
9525
1427
1562
6357
2722
285
2359
1441
9870
1885
8233
6364
2043
2307
5485
4619
1862
4920
7028
3400
3745
1961
4492
2072
4962
5568
4593
7383
9781
2488
9039
9957
2100
1885
7105
6066
5874
1041
5090
840
8472
1116
7011
622
4725
8530
2134
8489
5648
1592
7583
4683
647
7281
8405
7563
6935
9489
1394
7153
5692
4975
1659
7382
2846
8275
4264
158
5201
9418
8745
820
9829
6187
4927
2628
4949
3869
7347
6432
3434
6103
1735
8188
4905
4355
9310
4818
3480
9541
9131
6385
9647
7937
5148
3496
9456
9629
7776
6449
4266
1976
3287
6229
2847
6762
4853
4459
2354
5776
2613
3065
2141
4962
3719
9588
3240
3470
2476
8490
8965
9445
6677
5659
287
2359
1173
1892
1039
1430
3172
5320
6092
898
2166
1458
2816
5506
5341
8142
9501
4850
2464
7704
6928
6065
4243
4685
4218
5560
256
5986
7152
9285
7483
4820
5298
7627
5942
487
5589
2961
3420
923
2603
7293
6972
1243
2796
2260
6772
7733
8129
4334
8989
4115
6981
8973
8731
4221
8116
6488
7674
5478
1173
7185
8167
6807
3415
7345
6159
5188
9564
4853
2553
6540
1429
1540
5100
9634
9092
3000
1889
1957
8788
2523
7857
2818
296
3368
7838
6325
8896
1720
2371
9100
5286
7942
9750
5418
9125
165
7828
5450
6100
1584
8169
3275
1781
2449
2685
5440
3872
9097
5128
5116
4599
5717
6690
8650
9328
5349
6511
46
9506
9834
6291
7843
2481
3452
1253
3487
1790
9682
508
8926
5171
6438
5856
7204
4353
4581
1037
7847
682
2398
2452
9799
6591
7255
4501
9569
1251
1099
6089
3776
3654
7781
5943
6266
5292
325
794
8328
1195
9197
3650
4190
8588
6201
9944
8160
9860
9485
4296
4747
4311
8663
9364
7108
7381
6492
1252
5226
8950
1683
2235
690
3593
6731
5272
7390
495
9589
1912
4028
3787
2708
6651
1485
8747
8262
1210
389
7311
6341
9709
1766
6803
1341
9464
4990
8417
8834
8885
8799
9073
5568
9377
9511
6961
2960
597
1856
929
2553
7664
270
7573
267
960
1602
2012
7879
8361
9118
5282
862
7914
2609
1974
469
3886
2251
7266
281
8973
1660
703
3113
4955
8218
3330
7139
4523
5787
7665
9354
9460
4757
8676
9438
4192
6535
381
7861
2978
538
473
9767
3516
8210
7653
6768
7536
6492
9073
8346
4589
648
3580
6003
9567
4460
5312
2741
8272
4872
3355
2574
1452
5928
1402
3157
3932
2536
6277
7351
1869
9404
7303
8435
1187
936
9596
6744
565
6561
9603
8031
6713
9319
4764
8811
1177
2673
9870
9731
1223
7639
9589
8105
7182
7899
8314
7588
6808
4496
2836
4999
214
1722
6476
5184
3345
5144
4816
8630
4864
8567
2175
1710
5269
5324
5860
2133
1163
2590
1979
1259
2665
6545
6127
4229
9815
9197
1252
3288
2622
2007
9936
6069
3725
4603
7816
4991
2843
9580
5466
6032
7856
1240
4867
2656
5464
7879
2836
1857
2038
6180
6424
4217
2516
1577
2333
3668
5595
2246
5369
4147
3892
1527
6008
2856
8630
6106
7984
665
7508
868
9290
1583
7123
5946
3402
1425
1678
3470
8765
1935
6361
9395
1249
6441
5582
5719
3552
2148
2269
4147
9396
596
4210
1318
2140
6329
5232
2010
4025
9357
9894
2170
4348
1169
6890
4841
7093
6569
8174
908
1989
2124
3480
3433
7786
4496
277
9566
7274
2911
2553
5836
8395
3360
1472
8694
7372
5805
3806
7073
6193
9668
9445
9407
2040
4190
5046
79
9551
741
8625
6982
3973
1361
2158
7272
7115
777
3532
7644
6051
5665
4736
1114
6804
4058
3774
988
9697
8196
7468
1288
2763
1101
4715
2320
2678
4073
1393
3595
9449
198
14
6532
4286
5570
1863
7034
1202
4199
1578
6595
2272
6162
1021
527
4932
8330
2603
7982
416
4058
382
1355
3272
7336
4219
2871
6646
9837
4593
3042
9383
9936
8194
5853
5650
8203
6827
1234
2194
6740
9785
5497
6617
873
9015
6601
80
4187
7388
4347
1469
3410
3179
5391
9816
8659
3260
6949
1351
8991
387
1365
9606
8535
7211
2336
7968
5168
4876
6729
1502
1369
5787
3675
4272
4884
4737
2399
8320
7617
2791
2459
2448
245
1572
5973
6756
2802
6036
6991
4943
9878
9882
3202
6353
8420
5891
8081
3661
6679
8633
4911
9310
659
2844
100
7623
9504
1118
4931
3921
860
8628
3733
6200
7928
8916
9360
6963
1238
5579
5165
9131
7885
1785
1624
1486
2584
7322
5852
8993
6656
8738
1641
8983
7879
3148
1789
7400
1471
8350
7252
1683
1105
3069
4082
1249
6148
7002
8424
9503
6530
1118
2423
1100
3468
5780
1425
8873
1220
8614
5038
2181
5265
5938
7265
2122
6987
4750
8321
4780
7126
1959
5491
2887
8327
3481
8026
4815
7702
374
5337
5582
8897
6349
2462
5538
6315
541
5515
2099
1722
2916
6180
2857
3311
5070
6417
5166
5804
1960
4262
1398
8680
3644
2376
4571
5626
9535
2772
9986
7753
6609
1170
845
3276
9456
3284
8916
3476
1726
5807
6446
9234
6222
3057
4210
5779
2634
9575
3256
7063
2859
9010
5742
6112
3939
6901
5252
3972
7891
9911
6779
7768
5529
4345
5112
1745
5334
9581
3855
1785
7501
1690
4078
6153
7816
2164
2458
587
8165
8791
2992
9959
9515
2922
4894
7599
5428
4733
9337
2554
8031
4943
5585
1814
9027
8677
3705
1877
7944
2465
444
3052
5720
1470
9562
1169
4932
9589
8295
1775
4442
4665
5807
9099
6919
6820
8252
2606
9451
7513
6317
601
244
1301
3754
2557
6104
2263
7125
9138
8458
581
2643
5700
8347
9939
4238
8045
3360
3724
2666
5839
6437
7561
8111
3366
9136
6485
4895
2207
425
1099
2425
430
6147
9843
2808
4419
7716
7004
5065
2669
2463
9157
3316
3861
2022
106
752
6979
2581
207
9245
5726
4846
478
4163
2682
3189
388
3421
9618
7367
4918
8713
7359
8155
2212
9553
8503
7131
9819
328
6356
8659
9997
3375
7280
4245
4250
1344
9030
5733
7915
9625
217
1853
6699
5583
5669
5679
126
1230
7328
3583
5446
5301
7545
443
5957
5705
9809
553
2248
9848
2761
9878
2889
7067
4849
7102
6883
8437
8938
9044
4391
3885
9451
5292
8496
5505
1456
6628
3883
2824
7005
8589
3000
2772
3213
4695
5830
6836
8287
8544
1534
8477
3485
8067
6864
338
8964
9631
733
8566
8795
1688
2291
8284
9192
1560
5850
2252
1947
451
4249
3180
6669
9423
2843
4172
6878
116
3854
154
1271
47
149
394
7509
5913
399
1384
8428
8157
6541
1824
5894
5317
4028
5316
6298
4716
3580
1652
8845
3578
4889
7836
4294
8353
1807
4061
5224
2692
3459
8847
5777
579
7294
8748
1539
1896
774
3278
1161
4465
3824
3789
3909
2424
7286
1351
5395
7527
7873
2162
6535
2202
1309
7693
5157
2312
6099
9156
4106
6338
6160
5736
4697
7694
6047
5315
8022
5280
3776
4402
3941
302
491
4379
9754
1099
3926
1869
1067
455
8666
7696
4818
1297
2311
3575
9270
9601
3590
9226
5796
1617
9172
4822
8305
8087
9091
6215
6377
1971
3329
114
3751
3471
8220
6233
1711
6929
7939
4058
8386
4229
8089
3650
7672
8463
917
3400
5382
2471
6044
8421
1689
4549
8605
2323
1130
5668
6073
1666
2007
7710
5492
9096
7126
8551
3945
1347
3076
6078
1864
2340
1662
9532
840
1566
3528
5521
7150
9841
7169
5691
833
3905
5926
4908
8424
9201
4865
5896
5103
6042
855
6272
2050
675
8737
8992
6523
9120
4518
9570
323
9303
607
3703
6759
2157
3709
7038
8795
5608
8517
6231
4496
6316
6877
1586
3169
2218
126
4744
6481
7179
975
5821
1485
5389
7481
164
2829
4535
8998
8029
5323
7599
5367
1529
3297
2222
8149
6267
5491
7827
7101
9494
7524
4623
1775
5734
3798
7151
5823
4305
8993
9773
3088
3144
8328
4786
2218
1369
4676
3544
4209
4259
6610
488
908
6896
949
5347
8288
947
4068
3859
9252
8654
78
1480
8296
6861
3613
1747
6366
5677
8712
4692
9035
5549
4511
2223
3201
8511
3
6779
1590
1946
3617
2842
2884
7036
3715
4878
4784
8450
8862
4875
236
5134
521
4434
3066
6847
6490
5357
7755
2929
7178
8532
5546
1917
1452
5358
2385
8726
2146
9777
943
7289
2269
7305
5037
7235
8596
1259
3145
8734
6962
7915
6814
3837
4455
3901
5028
76
9157
6353
2021
4646
9023
8661
4768
5085
7296
966
5584
8357
2492
6058
6304
9085
3931
2947
2865
3215
9396
5830
8251
5230
2211
9021
5966
9263
1717
1709
7461
7550
330
2309
9569
5792
7755
6297
8265
3607
2537
9952
9939
7629
5674
4788
6241
903
1611
7729
9905
1508
1036
1812
680
3326
8102
6790
2434
2
2694
5504
3367
5586
3505
8034
8027
183
6489
511
1329
7634
4682
9257
678
9444
5891
622
9555
7423
2779
5062
7652
3988
1804
5953
6513
8517
1628
6242
7690
964
3863
8262
912
7032
6584
4352
4124
7640
6761
6057
4414
1099
6399
2270
6825
1778
1133
1235
7435
7480
7235
5011
7223
7632
7852
9379
3782
7551
1520
9509
8554
247
2821
364
3770
6419
8345
3645
2860
1538
6497
1914
661
6721
648
6552
7589
9533
9128
4735
7383
393
8807
210
3729
8852
1039
3280
9180
7204
569
6572
6120
7252
7502
4167
8278
6034
8500
405
3433
7487
8374
5896
982
5320
4349
501
6983
1299
1790
4249
8423
6785
2125
8161
1439
2611
6635
4918
5380
5064
4465
5656
969
9924
5794
3409
9218
6481
8274
1555
1033
8722
1301
9896
2019
2910
9227
8408
4503
537
6296
7880
5414
6320
8149
9335
5126
9341
2727
5666
9398
3581
5025
8368
3022
2718
4927
1057
9526
939
1282
502
3024
235
3215
9701
5483
2229
6142
8529
3383
8226
415
4842
8767
6585
241
4648
1775
6459
8282
9876
3754
2607
2156
7451
3697
2933
6873
9300
7983
8170
8882
3563
9255
5794
4855
5179
3105
8448
3852
2897
3199
4198
2283
1172
3166
182
9600
6436
2476
278
9281
3066
2656
1405
6747
417
8078
5763
6003
2550
5355
6841
545
5213
9343
6851
5587
2973
1730
5062
1543
3327
2607
5385
6677
9556
324
984
4284
3514
3332
437
6823
7704
8888
5815
906
7849
9047
4438
7100
7341
2444
1301
7541
6358
3652
7070
1828
6315
4595
6627
4706
7414
8735
5954
459
7271
4728
7191
92
7094
1478
2489
9217
4918
17
2840
6325
3527
5944
7738
3925
7291
7961
4202
882
1305
7843
319
5903
3254
9156
7969
8919
6704
5730
9409
8969
2933
5356
3635
3120
1855
4345
6
5862
9955
2084
2623
6340
811
745
8300
370
6857
2701
7414
9452
4533
5071
9154
9427
4409
1287
6838
7937
3509
3569
2513
9187
608
3870
3391
8171
2308
4617
2070
2946
7955
8339
927
9221
5220
3978
5091
2508
855
7598
2062
4002
8316
9957
4436
7861
6201
4208
8711
567
7506
2068
2353
6386
9570
3436
5732
6940
7353
128
8062
2240
631
4468
1496
6193
4144
9933
4207
430
6195
4329
7082
5910
1506
8510
871
650
9434
5530
1970
8100
5905
1502
5440
5887
5986
4541
9650
1783
8246
8150
5155
727
9536
9822
3371
3847
8460
8243
3716
6267
1
8281
4371
3176
4986
6442
4879
1060
2564
5081
7506
1822
8157
9962
6334
9128
9027
5609
206
9603
283
2423
2184
8044
9174
6354
6374
1684
5138
7023
2189
1191
1813
5702
8098
7624
7131
2263
900
9544
9661
8589
9219
3164
644
3332
2569
9574
3487
4243
4819
2850
8036
4113
5984
7578
6096
6326
4002
8631
67
3195
5921
5541
2891
6315
9
2455
1863
8710
1997
6764
4709
662
9941
1693
3204
9020
7400
5841
3785
6800
8196
895
2203
9338
3154
7700
9718
520
1527
804
8261
2269
9476
6466
2668
3677
272
4328
3323
113
7710
4777
2245
8055
8141
7373
4171
4291
4373
7076
8926
8161
4845
3267
4998
5025
3337
3553
3160
2308
2737
1342
7183
1193
8503
2439
1186
3475
9025
9526
8747
3072
2517
3671
9089
3419
8650
4147
1197
5781
3529
5426
6146
4450
1877
99
7423
6208
1467
7642
339
6719
1167
1015
7376
6367
7593
1052
9552
5702
6187
695
5266
4847
8328
5854
5644
1174
4177
1579
6375
9190
2355
7379
8778
7310
5195
2732
9315
8403
5016
4977
2007
1382
9186
2028
1904
1501
6294
2722
5825
7598
4595
5494
9593
2834
160
1299
6121
6023
4455
6249
2031
9887
1267
1149
4363
3787
2236
66
1171
4860
1736
1149
686
1210
8687
3884
5661
6300
3949
4142
4879
1455
5754
8777
4594
6861
7786
5944
7149
3896
6611
3291
3947
8766
2945
2120
114
8036
7665
8116
9264
6228
1550
964
5861
3445
4808
8383
4146
6276
5637
9821
2074
313
1370
576
4133
2490
6554
7502
6001
6292
2916
7275
8249
8445
7202
1919
8264
6567
3769
7624
8634
5832
4877
8650
9905
4789
2915
1149
2052
9402
1798
873
8258
6789
1217
3633
7396
2369
7986
7623
1481
163
2114
2972
3312
4275
2715
7415
6243
2889
119
7578
2506
8013
1186
6241
5435
2719
671
9344
9574
5405
5449
6599
4493
2043
9016
1459
7228
3568
4522
5894
8581
6146
6142
8471
3718
1905
5337
5629
2073
5499
4905
9162
9283
4219
8366
245
5602
4975
8198
4676
1698
8641
8048
6076
4713
5515
8478
1269
5259
1255
187
2674
8367
4224
8997
6360
1870
2715
2523
3530
7381
5041
7270
4074
500
6286
7316
274
3676
8770
5856
2252
5370
9845
4195
9939
8097
66
3757
8203
3427
4068
370
817
5312
2230
795
5058
5222
2005
8374
2887
2452
4668
7295
6657
1370
3973
5575
8426
8198
8204
7592
6488
5399
7934
7304
8521
28
9057
8262
1803
8957
4320
102
3313
4670
6453
8762
8269
5491
2258
5051
1671
395
2969
9800
702
2550
7538
8568
4124
4490
5330
4
5223
6476
3882
5418
7377
4926
2274
5029
6165
3742
6570
3929
8132
4565
3982
1986
4917
5211
7306
2935
5940
3152
5920
6092
2430
8134
6602
5971
2490
488
4138
7312
3626
4315
4879
6836
788
1034
1384
3343
3217
7228
8886
7928
3824
9039
1668
6136
8568
5552
3651
8913
7184
2395
4063
2070
555
7789
2988
9243
8323
6303
2539
5676
9604
9258
303
3816
9685
7145
1197
3883
3826
3963
9718
8712
4266
7992
2267
3390
6466
465
7402
6937
6837
5225
128
1231
252
2809
6280
2999
8046
2141
5019
6914
4689
3209
8324
4566
8736
7851
6451
1423
4354
9767
5086
3221
2677
5350
7803
2563
5522
9597
2776
7858
8900
5601
8839
4378
9129
9071
3563
6876
864
8198
5837
1685
8943
2804
4022
1057
9668
