3773
7280
6681
4467
953
298
5554
1984
8529
9534
8266
2441
6217
1760
8432
5900
8767
8158
4623
683
5086
1478
3622
4504
4760
9445
4225
3327
4686
3741
3446
9306
5290
9990
6935
5009
1896
4660
8947
7936
1313
309
8364
848
1555
7327
952
2216
8097
1593
5797
9781
3976
5133
9405
2294
3658
2177
9706
1507
6073
2226
7297
4788
6088
8959
7151
6226
4824
3422
4004
4107
9210
6687
9369
4777
3114
2773
2949
7433
8493
2008
5230
3093
7943
3664
5329
157
585
4641
1350
9719
4954
7439
1863
9087
3012
3575
4760
2595
176
4725
7392
4674
7589
1690
570
7289
5764
4628
9180
884
9227
2272
3014
4064
6996
4204
6845
2424
3630
6993
5641
183
2072
4285
9153
1771
4823
282
1765
9538
8013
353
7257
3767
4616
555
5503
6253
3093
8040
4393
5956
5461
466
491
2681
4424
7798
2091
8807
6730
2335
8965
3182
9083
7208
2602
3304
2536
8799
2465
5481
2862
9641
2870
8873
5015
9246
9448
6440
8700
591
9330
5589
2600
9684
4722
1605
3793
6472
7346
7024
8191
2957
2808
5677
1388
4075
4684
7408
7952
2199
3716
4294
5574
8911
3094
5820
7595
1617
7666
5178
8350
5650
107
6138
3005
3375
581
9398
2485
996
9510
6064
1453
5440
7290
9905
6832
7193
7485
939
4562
2039
8488
6500
6875
5036
15
3689
6590
8902
4010
2175
8805
2168
8674
2540
2849
6669
2672
8013
3493
5285
4922
6955
2688
7651
2841
133
1621
3188
8987
402
4132
6726
615
6310
7162
3607
9263
7968
3360
6892
2807
3582
6986
7335
7259
9284
6766
4749
7056
163
4520
9471
7446
9276
7117
1532
3811
9223
2195
9881
2068
3402
9915
3608
8043
2079
1552
2363
5378
9242
7406
4703
4653
6601
2477
1339
9968
5353
392
3556
3366
6871
6132
8824
5881
4660
9280
1338
9193
5630
9795
39
5773
3478
4823
9405
3667
3378
9292
5180
7732
4403
9371
7814
2756
9817
4818
844
6799
5777
1563
8458
8830
8638
6514
5196
7270
1091
7726
3382
2798
213
3169
9748
9446
7366
8929
1174
1777
3072
7672
6590
6061
5212
5824
8963
7500
8318
6067
6063
9841
8435
4539
3416
4066
1337
1209
7135
6963
9627
2135
2576
5652
5909
2381
7518
1233
9622
8367
5390
887
3644
9066
3726
8104
4973
2396
3617
2814
7551
7696
8952
5023
1662
3540
4363
5674
9753
5681
8109
6157
1794
4211
2150
937
5096
938
151
2831
8305
7730
7877
9950
677
5176
6197
9368
812
5311
9093
8940
7591
4320
9412
1931
3182
7552
3989
2369
8017
1844
1479
3941
258
9233
9093
9433
6916
2789
3008
4035
2244
786
4508
9821
9818
9001
4346
6486
7342
4994
4861
4442
6587
9168
8565
7474
4799
219
7754
7543
6949
7782
4813
6461
6250
3936
9691
1443
6083
6764
2452
8022
2302
5058
6695
6805
9811
9590
2112
4181
3206
7502
5026
3023
6982
7036
7353
1090
667
1618
4633
6696
5035
5465
7086
4462
5972
8047
3570
5882
9310
2902
403
578
2542
6838
2139
1529
2472
1760
7662
5208
8107
3573
4336
9446
2755
1790
9479
9213
6582
8601
776
4464
2130
5755
2987
6837
7972
2233
832
1764
6020
6230
4871
304
7099
4448
480
143
4897
5824
8617
8906
3956
9425
8589
1462
1128
7639
1706
4181
8567
4356
9300
708
2125
5939
8447
6786
3851
5302
3556
238
928
5897
9188
1877
8702
4032
2347
8307
1309
9335
4316
757
9983
1869
507
2705
7166
1524
5708
333
527
6650
3196
1663
6929
4162
8178
1159
6001
3694
6291
9594
2267
8379
7978
8058
237
6712
2760
7096
5291
3398
2871
9232
40
8542
725
256
5431
5741
9619
2327
9594
3223
9711
4277
2701
7525
4947
4539
5854
1187
2305
7615
3044
4722
8490
1604
3891
2449
2468
453
8764
8612
5041
7128
3779
3964
1622
8387
3437
7922
5728
259
4074
3964
0
9044
8668
3701
5357
2711
1765
8220
1241
4104
1093
5256
6187
5317
52
9121
6364
2982
3273
9165
3562
981
8182
2582
498
8736
5902
6559
1102
7932
5459
2046
3540
9079
4722
9445
2935
190
7091
9756
8688
543
7370
936
6035
8522
7776
6304
8335
4316
1557
2746
6985
4908
401
9018
861
6085
3203
6621
6809
5205
7118
3309
8645
9046
1715
7108
595
606
6185
6174
5890
3517
477
3019
3611
7245
6547
1975
959
9597
8223
6786
6374
2712
5060
8632
8677
5703
8584
6850
6987
469
2946
3482
3424
4061
2291
6988
6807
668
5709
7729
8130
5383
6855
3468
4431
7381
5407
3616
9537
1227
5661
7212
6982
332
6934
5932
3985
3083
8430
4892
2022
9334
9187
5420
570
6994
9595
9550
4954
9558
5168
291
3888
494
8655
991
5857
1592
4201
1295
296
4967
7312
5759
4808
5734
6500
3092
7126
6358
3002
3724
2237
816
5707
8796
6195
1434
2897
7436
7786
5856
8661
9979
6059
5370
3323
6488
1676
5943
75
2393
8882
7134
4595
7054
2022
3427
612
4836
494
6502
2423
8595
6555
1444
8053
3071
4786
9859
4795
4422
8694
6764
3509
4439
6306
7333
9700
9437
2410
12
1416
1183
6283
609
4842
5102
6221
8653
6774
2768
822
8061
6942
1284
3433
66
3423
4615
7316
252
1701
1816
1147
5653
3699
2117
3625
155
748
4688
3727
1174
2425
481
5086
1240
2312
5946
6602
2951
6849
6133
3085
2027
3600
632
9821
2225
1006
6239
3909
5085
2121
2158
8310
9599
35
630
6909
2724
1477
6066
7904
2085
9040
9647
5636
6460
6197
2192
7753
7477
8012
4365
3402
5567
8731
9120
2052
3066
2296
1400
9148
4508
779
8642
9053
267
2171
5487
1205
1682
9036
3877
1474
783
8228
999
2987
3953
4996
3360
6027
8814
8486
6432
7072
7755
8755
2743
867
915
8577
3843
428
76
6917
3396
1306
397
593
5369
4289
710
987
6071
8440
4134
2891
2618
7338
7731
6132
8099
8070
8935
5372
334
6021
4346
1570
1298
1511
9428
4619
290
3104
5193
3449
1397
3865
4831
9693
2589
3360
9627
9070
5316
7827
2414
7991
2937
4864
6136
5404
3136
4782
477
5773
1492
4703
6583
7374
6959
8826
9294
3857
4861
6091
697
2966
3246
685
1493
8753
2506
8037
3543
4739
8442
9864
56
2507
3607
6354
8633
6433
5374
4023
1483
5507
2627
9420
1956
6693
7282
7457
2734
3762
4065
5769
4209
9225
7130
9448
4744
2251
3370
7383
2897
5098
1238
5738
7330
1627
4647
4076
3767
604
193
2861
8483
837
4608
5189
339
3826
8728
4800
1470
5049
5303
9780
673
2672
5655
830
5376
4159
1609
6381
3063
7990
1126
6384
4268
6888
2089
329
2046
3206
3689
2129
3569
1204
7286
3371
4617
1940
9108
918
3523
8570
5913
7847
9794
1458
5064
4657
5972
3817
8699
9608
8994
3811
9797
493
9711
8223
920
3451
1736
8399
2754
8264
1360
3174
6211
9469
5386
2284
6213
3435
5050
691
2858
4493
2077
3278
6589
2810
1823
7431
4356
8229
4506
4081
3134
9757
1406
6792
3659
6393
1020
5657
9181
5124
5816
7648
6487
6620
5246
5595
9271
3687
7603
5263
4558
8303
953
5304
8416
6432
1633
8109
1627
4305
4042
4524
3757
7279
40
6454
8063
8594
8624
9819
2415
9392
1509
7733
8676
4428
6791
9969
7563
6228
8160
669
625
9242
9522
4831
8803
6101
8376
7227
4759
2911
4029
4876
1081
1291
3890
9207
6579
8792
7532
677
5062
7784
2848
5165
6793
3219
6627
3988
9640
1664
545
5399
6144
3373
3899
4514
7756
5209
7650
1961
217
1397
5059
9503
5363
6633
6652
7385
537
7583
3389
8771
8695
7483
5606
2840
6394
4357
8037
5583
9473
4388
7586
3095
2365
8630
8732
7708
7391
9375
1451
1370
1142
5571
459
3665
2724
3344
9802
159
6567
9242
3450
2056
8274
1774
6703
8661
7767
1059
8120
3398
7171
2067
2487
5829
3810
1964
7138
6732
7901
8944
9993
1161
6132
2019
7629
3124
7023
1940
116
3049
4555
7877
9015
231
937
5529
4821
591
1926
70
9940
6332
1255
8053
4199
9075
3083
4629
9855
760
6206
3069
2258
7623
9248
2289
5924
6255
4145
3578
1637
5826
942
5070
8842
9293
3051
2255
4891
8280
7143
6546
4806
7830
9003
3661
9905
8078
7819
8554
40
2393
2085
9356
6842
1486
5619
1392
982
8648
9605
8565
6445
8347
8433
4113
5389
6184
9210
4906
6023
828
9738
1574
3617
9659
8263
4428
8620
5587
2383
7845
8435
5591
3538
9243
3741
1586
8227
7356
3673
1658
1272
6243
8675
8577
100
6458
9396
4889
8271
3721
8868
2913
2530
9212
2655
510
5738
7183
3223
1191
2771
5395
6264
1759
130
854
4809
9190
372
3802
7956
1854
1232
4365
9555
3494
2898
5039
9558
1804
5031
3731
7315
8662
8977
5522
3061
4325
6587
3230
5847
1044
4133
2482
8886
5877
9979
6915
8447
9246
1648
205
4516
4468
5764
7014
1680
8164
9657
9161
7611
699
7624
1418
6159
9040
8080
7601
2782
4607
7793
483
2603
7141
7955
6912
7721
8750
5478
3678
3514
5983
6592
312
155
4825
9214
2846
2898
1963
3841
4896
4668
7425
5618
5148
3420
2715
6322
9845
7796
2377
4133
3839
1453
1165
7602
7375
6513
8851
9292
2930
2686
5978
5647
1628
4106
7311
1262
1334
9826
5233
4703
819
766
2897
5814
5178
1523
2806
3491
5006
2427
5632
5881
1136
1849
2753
8859
8990
7223
1839
6332
4046
2670
910
2209
8689
1778
3989
1041
6109
1452
